20 88 3

0 397 234 140 624 441 486 320 585 674 277 474 585 616 261 533 493 170 630 549 
397 0 617 483 363 508 267 591 221 428 306 676 691 699 529 686 273 524 483 587 
234 617 0 460 689 372 485 336 254 586 669 494 482 415 493 430 191 204 158 396 
140 483 460 0 336 459 440 322 266 177 520 362 515 606 363 470 543 218 193 222 
624 363 689 336 0 274 142 549 541 256 637 145 465 487 605 278 221 334 445 633 
441 508 372 459 274 0 525 175 492 248 661 327 171 140 389 167 489 145 101 131 
486 267 485 440 142 525 0 338 681 345 575 659 439 194 266 164 494 241 322 346 
320 591 336 322 549 175 338 0 490 200 271 256 302 119 236 457 420 160 223 477 
585 221 254 266 541 492 681 490 0 260 168 242 270 596 202 162 630 373 617 165 
674 428 586 177 256 248 345 200 260 0 342 286 609 465 133 226 155 287 531 564 
277 306 669 520 637 661 575 271 168 342 0 316 278 337 211 512 403 104 664 520 
474 676 494 362 145 327 659 256 242 286 316 0 430 258 484 230 441 368 335 128 
585 691 482 515 465 171 439 302 270 609 278 430 0 161 657 203 169 591 516 119 
616 699 415 606 487 140 194 119 596 465 337 258 161 0 552 376 355 223 258 696 
261 529 493 363 605 389 266 236 202 133 211 484 657 552 0 244 225 107 302 508 
533 686 430 470 278 167 164 457 162 226 512 230 203 376 244 0 498 548 185 298 
493 273 191 543 221 489 494 420 630 155 403 441 169 355 225 498 0 159 521 672 
170 524 204 218 334 145 241 160 373 287 104 368 591 223 107 548 159 0 294 216 
630 483 158 193 445 101 322 223 617 531 664 335 516 258 302 185 521 294 0 307 
549 587 396 222 633 131 346 477 165 564 520 128 119 696 508 298 672 216 307 0 

0 57 73 63 48 53 57 66 30 40 72 43 28 42 93 20 50 98 58 55 
57 0 22 23 87 43 67 36 75 40 97 51 56 29 45 50 90 30 22 42 
73 22 0 52 28 35 35 96 77 36 38 48 58 35 43 45 87 95 81 35 
63 23 52 0 61 21 36 87 67 98 48 70 44 58 91 28 57 86 97 86 
48 87 28 61 0 87 78 49 52 67 43 93 46 58 47 87 90 62 20 30 
53 43 35 21 87 0 47 82 53 80 26 94 93 97 58 86 34 98 66 92 
57 67 35 36 78 47 0 62 21 74 31 42 37 98 99 94 26 93 95 89 
66 36 96 87 49 82 62 0 33 94 70 74 75 89 93 57 36 80 76 37 
30 75 77 67 52 53 21 33 0 75 96 96 75 50 72 76 23 59 46 63 
40 40 36 98 67 80 74 94 75 0 67 90 30 33 97 98 95 87 30 31 
72 97 38 48 43 26 31 70 96 67 0 84 94 77 83 20 20 92 28 22 
43 51 48 70 93 94 42 74 96 90 84 0 33 87 26 84 45 24 70 83 
28 56 58 44 46 93 37 75 75 30 94 33 0 68 24 94 93 28 45 62 
42 29 35 58 58 97 98 89 50 33 77 87 68 0 59 55 63 80 66 20 
93 45 43 91 47 58 99 93 72 97 83 26 24 59 0 80 92 64 95 56 
20 50 45 28 87 86 94 57 76 98 20 84 94 55 80 0 50 51 73 66 
50 90 87 57 90 34 26 36 23 95 20 45 93 63 92 50 0 68 23 34 
98 30 95 86 62 98 93 80 59 87 92 24 28 80 64 51 68 0 87 73 
58 22 81 97 20 66 95 76 46 30 28 70 45 66 95 73 23 87 0 82 
55 42 35 86 30 92 89 37 63 31 22 83 62 20 56 66 34 73 82 0 

537.0 90.0 1 9
537.0 150.0 1 17
484.0 165.0 1 20
376.0 174.0 1 19
537.0 120.0 2 10
376.0 120.0 2 10
537.0 66.0 2 3
376.0 168.0 2 13
323.0 108.0 2 8
323.0 66.0 2 19
376.0 261.0 3 17
537.0 135.0 3 16
537.0 84.0 3 5
484.0 114.0 3 11
323.0 243.0 3 19
323.0 171.0 4 17
376.0 156.0 4 3
323.0 69.0 4 2
323.0 186.0 5 18
484.0 90.0 5 20
430.0 84.0 5 3
430.0 90.0 5 20
376.0 270.0 5 17
376.0 159.0 6 9
537.0 282.0 6 12
376.0 240.0 6 10
537.0 129.0 6 2
430.0 240.0 6 10
430.0 108.0 7 4
430.0 141.0 7 6
484.0 294.0 7 14
323.0 225.0 8 13
323.0 240.0 8 18
537.0 186.0 8 7
376.0 171.0 8 16
323.0 69.0 9 17
430.0 99.0 9 8
376.0 231.0 9 3
430.0 228.0 9 16
484.0 228.0 9 16
484.0 225.0 10 9
484.0 108.0 10 3
430.0 261.0 10 18
537.0 225.0 10 9
323.0 291.0 10 15
537.0 288.0 11 9
484.0 288.0 11 9
537.0 216.0 11 1
323.0 201.0 11 10
537.0 144.0 11 4
430.0 144.0 11 4
484.0 99.0 12 13
323.0 72.0 12 18
537.0 72.0 12 18
430.0 261.0 12 14
323.0 126.0 12 7
323.0 210.0 12 4
484.0 174.0 13 3
323.0 111.0 13 7
537.0 282.0 13 11
430.0 84.0 13 18
323.0 99.0 13 12
376.0 198.0 14 19
323.0 240.0 14 18
430.0 99.0 14 10
537.0 177.0 14 15
323.0 261.0 14 12
430.0 261.0 14 12
376.0 192.0 15 18
537.0 168.0 15 20
537.0 177.0 15 14
430.0 282.0 16 13
376.0 258.0 16 6
323.0 150.0 16 2
430.0 78.0 17 7
376.0 189.0 17 14
430.0 69.0 17 9
376.0 186.0 18 5
430.0 186.0 18 5
323.0 285.0 18 3
323.0 198.0 19 14
484.0 84.0 19 11
537.0 291.0 19 4
430.0 69.0 19 17
430.0 285.0 19 15
430.0 102.0 20 17
484.0 246.0 20 19
537.0 102.0 20 17

0 397 234 140 476 315 411 320 0 317 274 474 481 393 261 482 329 170 333 362 
0 397 234 140 476 315 411 320 406 317 274 474 481 393 261 482 0 170 333 362 
0 397 234 140 476 315 411 320 406 317 274 474 481 393 261 482 329 170 333 0 
0 397 234 140 476 315 411 320 406 317 274 474 481 393 261 482 329 170 0 362 
397 0 617 483 363 508 267 591 221 0 306 676 691 699 529 686 273 524 483 587 
397 0 617 483 363 508 267 591 221 0 306 676 691 699 529 686 273 524 483 587 
397 0 0 483 363 508 267 591 221 428 306 676 691 699 529 686 273 524 483 587 
397 0 617 483 363 508 267 591 221 428 306 676 0 699 529 686 273 524 483 587 
397 0 617 483 363 508 267 0 221 428 306 676 691 699 529 686 273 524 483 587 
397 0 617 483 363 508 267 591 221 428 306 676 691 699 529 686 273 524 0 587 
234 617 0 460 689 372 485 336 254 586 669 494 482 415 493 430 0 204 158 396 
234 617 0 460 689 372 485 336 254 586 669 494 482 415 493 0 191 204 158 396 
234 617 0 460 0 372 485 336 254 586 669 494 482 415 493 430 191 204 158 396 
234 617 0 460 689 372 485 336 254 586 0 494 482 415 493 430 191 204 158 396 
234 617 0 460 689 372 485 336 254 586 669 494 482 415 493 430 191 204 0 396 
140 483 460 0 336 459 440 322 266 177 520 362 515 606 363 470 0 218 193 222 
140 483 0 0 336 459 440 322 266 177 520 362 515 606 363 470 543 218 193 222 
140 0 460 0 336 459 440 322 266 177 520 362 515 606 363 470 543 218 193 222 
624 363 689 336 0 274 142 549 541 256 637 145 465 487 605 278 221 0 445 633 
624 363 689 336 0 274 142 549 541 256 637 145 465 487 605 278 221 334 445 0 
624 363 0 336 0 274 142 549 541 256 637 145 465 487 605 278 221 334 445 633 
624 363 689 336 0 274 142 549 541 256 637 145 465 487 605 278 221 334 445 0 
624 363 689 336 0 274 142 549 541 256 637 145 465 487 605 278 0 334 445 633 
441 508 372 459 274 0 525 175 0 248 661 327 171 140 389 167 489 145 101 131 
441 508 372 459 274 0 525 175 492 248 661 0 171 140 389 167 489 145 101 131 
441 508 372 459 274 0 525 175 492 0 661 327 171 140 389 167 489 145 101 131 
441 0 372 459 274 0 525 175 492 248 661 327 171 140 389 167 489 145 101 131 
441 508 372 459 274 0 525 175 492 0 661 327 171 140 389 167 489 145 101 131 
486 267 485 0 142 525 0 338 681 345 575 659 439 194 266 164 494 241 322 346 
486 267 485 440 142 0 0 338 681 345 575 659 439 194 266 164 494 241 322 346 
486 267 485 440 142 525 0 338 681 345 575 659 439 0 266 164 494 241 322 346 
320 591 336 322 549 175 338 0 490 200 271 256 0 119 236 457 420 160 223 477 
320 591 336 322 549 175 338 0 490 200 271 256 302 119 236 457 420 0 223 477 
320 591 336 322 549 175 0 0 490 200 271 256 302 119 236 457 420 160 223 477 
320 591 336 322 549 175 338 0 490 200 271 256 302 119 236 0 420 160 223 477 
585 221 254 266 541 492 681 490 0 260 168 242 270 596 202 162 0 373 617 165 
585 221 254 266 541 492 681 0 0 260 168 242 270 596 202 162 630 373 617 165 
585 221 0 266 541 492 681 490 0 260 168 242 270 596 202 162 630 373 617 165 
585 221 254 266 541 492 681 490 0 260 168 242 270 596 202 0 630 373 617 165 
585 221 254 266 541 492 681 490 0 260 168 242 270 596 202 0 630 373 617 165 
674 428 586 177 256 248 345 200 0 0 342 286 609 465 133 226 155 287 531 564 
674 428 0 177 256 248 345 200 260 0 342 286 609 465 133 226 155 287 531 564 
674 428 586 177 256 248 345 200 260 0 342 286 609 465 133 226 155 0 531 564 
674 428 586 177 256 248 345 200 0 0 342 286 609 465 133 226 155 287 531 564 
674 428 586 177 256 248 345 200 260 0 342 286 609 465 0 226 155 287 531 564 
277 306 669 520 637 661 575 271 0 342 0 316 278 337 211 512 403 104 664 520 
277 306 669 520 637 661 575 271 0 342 0 316 278 337 211 512 403 104 664 520 
0 306 669 520 637 661 575 271 168 342 0 316 278 337 211 512 403 104 664 520 
277 306 669 520 637 661 575 271 168 0 0 316 278 337 211 512 403 104 664 520 
277 306 669 0 637 661 575 271 168 342 0 316 278 337 211 512 403 104 664 520 
277 306 669 0 637 661 575 271 168 342 0 316 278 337 211 512 403 104 664 520 
474 676 494 362 145 327 659 256 242 286 316 0 0 258 484 230 441 368 335 128 
474 676 494 362 145 327 659 256 242 286 316 0 430 258 484 230 441 0 335 128 
474 676 494 362 145 327 659 256 242 286 316 0 430 258 484 230 441 0 335 128 
474 676 494 362 145 327 659 256 242 286 316 0 430 0 484 230 441 368 335 128 
474 676 494 362 145 327 0 256 242 286 316 0 430 258 484 230 441 368 335 128 
474 676 494 0 145 327 659 256 242 286 316 0 430 258 484 230 441 368 335 128 
585 691 0 515 465 171 439 302 270 609 278 430 0 161 657 203 169 591 516 119 
585 691 482 515 465 171 0 302 270 609 278 430 0 161 657 203 169 591 516 119 
585 691 482 515 465 171 439 302 270 609 0 430 0 161 657 203 169 591 516 119 
585 691 482 515 465 171 439 302 270 609 278 430 0 161 657 203 169 0 516 119 
585 691 482 515 465 171 439 302 270 609 278 0 0 161 657 203 169 591 516 119 
616 699 415 606 487 140 194 119 596 465 337 258 161 0 552 376 355 223 0 696 
616 699 415 606 487 140 194 119 596 465 337 258 161 0 552 376 355 0 258 696 
616 699 415 606 487 140 194 119 596 0 337 258 161 0 552 376 355 223 258 696 
616 699 415 606 487 140 194 119 596 465 337 258 161 0 0 376 355 223 258 696 
616 699 415 606 487 140 194 119 596 465 337 0 161 0 552 376 355 223 258 696 
616 699 415 606 487 140 194 119 596 465 337 0 161 0 552 376 355 223 258 696 
261 529 493 363 605 389 266 236 202 133 211 484 657 552 0 244 225 0 302 508 
261 529 493 363 605 389 266 236 202 133 211 484 657 552 0 244 225 107 302 0 
261 529 493 363 605 389 266 236 202 133 211 484 657 0 0 244 225 107 302 508 
533 686 430 470 278 167 164 457 162 226 512 230 0 376 244 0 498 548 185 298 
533 686 430 470 278 0 164 457 162 226 512 230 203 376 244 0 498 548 185 298 
533 0 430 470 278 167 164 457 162 226 512 230 203 376 244 0 498 548 185 298 
493 273 191 543 221 489 0 420 630 155 403 441 169 355 225 498 0 159 521 672 
493 273 191 543 221 489 494 420 630 155 403 441 169 0 225 498 0 159 521 672 
493 273 191 543 221 489 494 420 0 155 403 441 169 355 225 498 0 159 521 672 
170 524 204 218 0 145 241 160 373 287 104 368 591 223 107 419 159 0 294 216 
170 524 204 218 0 145 241 160 373 287 104 368 591 223 107 419 159 0 294 216 
170 524 0 218 334 145 241 160 373 287 104 368 591 223 107 419 159 0 294 216 
630 483 158 193 445 101 322 223 617 531 664 335 516 0 302 185 521 294 0 307 
630 483 158 193 445 101 322 223 617 531 0 335 516 258 302 185 521 294 0 307 
630 483 158 0 445 101 322 223 617 531 664 335 516 258 302 185 521 294 0 307 
630 483 158 193 445 101 322 223 617 531 664 335 516 258 302 185 0 294 0 307 
630 483 158 193 445 101 322 223 617 531 664 335 516 258 0 185 521 294 0 307 
549 587 396 222 633 131 346 477 165 564 520 128 119 696 508 298 0 216 307 0 
549 587 396 222 633 131 346 477 165 564 520 128 119 696 508 298 672 216 0 0 
549 587 396 222 633 131 346 477 165 564 520 128 119 696 508 298 0 216 307 0 

3085.5
1 0.0 0.0
2 426.0 28.0
3 490.0 21.0
4 512.0 37.0
5 613.0 21.0
6 125.0 5.0
7 609.0 21.0
8 397.0 6.0
9 274.0 6.0
10 351.0 0.0
11 252.0 10.0
12 284.0 18.0
13 169.0 10.0
14 340.0 18.0
15 117.0 16.0
16 152.0 9.0
17 288.0 19.0
18 171.0 10.0
19 202.0 11.0
20 399.0 9.0
