20 60 3

0 581 566 452 403 576 385 403 548 248 127 269 304 331 230 345 133 108 109 264 
581 0 147 161 198 377 395 339 239 447 307 196 516 361 546 491 392 479 578 535 
566 147 0 226 443 419 138 209 531 522 132 233 543 255 104 413 239 329 524 370 
452 161 226 0 502 581 580 452 322 554 454 448 420 356 525 559 565 164 324 430 
403 198 443 502 0 174 580 167 211 197 444 363 204 424 360 367 475 528 344 363 
576 377 419 581 174 0 462 424 403 510 372 291 233 477 338 597 345 201 124 137 
385 395 138 580 580 462 0 118 590 532 236 192 274 538 370 111 314 417 326 293 
403 339 209 452 167 424 118 0 597 346 328 430 538 523 463 350 503 523 270 270 
548 239 531 322 211 403 590 597 0 472 412 304 259 487 586 507 351 347 224 554 
248 447 522 554 197 510 532 346 472 0 518 531 301 219 347 527 202 520 341 415 
127 307 132 454 444 372 236 328 412 518 0 351 389 113 529 211 420 589 421 232 
269 196 233 448 363 291 192 430 304 531 351 0 342 249 224 488 197 226 377 263 
304 516 543 420 204 233 274 538 259 301 389 342 0 324 313 429 198 162 399 183 
331 361 255 356 424 477 538 523 487 219 113 249 324 0 242 231 240 375 406 105 
230 546 104 525 360 338 370 463 586 347 529 224 313 242 0 488 331 425 463 434 
345 491 413 559 367 597 111 350 507 527 211 488 429 231 488 0 315 584 529 312 
133 392 239 565 475 345 314 503 351 202 420 197 198 240 331 315 0 511 544 311 
108 479 329 164 528 201 417 523 347 520 589 226 162 375 425 584 511 0 356 257 
109 578 524 324 344 124 326 270 224 341 421 377 399 406 463 529 544 356 0 377 
264 535 370 430 363 137 293 270 554 415 232 263 183 105 434 312 311 257 377 0 

0 76 37 58 57 84 78 90 56 88 39 99 35 57 69 44 58 63 96 59 
76 0 76 81 98 85 49 38 81 59 32 61 64 74 70 82 98 41 43 85 
37 76 0 94 99 38 86 98 47 89 45 34 32 51 35 94 77 54 58 82 
58 81 94 0 79 78 73 47 34 95 44 66 97 85 43 41 40 30 52 87 
57 98 99 79 0 45 32 34 49 69 64 65 33 46 68 89 79 35 97 35 
84 85 38 78 45 0 99 45 73 59 57 54 31 39 35 79 75 42 84 59 
78 49 86 73 32 99 0 64 86 42 53 68 42 61 60 46 62 40 38 57 
90 38 98 47 34 45 64 0 56 55 31 33 55 76 62 80 98 59 83 86 
56 81 47 34 49 73 86 56 0 30 68 81 38 66 41 52 75 86 58 65 
88 59 89 95 69 59 42 55 30 0 86 38 40 56 94 33 31 31 60 81 
39 32 45 44 64 57 53 31 68 86 0 52 51 45 42 90 92 66 44 51 
99 61 34 66 65 54 68 33 81 38 52 0 77 91 85 43 94 51 61 66 
35 64 32 97 33 31 42 55 38 40 51 77 0 61 31 41 69 70 79 56 
57 74 51 85 46 39 61 76 66 56 45 91 61 0 51 66 67 54 69 62 
69 70 35 43 68 35 60 62 41 94 42 85 31 51 0 50 42 80 75 59 
44 82 94 41 89 79 46 80 52 33 90 43 41 66 50 0 45 30 99 83 
58 98 77 40 79 75 62 98 75 31 92 94 69 67 42 45 0 46 36 44 
63 41 54 30 35 42 40 59 86 31 66 51 70 54 80 30 46 0 74 52 
96 43 58 52 97 84 38 83 58 60 44 61 79 69 75 99 36 74 0 72 
59 85 82 87 35 59 57 86 65 81 51 66 56 62 59 83 44 52 72 0 

426.0 225.0 1 10
320.0 231.0 1 7
320.0 189.0 1 18
320.0 246.0 2 16
532.0 114.0 2 8
320.0 129.0 2 19
320.0 297.0 3 5
532.0 102.0 3 12
373.0 114.0 3 6
479.0 237.0 4 5
479.0 198.0 4 12
320.0 198.0 4 12
320.0 96.0 5 7
320.0 237.0 5 4
320.0 195.0 5 12
320.0 255.0 6 2
373.0 117.0 6 14
320.0 252.0 6 1
320.0 258.0 7 3
532.0 258.0 7 3
532.0 204.0 7 12
479.0 294.0 8 3
320.0 294.0 8 17
373.0 270.0 8 1
426.0 198.0 9 14
373.0 258.0 9 18
320.0 141.0 9 3
426.0 258.0 10 11
426.0 285.0 10 4
373.0 267.0 10 3
479.0 153.0 11 13
373.0 96.0 11 2
426.0 276.0 11 17
373.0 183.0 12 2
532.0 198.0 12 20
373.0 195.0 12 5
320.0 165.0 13 8
373.0 153.0 13 11
479.0 210.0 13 18
373.0 168.0 14 10
479.0 135.0 14 11
426.0 162.0 14 18
320.0 207.0 15 1
373.0 177.0 15 20
373.0 207.0 15 1
320.0 270.0 16 11
320.0 198.0 16 14
426.0 237.0 16 6
532.0 225.0 17 9
479.0 294.0 17 8
479.0 120.0 17 4
320.0 198.0 18 11
532.0 105.0 18 5
532.0 90.0 18 4
426.0 225.0 19 15
426.0 183.0 19 12
532.0 207.0 19 14
479.0 195.0 20 9
479.0 132.0 20 17
532.0 216.0 20 19

0 581 259 272 403 233 363 379 333 0 127 269 270 240 230 338 133 108 109 264 
0 581 259 272 403 233 0 379 333 248 127 269 270 240 230 338 133 108 109 264 
0 581 259 272 403 233 363 379 333 248 127 269 270 240 230 338 133 0 109 264 
581 0 147 161 198 377 395 339 239 447 307 196 516 361 546 0 392 479 578 535 
581 0 147 161 198 377 395 0 239 447 307 196 516 361 546 491 392 479 578 535 
581 0 147 161 198 377 395 339 239 447 307 196 516 361 546 491 392 479 0 535 
566 147 0 226 0 419 138 209 531 522 132 233 543 255 104 413 239 329 524 370 
566 147 0 226 443 419 138 209 531 522 132 0 543 255 104 413 239 329 524 370 
566 147 0 226 443 0 138 209 531 522 132 233 543 255 104 413 239 329 524 370 
452 161 226 0 0 581 580 452 322 554 454 448 420 356 525 559 565 164 324 430 
452 161 226 0 502 581 580 452 322 554 454 0 420 356 525 559 565 164 324 430 
452 161 226 0 502 581 580 452 322 554 454 0 420 356 525 559 565 164 324 430 
403 198 443 502 0 174 0 167 211 197 444 363 204 424 360 367 475 528 344 363 
403 198 443 0 0 174 580 167 211 197 444 363 204 424 360 367 475 528 344 363 
403 198 443 502 0 174 580 167 211 197 444 0 204 424 360 367 475 528 344 363 
576 0 419 581 174 0 462 424 403 510 372 291 233 477 338 597 345 201 124 137 
576 377 419 581 174 0 462 424 403 510 372 291 233 0 338 597 345 201 124 137 
0 377 419 581 174 0 462 424 403 510 372 291 233 477 338 597 345 201 124 137 
385 395 0 580 580 462 0 118 590 532 236 192 274 538 370 111 314 417 326 293 
385 395 0 580 580 462 0 118 590 532 236 192 274 538 370 111 314 417 326 293 
385 395 138 580 580 462 0 118 590 532 236 0 274 538 370 111 314 417 326 293 
403 339 0 452 167 424 118 0 597 346 328 430 538 523 463 350 503 523 270 270 
403 339 209 452 167 424 118 0 597 346 328 430 538 523 463 350 0 523 270 270 
0 339 209 452 167 424 118 0 597 346 328 430 538 523 463 350 503 523 270 270 
548 239 531 322 211 403 590 597 0 472 412 304 259 0 586 507 351 347 224 554 
548 239 531 322 211 403 590 597 0 472 412 304 259 487 586 507 351 0 224 554 
548 239 0 322 211 403 590 597 0 472 412 304 259 487 586 507 351 347 224 554 
248 447 522 554 197 510 532 346 472 0 0 531 301 219 347 527 202 520 341 415 
248 447 522 0 197 510 532 346 472 0 518 531 301 219 347 527 202 520 341 415 
248 447 0 554 197 510 532 346 472 0 518 531 301 219 347 527 202 520 341 415 
127 307 132 454 444 372 236 328 412 518 0 351 0 113 529 211 420 589 421 232 
127 0 132 454 444 372 236 328 412 518 0 351 389 113 529 211 420 589 421 232 
127 307 132 454 444 372 236 328 412 518 0 351 389 113 529 211 0 589 421 232 
269 0 233 448 363 291 192 430 304 531 351 0 342 249 224 488 197 226 377 263 
269 196 233 448 363 291 192 430 304 531 351 0 342 249 224 488 197 226 377 0 
269 196 233 448 0 291 192 430 304 531 351 0 342 249 224 488 197 226 377 263 
304 516 543 420 204 233 274 0 259 301 389 342 0 324 313 429 198 162 399 183 
304 516 543 420 204 233 274 538 259 301 0 342 0 324 313 429 198 162 399 183 
304 516 543 420 204 233 274 538 259 301 389 342 0 324 313 429 198 0 399 183 
331 361 255 356 424 477 538 523 487 0 113 249 324 0 242 231 240 375 406 105 
331 361 255 356 424 477 538 523 487 219 0 249 324 0 242 231 240 375 406 105 
331 361 255 356 424 477 538 523 487 219 113 249 324 0 242 231 240 0 406 105 
0 546 104 525 360 338 370 463 586 347 529 224 313 242 0 488 331 425 463 434 
230 546 104 525 360 338 370 463 586 347 529 224 313 242 0 488 331 425 463 0 
0 546 104 525 360 338 370 463 586 347 529 224 313 242 0 488 331 425 463 434 
345 491 413 559 367 597 111 350 507 527 0 488 429 231 488 0 315 584 529 312 
345 491 413 559 367 597 111 350 507 527 211 488 429 0 488 0 315 584 529 312 
345 491 413 559 367 0 111 350 507 527 211 488 429 231 488 0 315 584 529 312 
133 392 239 565 475 345 314 503 0 202 420 197 198 240 331 315 0 511 544 311 
133 392 239 565 475 345 314 0 351 202 420 197 198 240 331 315 0 511 544 311 
133 392 239 0 475 345 314 503 351 202 420 197 198 240 331 315 0 511 544 311 
108 479 329 164 528 201 417 523 347 520 0 226 162 375 425 584 511 0 356 257 
108 479 329 164 0 201 417 523 347 520 589 226 162 375 425 584 511 0 356 257 
108 479 329 0 528 201 417 523 347 520 589 226 162 375 425 584 511 0 356 257 
109 578 524 324 344 124 326 270 224 341 421 377 399 406 0 529 544 356 0 377 
109 578 524 324 344 124 326 270 224 341 421 0 399 406 463 529 544 356 0 377 
109 578 524 324 344 124 326 270 224 341 421 377 399 0 463 529 544 356 0 377 
264 535 370 430 363 137 293 270 0 415 232 263 183 105 434 312 311 257 377 0 
264 535 370 430 363 137 293 270 554 415 232 263 183 105 434 312 0 257 377 0 
264 535 370 430 363 137 293 270 554 415 232 263 183 105 434 312 311 257 0 0 

3546.5
1 0.0 0.0
2 340.0 10.0
3 441.0 16.0
4 432.0 15.0
5 365.0 7.0
6 433.0 38.0
7 108.0 2.0
8 223.0 14.0
9 586.0 21.0
10 515.0 39.0
11 211.0 5.0
12 414.0 9.0
13 541.0 33.0
14 447.0 36.0
15 334.0 15.0
16 438.0 22.0
17 443.0 7.0
18 338.0 28.0
19 134.0 8.0
20 350.0 32.0
