20 111 3

0 651 543 607 660 527 618 668 176 544 358 140 186 178 127 302 141 661 559 209 
651 0 648 300 538 110 395 383 455 350 524 201 276 698 629 492 573 314 612 639 
543 648 0 512 261 343 129 280 455 169 688 171 289 190 306 234 321 487 253 310 
607 300 512 0 330 162 410 537 423 409 675 224 241 509 437 619 592 670 217 493 
660 538 261 330 0 334 578 661 559 423 505 432 444 653 481 618 688 320 290 537 
527 110 343 162 334 0 610 258 583 536 467 384 247 394 169 332 160 316 381 143 
618 395 129 410 578 610 0 688 121 661 413 119 135 135 185 452 446 532 695 242 
668 383 280 537 661 258 688 0 561 516 536 694 661 435 624 504 118 399 179 372 
176 455 455 423 559 583 121 561 0 257 605 438 436 300 104 291 243 378 293 572 
544 350 169 409 423 536 661 516 257 0 505 363 541 448 646 471 456 259 661 611 
358 524 688 675 505 467 413 536 605 505 0 114 335 287 372 525 521 200 361 339 
140 201 171 224 432 384 119 694 438 363 114 0 631 490 517 310 485 427 289 487 
186 276 289 241 444 247 135 661 436 541 335 631 0 198 406 552 351 584 276 300 
178 698 190 509 653 394 135 435 300 448 287 490 198 0 428 448 692 599 147 348 
127 629 306 437 481 169 185 624 104 646 372 517 406 428 0 462 556 279 136 160 
302 492 234 619 618 332 452 504 291 471 525 310 552 448 462 0 339 564 584 179 
141 573 321 592 688 160 446 118 243 456 521 485 351 692 556 339 0 563 635 277 
661 314 487 670 320 316 532 399 378 259 200 427 584 599 279 564 563 0 493 185 
559 612 253 217 290 381 695 179 293 661 361 289 276 147 136 584 635 493 0 202 
209 639 310 493 537 143 242 372 572 611 339 487 300 348 160 179 277 185 202 0 

0 54 27 46 53 42 39 20 84 26 99 97 91 99 68 65 76 31 33 84 
54 0 34 72 36 92 53 76 54 78 20 70 62 26 53 53 38 72 35 38 
27 34 0 35 80 61 69 63 44 87 49 76 90 72 69 70 88 55 98 94 
46 72 35 0 76 82 50 31 36 20 47 87 95 34 58 20 23 43 64 56 
53 36 80 76 0 78 26 31 42 21 57 30 42 52 20 34 49 99 70 45 
42 92 61 82 78 0 27 79 20 40 50 81 77 41 96 88 82 64 96 94 
39 53 69 50 26 27 0 56 60 34 32 62 99 66 87 45 38 43 52 84 
20 76 63 31 31 79 56 0 50 21 33 21 51 47 50 56 75 27 98 97 
84 54 44 36 42 20 60 50 0 81 38 49 24 60 72 83 78 70 86 28 
26 78 87 20 21 40 34 21 81 0 55 86 41 48 40 37 34 63 29 42 
99 20 49 47 57 50 32 33 38 55 0 77 61 63 66 31 48 81 71 70 
97 70 76 87 30 81 62 21 49 86 77 0 34 54 41 76 39 25 66 38 
91 62 90 95 42 77 99 51 24 41 61 34 0 88 49 34 95 54 78 67 
99 26 72 34 52 41 66 47 60 48 63 54 88 0 36 50 52 47 68 96 
68 53 69 58 20 96 87 50 72 40 66 41 49 36 0 43 38 94 68 72 
65 53 70 20 34 88 45 56 83 37 31 76 34 50 43 0 76 31 53 60 
76 38 88 23 49 82 38 75 78 34 48 39 95 52 38 76 0 23 54 71 
31 72 55 43 99 64 43 27 70 63 81 25 54 47 94 31 23 0 47 86 
33 35 98 64 70 96 52 98 86 29 71 66 78 68 68 53 54 47 0 62 
84 38 94 56 45 94 84 97 28 42 70 38 67 96 72 60 71 86 62 0 

495.0 252.0 1 9
495.0 198.0 1 15
440.0 201.0 1 13
495.0 204.0 1 20
495.0 93.0 1 18
550.0 159.0 2 15
330.0 78.0 2 14
550.0 162.0 2 1
550.0 114.0 2 20
330.0 216.0 3 14
440.0 264.0 3 17
495.0 264.0 3 17
495.0 216.0 3 14
495.0 294.0 3 19
440.0 228.0 3 12
495.0 294.0 3 19
440.0 264.0 3 17
330.0 102.0 4 14
385.0 192.0 4 19
440.0 129.0 4 18
495.0 141.0 4 11
440.0 156.0 5 14
440.0 156.0 5 14
495.0 210.0 5 19
550.0 126.0 5 9
550.0 60.0 5 15
385.0 126.0 5 13
385.0 90.0 5 12
550.0 126.0 5 13
440.0 60.0 6 9
330.0 150.0 6 11
440.0 231.0 6 13
385.0 297.0 7 13
495.0 261.0 7 15
495.0 297.0 7 13
330.0 291.0 8 20
495.0 63.0 8 12
495.0 291.0 8 20
550.0 150.0 8 15
495.0 225.0 8 17
385.0 153.0 8 13
440.0 60.0 8 1
440.0 63.0 8 12
330.0 180.0 9 14
440.0 258.0 9 19
495.0 147.0 9 12
330.0 126.0 10 20
385.0 165.0 10 11
550.0 123.0 10 13
550.0 123.0 10 13
495.0 78.0 10 1
440.0 210.0 11 20
385.0 243.0 11 18
550.0 144.0 11 17
550.0 123.0 12 15
440.0 114.0 12 20
330.0 162.0 12 14
495.0 102.0 12 13
495.0 123.0 12 15
330.0 231.0 12 11
385.0 123.0 12 15
330.0 273.0 13 1
330.0 273.0 13 1
440.0 273.0 13 1
550.0 234.0 13 19
385.0 264.0 13 14
495.0 147.0 13 15
495.0 264.0 13 14
440.0 72.0 13 9
495.0 201.0 13 20
495.0 204.0 14 19
385.0 180.0 14 9
550.0 141.0 14 18
330.0 282.0 15 18
385.0 114.0 15 17
330.0 198.0 15 11
385.0 147.0 15 13
495.0 282.0 15 18
385.0 198.0 15 11
495.0 216.0 15 9
385.0 93.0 16 18
550.0 93.0 16 18
495.0 150.0 16 14
330.0 102.0 16 13
440.0 150.0 16 14
385.0 228.0 16 17
440.0 228.0 17 1
550.0 144.0 17 11
550.0 114.0 17 15
440.0 213.0 17 20
385.0 285.0 17 13
385.0 93.0 18 1
440.0 162.0 18 13
385.0 93.0 18 1
440.0 141.0 18 14
495.0 93.0 18 1
550.0 75.0 18 12
385.0 141.0 18 19
495.0 186.0 19 20
495.0 258.0 19 9
385.0 141.0 19 18
440.0 141.0 19 18
495.0 186.0 19 20
495.0 186.0 19 20
330.0 213.0 19 11
550.0 114.0 20 12
385.0 210.0 20 11
495.0 210.0 20 11
330.0 258.0 20 18
550.0 258.0 20 18
385.0 210.0 20 11

0 130 31 145 110 118 103 155 0 259 152 56 74 35 50 60 56 157 26 20 
0 130 31 145 110 118 103 155 35 259 152 56 74 35 0 60 56 157 26 20 
0 130 31 145 110 118 103 155 35 259 152 56 0 35 50 60 56 157 26 20 
0 130 31 145 110 118 103 155 35 259 152 56 74 35 50 60 56 157 26 0 
0 130 31 145 110 118 103 155 35 259 152 56 74 35 50 60 56 0 26 20 
260 0 259 180 53 66 158 153 91 70 314 80 27 418 0 196 229 125 367 63 
260 0 259 180 53 66 158 153 91 70 314 80 27 0 62 196 229 125 367 63 
0 0 259 180 53 66 158 153 91 70 314 80 27 418 62 196 229 125 367 63 
260 0 259 180 53 66 158 153 91 70 314 80 27 418 62 196 229 125 367 0 
108 64 0 204 156 137 51 28 45 33 137 17 173 0 122 23 128 97 50 124 
108 64 0 204 156 137 51 28 45 33 137 17 173 38 122 23 0 97 50 124 
108 64 0 204 156 137 51 28 45 33 137 17 173 38 122 23 0 97 50 124 
108 64 0 204 156 137 51 28 45 33 137 17 173 0 122 23 128 97 50 124 
108 64 0 204 156 137 51 28 45 33 137 17 173 38 122 23 128 97 0 124 
108 64 0 204 156 137 51 28 45 33 137 0 173 38 122 23 128 97 50 124 
108 64 0 204 156 137 51 28 45 33 137 17 173 38 122 23 128 97 0 124 
108 64 0 204 156 137 51 28 45 33 137 17 173 38 122 23 0 97 50 124 
60 30 307 0 198 97 82 107 169 163 270 89 48 0 174 247 118 268 130 197 
60 30 307 0 198 97 82 107 169 163 270 89 48 50 174 247 118 268 0 197 
60 30 307 0 198 97 82 107 169 163 270 89 48 50 174 247 118 0 130 197 
60 30 307 0 198 97 82 107 169 163 0 89 48 50 174 247 118 268 130 197 
66 107 156 33 0 66 231 264 335 42 50 43 88 0 96 247 68 192 29 53 
66 107 156 33 0 66 231 264 335 42 50 43 88 0 96 247 68 192 29 53 
66 107 156 33 0 66 231 264 335 42 50 43 88 65 96 247 68 192 0 53 
66 107 156 33 0 66 231 264 0 42 50 43 88 65 96 247 68 192 29 53 
66 107 156 33 0 66 231 264 335 42 50 43 88 65 0 247 68 192 29 53 
66 107 156 33 0 66 231 264 335 42 50 43 0 65 96 247 68 192 29 53 
66 107 156 33 0 66 231 264 335 42 50 0 88 65 96 247 68 192 29 53 
66 107 156 33 0 66 231 264 335 42 50 43 0 65 96 247 68 192 29 53 
316 44 68 32 66 0 61 25 0 53 93 230 148 157 67 66 16 63 152 85 
316 44 68 32 66 0 61 25 233 53 0 230 148 157 67 66 16 63 152 85 
316 44 68 32 66 0 61 25 233 53 93 230 0 157 67 66 16 63 152 85 
247 158 77 164 346 244 0 68 12 66 247 11 0 54 111 180 44 319 417 145 
247 158 77 164 346 244 0 68 12 66 247 11 81 54 0 180 44 319 417 145 
247 158 77 164 346 244 0 68 12 66 247 11 0 54 111 180 44 319 417 145 
400 38 168 53 264 154 275 0 112 103 321 69 396 174 374 100 11 39 71 0 
400 38 168 53 264 154 275 0 112 103 321 0 396 174 374 100 11 39 71 148 
400 38 168 53 264 154 275 0 112 103 321 69 396 174 374 100 11 39 71 0 
400 38 168 53 264 154 275 0 112 103 321 69 396 174 0 100 11 39 71 148 
400 38 168 53 264 154 275 0 112 103 321 69 396 174 374 100 0 39 71 148 
400 38 168 53 264 154 275 0 112 103 321 69 0 174 374 100 11 39 71 148 
0 38 168 53 264 154 275 0 112 103 321 69 396 174 374 100 11 39 71 148 
400 38 168 53 264 154 275 0 112 103 321 0 396 174 374 100 11 39 71 148 
35 273 182 42 335 116 12 336 0 51 60 262 43 0 41 116 145 75 29 114 
35 273 182 42 335 116 12 336 0 51 60 262 43 60 41 116 145 75 0 114 
35 273 182 42 335 116 12 336 0 51 60 0 43 60 41 116 145 75 29 114 
326 70 16 245 253 107 132 103 154 0 303 72 216 44 64 188 273 51 66 0 
326 70 16 245 253 107 132 103 154 0 0 72 216 44 64 188 273 51 66 122 
326 70 16 245 253 107 132 103 154 0 303 72 0 44 64 188 273 51 66 122 
326 70 16 245 253 107 132 103 154 0 303 72 0 44 64 188 273 51 66 122 
0 70 16 245 253 107 132 103 154 0 303 72 216 44 64 188 273 51 66 122 
35 314 137 270 202 46 41 214 121 303 0 68 201 57 148 52 208 40 144 0 
35 314 137 270 202 46 41 214 121 303 0 68 201 57 148 52 208 0 144 203 
35 314 137 270 202 46 41 214 121 303 0 68 201 57 148 52 0 40 144 203 
28 20 68 22 172 153 23 138 43 145 68 0 63 196 0 62 194 256 28 194 
28 20 68 22 172 153 23 138 43 145 68 0 63 196 206 62 194 256 28 0 
28 20 68 22 172 153 23 138 43 145 68 0 63 0 206 62 194 256 28 194 
28 20 68 22 172 153 23 138 43 145 68 0 0 196 206 62 194 256 28 194 
28 20 68 22 172 153 23 138 43 145 68 0 63 196 0 62 194 256 28 194 
28 20 68 22 172 153 23 138 43 145 0 0 63 196 206 62 194 256 28 194 
28 20 68 22 172 153 23 138 43 145 68 0 63 196 0 62 194 256 28 194 
0 165 173 144 177 148 13 396 174 216 134 252 0 118 243 331 70 58 55 60 
0 165 173 144 177 148 13 396 174 216 134 252 0 118 243 331 70 58 55 60 
0 165 173 144 177 148 13 396 174 216 134 252 0 118 243 331 70 58 55 60 
111 165 173 144 177 148 13 396 174 216 134 252 0 118 243 331 70 58 0 60 
111 165 173 144 177 148 13 396 174 216 134 252 0 0 243 331 70 58 55 60 
111 165 173 144 177 148 13 396 174 216 134 252 0 118 0 331 70 58 55 60 
111 165 173 144 177 148 13 396 174 216 134 252 0 0 243 331 70 58 55 60 
111 165 173 144 177 148 13 396 0 216 134 252 0 118 243 331 70 58 55 60 
111 165 173 144 177 148 13 396 174 216 134 252 0 118 243 331 70 58 55 0 
71 418 114 203 130 236 13 261 60 44 114 294 118 0 85 44 415 59 0 69 
71 418 114 203 130 236 13 261 0 44 114 294 118 0 85 44 415 59 58 69 
71 418 114 203 130 236 13 261 60 44 114 294 118 0 85 44 415 0 58 69 
76 62 122 43 288 101 18 62 41 258 37 103 81 85 0 46 55 0 54 32 
76 62 122 43 288 101 18 62 41 258 37 103 81 85 0 46 0 111 54 32 
76 62 122 43 288 101 18 62 41 258 0 103 81 85 0 46 55 111 54 32 
76 62 122 43 288 101 18 62 41 258 37 103 0 85 0 46 55 111 54 32 
76 62 122 43 288 101 18 62 41 258 37 103 81 85 0 46 55 0 54 32 
76 62 122 43 288 101 18 62 41 258 0 103 81 85 0 46 55 111 54 32 
76 62 122 43 288 101 18 62 0 258 37 103 81 85 0 46 55 111 54 32 
120 98 140 371 247 132 90 100 58 188 105 62 110 44 184 0 135 0 350 107 
120 98 140 371 247 132 90 100 58 188 105 62 110 44 184 0 135 0 350 107 
120 98 140 371 247 132 90 100 58 188 105 62 110 0 184 0 135 112 350 107 
120 98 140 371 247 132 90 100 58 188 105 62 0 44 184 0 135 112 350 107 
120 98 140 371 247 132 90 100 58 188 105 62 110 0 184 0 135 112 350 107 
120 98 140 371 247 132 90 100 58 188 105 62 110 44 184 0 0 112 350 107 
0 114 64 355 275 64 178 70 24 45 104 291 210 138 222 203 0 112 63 27 
28 114 64 355 275 64 178 70 24 45 0 291 210 138 222 203 0 112 63 27 
28 114 64 355 275 64 178 70 24 45 104 291 210 138 0 203 0 112 63 27 
28 114 64 355 275 64 178 70 24 45 104 291 210 138 222 203 0 112 63 0 
28 114 64 355 275 64 178 70 24 45 104 291 0 138 222 203 0 112 63 27 
0 125 194 402 128 31 53 39 37 103 20 42 350 59 55 112 225 0 197 74 
396 125 194 402 128 31 53 39 37 103 20 42 0 59 55 112 225 0 197 74 
0 125 194 402 128 31 53 39 37 103 20 42 350 59 55 112 225 0 197 74 
396 125 194 402 128 31 53 39 37 103 20 42 350 0 55 112 225 0 197 74 
0 125 194 402 128 31 53 39 37 103 20 42 350 59 55 112 225 0 197 74 
396 125 194 402 128 31 53 39 37 103 20 0 350 59 55 112 225 0 197 74 
396 125 194 402 128 31 53 39 37 103 20 42 350 59 55 112 225 0 0 74 
55 61 101 21 58 76 417 17 175 264 216 28 110 58 13 350 381 98 0 0 
55 61 101 21 58 76 417 17 0 264 216 28 110 58 13 350 381 98 0 121 
55 61 101 21 58 76 417 17 175 264 216 28 110 58 13 350 381 0 0 121 
55 61 101 21 58 76 417 17 175 264 216 28 110 58 13 350 381 0 0 121 
55 61 101 21 58 76 417 17 175 264 216 28 110 58 13 350 381 98 0 0 
55 61 101 21 58 76 417 17 175 264 216 28 110 58 13 350 381 98 0 0 
55 61 101 21 58 76 417 17 175 264 0 28 110 58 13 350 381 98 0 121 
41 383 186 98 53 28 145 74 114 122 203 0 30 69 64 35 110 74 40 0 
41 383 186 98 53 28 145 74 114 122 0 48 30 69 64 35 110 74 40 0 
41 383 186 98 53 28 145 74 114 122 0 48 30 69 64 35 110 74 40 0 
41 383 186 98 53 28 145 74 114 122 203 48 30 69 64 35 110 0 40 0 
41 383 186 98 53 28 145 74 114 122 203 48 30 69 64 35 110 0 40 0 
41 383 186 98 53 28 145 74 114 122 0 48 30 69 64 35 110 74 40 0 

3701.5
1 0.0 0.0
2 495.0 31.0
3 427.0 38.0
4 690.0 23.0
5 681.0 36.0
6 612.0 28.0
7 456.0 29.0
8 686.0 22.0
9 185.0 3.0
10 584.0 22.0
11 364.0 14.0
12 192.0 14.0
13 325.0 8.0
14 311.0 9.0
15 249.0 6.0
16 399.0 14.0
17 194.0 15.0
18 157.0 19.0
19 150.0 2.0
20 246.0 11.0
