20 155 4

0 267 590 230 360 248 491 109 425 122 115 358 107 216 578 183 372 593 364 138 
267 0 458 148 579 340 373 558 584 111 530 399 548 390 292 123 241 205 217 101 
590 458 0 478 122 437 381 279 159 178 308 287 388 572 564 380 185 521 380 389 
230 148 478 0 337 587 389 336 417 597 366 349 592 131 534 592 160 450 179 259 
360 579 122 337 0 441 149 389 472 583 118 242 350 239 180 297 223 391 198 281 
248 340 437 587 441 0 587 139 105 143 547 355 412 300 557 485 473 277 563 341 
491 373 381 389 149 587 0 327 442 103 342 327 434 195 333 176 469 418 588 493 
109 558 279 336 389 139 327 0 204 463 388 549 289 541 563 129 271 433 513 194 
425 584 159 417 472 105 442 204 0 105 522 152 501 396 490 459 137 133 173 500 
122 111 178 597 583 143 103 463 105 0 253 523 414 101 591 237 449 364 377 312 
115 530 308 366 118 547 342 388 522 253 0 518 188 378 204 273 480 129 367 335 
358 399 287 349 242 355 327 549 152 523 518 0 495 291 354 112 166 275 123 306 
107 548 388 592 350 412 434 289 501 414 188 495 0 258 595 108 438 287 449 250 
216 390 572 131 239 300 195 541 396 101 378 291 258 0 427 518 204 163 548 335 
578 292 564 534 180 557 333 563 490 591 204 354 595 427 0 441 418 439 186 482 
183 123 380 592 297 485 176 129 459 237 273 112 108 518 441 0 284 377 523 350 
372 241 185 160 223 473 469 271 137 449 480 166 438 204 418 284 0 485 172 106 
593 205 521 450 391 277 418 433 133 364 129 275 287 163 439 377 485 0 176 354 
364 217 380 179 198 563 588 513 173 377 367 123 449 548 186 523 172 176 0 432 
138 101 389 259 281 341 493 194 500 312 335 306 250 335 482 350 106 354 432 0 

0 50 51 99 30 45 85 72 61 68 75 51 97 90 46 67 39 32 53 44 
50 0 99 50 51 48 43 37 86 68 81 82 39 75 80 84 66 93 35 81 
51 99 0 76 72 39 42 41 48 89 33 73 97 95 30 51 30 37 66 41 
99 50 76 0 33 92 55 37 85 68 38 37 92 54 66 56 95 65 63 79 
30 51 72 33 0 98 36 98 63 68 60 74 89 56 50 92 41 72 74 33 
45 48 39 92 98 0 78 57 88 80 76 58 45 83 92 76 93 55 30 88 
85 43 42 55 36 78 0 34 91 33 98 43 59 62 76 42 91 91 48 40 
72 37 41 37 98 57 34 0 38 56 99 36 75 75 76 96 58 35 52 70 
61 86 48 85 63 88 91 38 0 57 64 89 67 63 97 91 43 76 77 54 
68 68 89 68 68 80 33 56 57 0 32 86 59 61 85 56 75 98 97 50 
75 81 33 38 60 76 98 99 64 32 0 86 96 40 44 94 70 61 81 43 
51 82 73 37 74 58 43 36 89 86 86 0 73 55 94 57 55 42 62 85 
97 39 97 92 89 45 59 75 67 59 96 73 0 69 62 60 78 68 44 82 
90 75 95 54 56 83 62 75 63 61 40 55 69 0 93 38 43 31 77 86 
46 80 30 66 50 92 76 76 97 85 44 94 62 93 0 61 60 43 79 98 
67 84 51 56 92 76 42 96 91 56 94 57 60 38 61 0 76 45 53 82 
39 66 30 95 41 93 91 58 43 75 70 55 78 43 60 76 0 64 45 30 
32 93 37 65 72 55 91 35 76 98 61 42 68 31 43 45 64 0 80 75 
53 35 66 63 74 30 48 52 77 97 81 62 44 77 79 53 45 80 0 55 
44 81 41 79 33 88 40 70 54 50 43 85 82 86 98 82 30 75 55 0 

398.0 270.0 1 14
354.0 201.0 1 8
354.0 117.0 1 17
310.0 138.0 1 15
265.0 246.0 2 12
398.0 105.0 2 19
310.0 246.0 2 12
310.0 243.0 2 20
354.0 204.0 2 10
354.0 219.0 3 12
442.0 216.0 3 5
442.0 126.0 3 7
398.0 123.0 3 20
398.0 228.0 4 3
354.0 111.0 4 8
442.0 285.0 4 17
398.0 276.0 4 6
265.0 228.0 4 3
354.0 99.0 5 4
265.0 168.0 5 14
442.0 216.0 5 3
398.0 222.0 5 19
265.0 222.0 5 19
442.0 228.0 6 11
442.0 135.0 6 13
310.0 228.0 6 16
398.0 279.0 6 17
265.0 117.0 6 3
442.0 171.0 6 8
310.0 249.0 6 14
265.0 276.0 6 4
398.0 276.0 6 4
354.0 279.0 6 17
442.0 234.0 6 7
442.0 279.0 6 17
310.0 255.0 7 1
442.0 126.0 7 3
442.0 273.0 7 18
310.0 273.0 7 9
265.0 177.0 7 13
354.0 114.0 8 9
310.0 294.0 8 5
442.0 102.0 8 7
442.0 228.0 8 15
442.0 108.0 8 12
398.0 108.0 8 12
398.0 123.0 8 3
310.0 228.0 8 15
310.0 102.0 8 7
265.0 174.0 8 17
398.0 168.0 8 10
354.0 144.0 9 3
442.0 273.0 9 7
398.0 183.0 9 1
442.0 171.0 9 10
354.0 189.0 9 5
398.0 258.0 9 2
354.0 192.0 9 11
265.0 99.0 10 7
310.0 150.0 10 20
354.0 99.0 10 7
442.0 171.0 10 9
265.0 204.0 10 4
354.0 204.0 10 2
398.0 204.0 10 4
354.0 177.0 10 13
310.0 255.0 10 15
310.0 171.0 10 9
354.0 150.0 10 20
442.0 291.0 10 19
310.0 282.0 11 16
265.0 129.0 11 20
398.0 132.0 11 15
354.0 243.0 11 2
354.0 288.0 11 13
265.0 120.0 11 14
354.0 294.0 11 7
442.0 96.0 11 10
310.0 294.0 11 7
265.0 297.0 11 8
442.0 180.0 11 5
310.0 153.0 12 1
265.0 267.0 12 9
265.0 219.0 12 13
354.0 108.0 12 8
354.0 111.0 12 4
354.0 219.0 12 3
354.0 108.0 12 8
398.0 258.0 12 11
398.0 174.0 12 6
354.0 267.0 13 5
442.0 291.0 13 1
310.0 135.0 13 6
310.0 291.0 13 1
398.0 177.0 13 7
442.0 285.0 14 3
354.0 183.0 14 10
265.0 120.0 14 11
310.0 225.0 14 2
354.0 258.0 14 20
354.0 186.0 14 7
442.0 168.0 14 5
398.0 183.0 14 10
398.0 237.0 15 19
398.0 138.0 15 1
265.0 132.0 15 11
310.0 129.0 15 18
442.0 228.0 15 7
398.0 129.0 15 18
354.0 282.0 15 12
398.0 282.0 15 12
442.0 228.0 15 8
354.0 288.0 16 8
442.0 201.0 16 1
398.0 276.0 16 5
398.0 201.0 16 1
398.0 288.0 16 8
265.0 246.0 16 20
442.0 117.0 17 1
310.0 273.0 17 7
442.0 90.0 17 20
354.0 234.0 17 13
442.0 279.0 17 6
310.0 192.0 17 18
442.0 129.0 17 14
354.0 180.0 17 15
442.0 117.0 17 1
398.0 285.0 17 4
442.0 129.0 17 14
354.0 228.0 17 16
354.0 165.0 18 6
354.0 228.0 18 9
398.0 204.0 18 13
442.0 294.0 18 10
265.0 240.0 18 19
354.0 105.0 18 8
310.0 129.0 18 15
442.0 96.0 18 1
354.0 225.0 18 20
442.0 132.0 19 13
442.0 105.0 19 2
265.0 159.0 19 16
354.0 105.0 19 2
442.0 222.0 19 5
398.0 231.0 19 9
265.0 243.0 19 11
310.0 237.0 19 15
310.0 291.0 19 10
398.0 291.0 19 10
398.0 231.0 19 9
265.0 198.0 19 3
398.0 294.0 20 15
310.0 165.0 20 19
354.0 255.0 20 12
442.0 243.0 20 2

0 267 300 230 233 248 225 109 227 122 115 295 107 0 319 183 244 244 364 138 
0 267 300 230 233 248 225 0 227 122 115 295 107 216 319 183 244 244 364 138 
0 267 300 230 233 248 225 109 227 122 115 295 107 216 319 183 0 244 364 138 
0 267 300 230 233 248 225 109 227 122 115 295 107 216 0 183 244 244 364 138 
267 0 458 148 579 340 373 558 584 111 530 0 548 390 292 123 241 205 217 101 
267 0 458 148 579 340 373 558 584 111 530 399 548 390 292 123 241 205 0 101 
267 0 458 148 579 340 373 558 584 111 530 0 548 390 292 123 241 205 217 101 
267 0 458 148 579 340 373 558 584 111 530 399 548 390 292 123 241 205 217 0 
267 0 458 148 579 340 373 558 584 0 530 399 548 390 292 123 241 205 217 101 
590 458 0 478 122 437 381 279 159 178 308 0 388 572 564 380 185 521 380 389 
590 458 0 478 0 437 381 279 159 178 308 287 388 572 564 380 185 521 380 389 
590 458 0 478 122 437 0 279 159 178 308 287 388 572 564 380 185 521 380 389 
590 458 0 478 122 437 381 279 159 178 308 287 388 572 564 380 185 521 380 0 
230 148 0 0 337 587 389 336 417 597 366 349 592 131 534 592 160 450 179 259 
230 148 478 0 337 587 389 0 417 597 366 349 592 131 534 592 160 450 179 259 
230 148 478 0 337 587 389 336 417 597 366 349 592 131 534 592 0 450 179 259 
230 148 478 0 337 0 389 336 417 597 366 349 592 131 534 592 160 450 179 259 
230 148 0 0 337 587 389 336 417 597 366 349 592 131 534 592 160 450 179 259 
360 579 122 0 0 441 149 389 472 583 118 242 350 239 180 297 223 391 198 281 
360 579 122 337 0 441 149 389 472 583 118 242 350 0 180 297 223 391 198 281 
360 579 0 337 0 441 149 389 472 583 118 242 350 239 180 297 223 391 198 281 
360 579 122 337 0 441 149 389 472 583 118 242 350 239 180 297 223 391 0 281 
360 579 122 337 0 441 149 389 472 583 118 242 350 239 180 297 223 391 0 281 
248 340 437 587 441 0 587 139 105 143 0 355 412 300 557 485 473 277 563 341 
248 340 437 587 441 0 587 139 105 143 547 355 0 300 557 485 473 277 563 341 
248 340 437 587 441 0 587 139 105 143 547 355 412 300 557 0 473 277 563 341 
248 340 437 587 441 0 587 139 105 143 547 355 412 300 557 485 0 277 563 341 
248 340 0 587 441 0 587 139 105 143 547 355 412 300 557 485 473 277 563 341 
248 340 437 587 441 0 587 0 105 143 547 355 412 300 557 485 473 277 563 341 
248 340 437 587 441 0 587 139 105 143 547 355 412 0 557 485 473 277 563 341 
248 340 437 0 441 0 587 139 105 143 547 355 412 300 557 485 473 277 563 341 
248 340 437 0 441 0 587 139 105 143 547 355 412 300 557 485 473 277 563 341 
248 340 437 587 441 0 587 139 105 143 547 355 412 300 557 485 0 277 563 341 
248 340 437 587 441 0 0 139 105 143 547 355 412 300 557 485 473 277 563 341 
248 340 437 587 441 0 587 139 105 143 547 355 412 300 557 485 0 277 563 341 
0 373 381 389 149 587 0 327 442 103 342 327 434 195 333 176 469 418 588 493 
491 373 0 389 149 587 0 327 442 103 342 327 434 195 333 176 469 418 588 493 
491 373 381 389 149 587 0 327 442 103 342 327 434 195 333 176 469 0 588 493 
491 373 381 389 149 587 0 327 0 103 342 327 434 195 333 176 469 418 588 493 
491 373 381 389 149 587 0 327 442 103 342 327 0 195 333 176 469 418 588 493 
109 558 279 336 389 139 327 0 0 463 388 549 289 541 563 129 271 433 513 194 
109 558 279 336 0 139 327 0 204 463 388 549 289 541 563 129 271 433 513 194 
109 558 279 336 389 139 0 0 204 463 388 549 289 541 563 129 271 433 513 194 
109 558 279 336 389 139 327 0 204 463 388 549 289 541 0 129 271 433 513 194 
109 558 279 336 389 139 327 0 204 463 388 0 289 541 563 129 271 433 513 194 
109 558 279 336 389 139 327 0 204 463 388 0 289 541 563 129 271 433 513 194 
109 558 0 336 389 139 327 0 204 463 388 549 289 541 563 129 271 433 513 194 
109 558 279 336 389 139 327 0 204 463 388 549 289 541 0 129 271 433 513 194 
109 558 279 336 389 139 0 0 204 463 388 549 289 541 563 129 271 433 513 194 
109 558 279 336 389 139 327 0 204 463 388 549 289 541 563 129 0 433 513 194 
109 558 279 336 389 139 327 0 204 0 388 549 289 541 563 129 271 433 513 194 
425 584 0 417 472 105 442 204 0 105 522 152 501 396 490 459 137 133 173 500 
425 584 159 417 472 105 0 204 0 105 522 152 501 396 490 459 137 133 173 500 
0 584 159 417 472 105 442 204 0 105 522 152 501 396 490 459 137 133 173 500 
425 584 159 417 472 105 442 204 0 0 522 152 501 396 490 459 137 133 173 500 
425 584 159 417 0 105 442 204 0 105 522 152 501 396 490 459 137 133 173 500 
425 0 159 417 472 105 442 204 0 105 522 152 501 396 490 459 137 133 173 500 
425 584 159 417 472 105 442 204 0 105 0 152 501 396 490 459 137 133 173 500 
122 111 178 597 583 143 0 463 105 0 253 523 414 101 591 237 449 364 377 312 
122 111 178 597 583 143 103 463 105 0 253 523 414 101 591 237 449 364 377 0 
122 111 178 597 583 143 0 463 105 0 253 523 414 101 591 237 449 364 377 312 
122 111 178 597 583 143 103 463 0 0 253 523 414 101 591 237 449 364 377 312 
122 111 178 0 583 143 103 463 105 0 253 523 414 101 591 237 449 364 377 312 
122 0 178 597 583 143 103 463 105 0 253 523 414 101 591 237 449 364 377 312 
122 111 178 0 583 143 103 463 105 0 253 523 414 101 591 237 449 364 377 312 
122 111 178 597 583 143 103 463 105 0 253 523 0 101 591 237 449 364 377 312 
122 111 178 597 583 143 103 463 105 0 253 523 414 101 0 237 449 364 377 312 
122 111 178 597 583 143 103 463 0 0 253 523 414 101 591 237 449 364 377 312 
122 111 178 597 583 143 103 463 105 0 253 523 414 101 591 237 449 364 377 0 
122 111 178 597 583 143 103 463 105 0 253 523 414 101 591 237 449 364 0 312 
115 530 308 366 118 547 342 388 522 253 0 518 188 378 204 0 480 129 367 335 
115 530 308 366 118 547 342 388 522 253 0 518 188 378 204 273 480 129 367 0 
115 530 308 366 118 547 342 388 522 253 0 518 188 378 0 273 480 129 367 335 
115 0 308 366 118 547 342 388 522 253 0 518 188 378 204 273 480 129 367 335 
115 530 308 366 118 547 342 388 522 253 0 518 0 378 204 273 480 129 367 335 
115 530 308 366 118 547 342 388 522 253 0 518 188 0 204 273 480 129 367 335 
115 530 308 366 118 547 0 388 522 253 0 518 188 378 204 273 480 129 367 335 
115 530 308 366 118 547 342 388 522 0 0 518 188 378 204 273 480 129 367 335 
115 530 308 366 118 547 0 388 522 253 0 518 188 378 204 273 480 129 367 335 
115 530 308 366 118 547 342 0 522 253 0 518 188 378 204 273 480 129 367 335 
115 530 308 366 0 547 342 388 522 253 0 518 188 378 204 273 480 129 367 335 
0 399 287 349 242 355 327 549 152 523 518 0 495 291 354 112 166 275 123 306 
358 399 287 349 242 355 327 549 0 523 518 0 495 291 354 112 166 275 123 306 
358 399 287 349 242 355 327 549 152 523 518 0 0 291 354 112 166 275 123 306 
358 399 287 349 242 355 327 0 152 523 518 0 495 291 354 112 166 275 123 306 
358 399 287 0 242 355 327 549 152 523 518 0 495 291 354 112 166 275 123 306 
358 399 0 349 242 355 327 549 152 523 518 0 495 291 354 112 166 275 123 306 
358 399 287 349 242 355 327 0 152 523 518 0 495 291 354 112 166 275 123 306 
358 399 287 349 242 355 327 549 152 523 0 0 495 291 354 112 166 275 123 306 
358 399 287 349 242 0 327 549 152 523 518 0 495 291 354 112 166 275 123 306 
107 548 388 592 0 412 434 289 501 414 188 495 0 258 595 108 438 287 449 250 
0 548 388 592 350 412 434 289 501 414 188 495 0 258 595 108 438 287 449 250 
107 548 388 592 350 0 434 289 501 414 188 495 0 258 595 108 438 287 449 250 
0 548 388 592 350 412 434 289 501 414 188 495 0 258 595 108 438 287 449 250 
107 548 388 592 350 412 0 289 501 414 188 495 0 258 595 108 438 287 449 250 
216 390 0 131 239 300 195 541 396 101 378 291 258 0 427 518 204 163 548 335 
216 390 572 131 239 300 195 541 396 0 378 291 258 0 427 518 204 163 548 335 
216 390 572 131 239 300 195 541 396 101 0 291 258 0 427 518 204 163 548 335 
216 0 572 131 239 300 195 541 396 101 378 291 258 0 427 518 204 163 548 335 
216 390 572 131 239 300 195 541 396 101 378 291 258 0 427 518 204 163 548 0 
216 390 572 131 239 300 0 541 396 101 378 291 258 0 427 518 204 163 548 335 
216 390 572 131 0 300 195 541 396 101 378 291 258 0 427 518 204 163 548 335 
216 390 572 131 239 300 195 541 396 0 378 291 258 0 427 518 204 163 548 335 
578 292 564 534 180 557 333 563 490 591 204 354 595 427 0 441 418 439 0 482 
0 292 564 534 180 557 333 563 490 591 204 354 595 427 0 441 418 439 186 482 
578 292 564 534 180 557 333 563 490 591 0 354 595 427 0 441 418 439 186 482 
578 292 564 534 180 557 333 563 490 591 204 354 595 427 0 441 418 0 186 482 
578 292 564 534 180 557 0 563 490 591 204 354 595 427 0 441 418 439 186 482 
578 292 564 534 180 557 333 563 490 591 204 354 595 427 0 441 418 0 186 482 
578 292 564 534 180 557 333 563 490 591 204 0 595 427 0 441 418 439 186 482 
578 292 564 534 180 557 333 563 490 591 204 0 595 427 0 441 418 439 186 482 
578 292 564 534 180 557 333 0 490 591 204 354 595 427 0 441 418 439 186 482 
183 123 380 592 297 485 176 0 459 237 273 112 108 518 441 0 284 377 523 350 
0 123 380 592 297 485 176 129 459 237 273 112 108 518 441 0 284 377 523 350 
183 123 380 592 0 485 176 129 459 237 273 112 108 518 441 0 284 377 523 350 
0 123 380 592 297 485 176 129 459 237 273 112 108 518 441 0 284 377 523 350 
183 123 380 592 297 485 176 0 459 237 273 112 108 518 441 0 284 377 523 350 
183 123 380 592 297 485 176 129 459 237 273 112 108 518 441 0 284 377 523 0 
0 241 185 160 223 473 469 271 137 449 480 166 438 204 418 284 0 485 172 106 
372 241 185 160 223 473 0 271 137 449 480 166 438 204 418 284 0 485 172 106 
372 241 185 160 223 473 469 271 137 449 480 166 438 204 418 284 0 485 172 0 
372 241 185 160 223 473 469 271 137 449 480 166 0 204 418 284 0 485 172 106 
372 241 185 160 223 0 469 271 137 449 480 166 438 204 418 284 0 485 172 106 
372 241 185 160 223 473 469 271 137 449 480 166 438 204 418 284 0 0 172 106 
372 241 185 160 223 473 469 271 137 449 480 166 438 0 418 284 0 485 172 106 
372 241 185 160 223 473 469 271 137 449 480 166 438 204 0 284 0 485 172 106 
0 241 185 160 223 473 469 271 137 449 480 166 438 204 418 284 0 485 172 106 
372 241 185 0 223 473 469 271 137 449 480 166 438 204 418 284 0 485 172 106 
372 241 185 160 223 473 469 271 137 449 480 166 438 0 418 284 0 485 172 106 
372 241 185 160 223 473 469 271 137 449 480 166 438 204 418 0 0 485 172 106 
593 205 521 450 391 0 418 433 133 364 129 275 287 163 439 377 485 0 176 354 
593 205 521 450 391 277 418 433 0 364 129 275 287 163 439 377 485 0 176 354 
593 205 521 450 391 277 418 433 133 364 129 275 0 163 439 377 485 0 176 354 
593 205 521 450 391 277 418 433 133 0 129 275 287 163 439 377 485 0 176 354 
593 205 521 450 391 277 418 433 133 364 129 275 287 163 439 377 485 0 0 354 
593 205 521 450 391 277 418 0 133 364 129 275 287 163 439 377 485 0 176 354 
593 205 521 450 391 277 418 433 133 364 129 275 287 163 0 377 485 0 176 354 
0 205 521 450 391 277 418 433 133 364 129 275 287 163 439 377 485 0 176 354 
593 205 521 450 391 277 418 433 133 364 129 275 287 163 439 377 485 0 176 0 
364 217 380 179 198 563 588 513 173 377 367 123 0 548 186 523 172 176 0 432 
364 0 380 179 198 563 588 513 173 377 367 123 449 548 186 523 172 176 0 432 
364 217 380 179 198 563 588 513 173 377 367 123 449 548 186 0 172 176 0 432 
364 0 380 179 198 563 588 513 173 377 367 123 449 548 186 523 172 176 0 432 
364 217 380 179 0 563 588 513 173 377 367 123 449 548 186 523 172 176 0 432 
364 217 380 179 198 563 588 513 0 377 367 123 449 548 186 523 172 176 0 432 
364 217 380 179 198 563 588 513 173 377 0 123 449 548 186 523 172 176 0 432 
364 217 380 179 198 563 588 513 173 377 367 123 449 548 0 523 172 176 0 432 
364 217 380 179 198 563 588 513 173 0 367 123 449 548 186 523 172 176 0 432 
364 217 380 179 198 563 588 513 173 0 367 123 449 548 186 523 172 176 0 432 
364 217 380 179 198 563 588 513 0 377 367 123 449 548 186 523 172 176 0 432 
364 217 0 179 198 563 588 513 173 377 367 123 449 548 186 523 172 176 0 432 
138 101 389 259 281 341 493 194 500 312 335 306 250 335 0 350 106 354 432 0 
138 101 389 259 281 341 493 194 500 312 335 306 250 335 482 350 106 354 0 0 
138 101 389 259 281 341 493 194 500 312 335 0 250 335 482 350 106 354 432 0 
138 0 389 259 281 341 493 194 500 312 335 306 250 335 482 350 106 354 432 0 

3266.5
1 0.0 0.0
2 286.0 10.0
3 181.0 1.0
4 562.0 18.0
5 323.0 38.0
6 244.0 4.0
7 585.0 25.0
8 178.0 25.0
9 214.0 3.0
10 280.0 1.0
11 554.0 39.0
12 304.0 1.0
13 495.0 5.0
14 147.0 16.0
15 502.0 12.0
16 384.0 12.0
17 449.0 18.0
18 450.0 20.0
19 228.0 33.0
20 167.0 9.0
