20 240 5

0 444 560 346 368 460 344 571 307 324 476 200 513 409 553 387 533 577 530 105 
444 0 313 110 210 344 502 151 512 153 292 597 438 359 425 145 255 109 327 101 
560 313 0 407 580 429 160 582 215 587 288 440 146 146 259 116 280 327 350 464 
346 110 407 0 305 169 427 217 115 502 333 557 283 423 362 101 304 400 145 210 
368 210 580 305 0 317 223 349 364 117 165 555 469 445 187 584 556 241 318 419 
460 344 429 169 317 0 481 303 390 143 157 485 378 595 392 509 140 260 195 296 
344 502 160 427 223 481 0 529 536 385 141 323 388 550 449 383 146 346 112 236 
571 151 582 217 349 303 529 0 412 401 505 589 113 367 518 272 310 391 275 439 
307 512 215 115 364 390 536 412 0 216 249 106 207 274 597 489 520 514 420 517 
324 153 587 502 117 143 385 401 216 0 375 133 453 414 285 137 405 495 285 470 
476 292 288 333 165 157 141 505 249 375 0 408 456 282 124 124 143 247 437 568 
200 597 440 557 555 485 323 589 106 133 408 0 173 186 167 410 494 228 329 518 
513 438 146 283 469 378 388 113 207 453 456 173 0 591 486 139 371 524 207 384 
409 359 146 423 445 595 550 367 274 414 282 186 591 0 573 513 154 160 573 495 
553 425 259 362 187 392 449 518 597 285 124 167 486 573 0 415 547 564 450 183 
387 145 116 101 584 509 383 272 489 137 124 410 139 513 415 0 473 390 389 563 
533 255 280 304 556 140 146 310 520 405 143 494 371 154 547 473 0 256 364 287 
577 109 327 400 241 260 346 391 514 495 247 228 524 160 564 390 256 0 219 107 
530 327 350 145 318 195 112 275 420 285 437 329 207 573 450 389 364 219 0 166 
105 101 464 210 419 296 236 439 517 470 568 518 384 495 183 563 287 107 166 0 

0 55 77 80 89 61 35 62 39 55 33 61 45 94 89 81 55 67 37 74 
55 0 76 76 74 42 62 65 66 76 31 66 34 41 85 44 66 33 66 37 
77 76 0 65 43 37 53 56 58 92 99 44 47 55 97 40 94 92 64 31 
80 76 65 0 84 76 37 55 77 35 42 61 85 73 54 95 88 62 90 36 
89 74 43 84 0 76 70 60 87 76 89 93 68 45 93 90 47 94 72 67 
61 42 37 76 76 0 62 49 52 64 94 60 57 64 94 63 57 99 78 86 
35 62 53 37 70 62 0 34 64 76 57 50 90 36 76 80 47 76 54 46 
62 65 56 55 60 49 34 0 96 67 38 86 92 32 92 38 74 91 40 82 
39 66 58 77 87 52 64 96 0 95 54 41 92 85 84 61 33 94 45 64 
55 76 92 35 76 64 76 67 95 0 92 99 34 92 55 52 82 77 79 31 
33 31 99 42 89 94 57 38 54 92 0 40 74 96 98 67 48 49 79 47 
61 66 44 61 93 60 50 86 41 99 40 0 52 91 63 58 35 31 73 83 
45 34 47 85 68 57 90 92 92 34 74 52 0 40 71 38 52 42 80 75 
94 41 55 73 45 64 36 32 85 92 96 91 40 0 51 53 93 75 37 63 
89 85 97 54 93 94 76 92 84 55 98 63 71 51 0 52 82 79 36 80 
81 44 40 95 90 63 80 38 61 52 67 58 38 53 52 0 93 32 93 31 
55 66 94 88 47 57 47 74 33 82 48 35 52 93 82 93 0 73 90 59 
67 33 92 62 94 99 76 91 94 77 49 31 42 75 79 32 73 0 60 99 
37 66 64 90 72 78 54 40 45 79 79 73 80 37 36 93 90 60 0 83 
74 37 31 36 67 86 46 82 64 31 47 83 75 63 80 31 59 99 83 0 

413.0 243.0 1 16
367.0 243.0 1 16
276.0 105.0 1 7
367.0 213.0 1 14
367.0 222.0 1 20
367.0 99.0 1 11
413.0 99.0 1 11
276.0 105.0 1 7
276.0 165.0 1 2
276.0 219.0 1 15
322.0 165.0 1 2
413.0 99.0 1 11
322.0 243.0 1 16
413.0 267.0 1 5
459.0 99.0 1 11
367.0 105.0 1 7
459.0 213.0 1 14
459.0 165.0 2 1
413.0 126.0 2 6
459.0 93.0 2 11
276.0 165.0 2 1
276.0 228.0 2 4
413.0 132.0 2 16
322.0 228.0 2 4
276.0 198.0 2 17
413.0 222.0 2 5
322.0 195.0 2 8
413.0 93.0 2 11
276.0 195.0 2 8
459.0 222.0 2 5
276.0 255.0 2 15
322.0 99.0 2 18
459.0 132.0 2 16
413.0 222.0 2 5
459.0 99.0 2 18
276.0 165.0 3 14
459.0 297.0 3 11
413.0 192.0 3 19
367.0 141.0 3 13
367.0 195.0 3 4
413.0 297.0 3 11
459.0 282.0 3 17
459.0 276.0 3 18
367.0 228.0 3 2
367.0 297.0 3 11
459.0 228.0 3 2
322.0 291.0 3 15
276.0 168.0 3 8
459.0 93.0 3 20
413.0 129.0 3 5
322.0 270.0 4 19
367.0 264.0 4 17
413.0 255.0 4 13
276.0 186.0 4 18
413.0 255.0 4 13
413.0 264.0 4 17
367.0 126.0 4 11
413.0 105.0 4 10
367.0 279.0 5 15
413.0 228.0 5 6
276.0 282.0 5 18
459.0 279.0 5 15
459.0 135.0 5 14
367.0 252.0 5 4
322.0 135.0 5 14
367.0 228.0 5 10
459.0 270.0 5 16
413.0 270.0 5 16
367.0 261.0 5 9
413.0 282.0 5 18
367.0 228.0 5 6
413.0 126.0 6 2
459.0 192.0 6 10
459.0 189.0 6 16
459.0 192.0 6 14
322.0 171.0 6 13
276.0 228.0 6 4
367.0 192.0 7 9
367.0 108.0 7 14
322.0 192.0 7 9
367.0 210.0 7 5
322.0 102.0 7 8
459.0 228.0 7 15
367.0 240.0 7 16
413.0 159.0 7 3
322.0 186.0 7 2
322.0 228.0 7 15
322.0 111.0 7 4
322.0 192.0 7 9
367.0 222.0 8 17
413.0 276.0 8 15
413.0 96.0 8 14
276.0 96.0 8 14
459.0 114.0 8 11
322.0 276.0 8 15
367.0 165.0 8 4
367.0 165.0 8 4
322.0 282.0 9 18
367.0 162.0 9 11
413.0 198.0 9 2
367.0 99.0 9 17
322.0 252.0 9 15
322.0 123.0 9 12
322.0 102.0 10 13
367.0 192.0 10 6
459.0 237.0 10 19
367.0 228.0 10 7
413.0 297.0 10 12
322.0 237.0 10 19
276.0 246.0 10 17
459.0 285.0 10 9
367.0 285.0 10 9
413.0 105.0 10 4
459.0 228.0 10 2
459.0 165.0 10 15
276.0 228.0 10 7
459.0 246.0 10 17
322.0 297.0 10 12
367.0 276.0 10 14
367.0 165.0 10 1
322.0 237.0 11 19
367.0 267.0 11 5
413.0 201.0 11 16
276.0 282.0 11 6
367.0 93.0 11 2
276.0 282.0 11 6
276.0 141.0 11 20
413.0 222.0 11 13
276.0 276.0 11 10
322.0 114.0 11 8
322.0 162.0 11 9
367.0 120.0 12 11
276.0 123.0 12 9
413.0 183.0 12 1
367.0 273.0 12 14
459.0 93.0 12 18
322.0 219.0 12 19
322.0 258.0 12 8
367.0 132.0 12 3
276.0 123.0 12 9
367.0 123.0 12 9
276.0 105.0 12 17
276.0 150.0 12 7
322.0 174.0 12 16
322.0 120.0 12 11
276.0 93.0 12 18
459.0 273.0 12 14
276.0 204.0 13 5
459.0 270.0 13 7
367.0 270.0 13 7
413.0 255.0 13 4
413.0 225.0 13 20
459.0 141.0 13 3
459.0 192.0 14 6
413.0 273.0 14 12
367.0 225.0 14 18
322.0 288.0 14 11
322.0 192.0 14 6
413.0 189.0 14 20
459.0 108.0 14 7
367.0 153.0 14 15
413.0 120.0 14 13
322.0 153.0 14 15
367.0 279.0 14 17
276.0 192.0 14 6
276.0 96.0 14 8
322.0 255.0 14 9
413.0 273.0 14 12
367.0 276.0 14 10
322.0 120.0 14 13
367.0 279.0 14 17
276.0 282.0 14 1
413.0 255.0 15 2
413.0 240.0 15 20
322.0 267.0 15 1
459.0 153.0 15 14
276.0 246.0 15 17
276.0 294.0 15 11
322.0 213.0 15 13
322.0 246.0 15 17
322.0 276.0 15 8
276.0 108.0 15 19
413.0 108.0 15 19
367.0 267.0 15 1
322.0 240.0 15 20
322.0 156.0 15 16
459.0 276.0 15 8
367.0 267.0 15 1
276.0 165.0 15 10
367.0 294.0 15 11
367.0 156.0 15 16
459.0 159.0 16 14
459.0 114.0 16 8
322.0 114.0 16 13
413.0 279.0 16 19
459.0 114.0 16 13
413.0 189.0 16 6
413.0 270.0 16 5
367.0 120.0 16 3
322.0 279.0 16 17
276.0 99.0 17 9
276.0 198.0 17 2
322.0 219.0 17 18
413.0 222.0 17 8
459.0 141.0 17 7
276.0 279.0 17 16
459.0 279.0 17 16
322.0 219.0 17 18
276.0 270.0 17 19
322.0 156.0 17 13
459.0 231.0 18 10
413.0 297.0 18 20
413.0 237.0 18 15
413.0 219.0 18 17
276.0 147.0 18 11
322.0 273.0 18 8
322.0 201.0 18 1
322.0 126.0 18 13
276.0 93.0 18 12
276.0 147.0 18 11
459.0 108.0 19 15
276.0 111.0 19 1
459.0 249.0 19 20
413.0 111.0 19 14
367.0 120.0 19 8
413.0 234.0 19 6
413.0 279.0 19 16
322.0 111.0 19 14
459.0 270.0 19 17
322.0 111.0 19 14
413.0 198.0 19 2
459.0 234.0 19 6
276.0 192.0 19 3
322.0 249.0 20 19
459.0 93.0 20 3
367.0 240.0 20 15
367.0 138.0 20 7
367.0 222.0 20 1
276.0 93.0 20 10
459.0 189.0 20 14

0 444 467 315 368 401 341 357 306 324 412 200 373 372 288 0 392 212 271 105 
0 444 467 315 368 401 341 357 306 324 412 200 373 372 288 0 392 212 271 105 
0 444 467 315 368 401 0 357 306 324 412 200 373 372 288 351 392 212 271 105 
0 444 467 315 368 401 341 357 306 324 412 200 373 0 288 351 392 212 271 105 
0 444 467 315 368 401 341 357 306 324 412 200 373 372 288 351 392 212 271 0 
0 444 467 315 368 401 341 357 306 324 0 200 373 372 288 351 392 212 271 105 
0 444 467 315 368 401 341 357 306 324 0 200 373 372 288 351 392 212 271 105 
0 444 467 315 368 401 0 357 306 324 412 200 373 372 288 351 392 212 271 105 
0 0 467 315 368 401 341 357 306 324 412 200 373 372 288 351 392 212 271 105 
0 444 467 315 368 401 341 357 306 324 412 200 373 372 0 351 392 212 271 105 
0 0 467 315 368 401 341 357 306 324 412 200 373 372 288 351 392 212 271 105 
0 444 467 315 368 401 341 357 306 324 0 200 373 372 288 351 392 212 271 105 
0 444 467 315 368 401 341 357 306 324 412 200 373 372 288 0 392 212 271 105 
0 444 467 315 0 401 341 357 306 324 412 200 373 372 288 351 392 212 271 105 
0 444 467 315 368 401 341 357 306 324 0 200 373 372 288 351 392 212 271 105 
0 444 467 315 368 401 0 357 306 324 412 200 373 372 288 351 392 212 271 105 
0 444 467 315 368 401 341 357 306 324 412 200 373 0 288 351 392 212 271 105 
0 0 261 110 210 344 502 151 512 153 292 597 438 359 425 145 255 109 327 101 
444 0 261 110 210 0 502 151 512 153 292 597 438 359 425 145 255 109 327 101 
444 0 261 110 210 344 502 151 512 153 0 597 438 359 425 145 255 109 327 101 
0 0 261 110 210 344 502 151 512 153 292 597 438 359 425 145 255 109 327 101 
444 0 261 0 210 344 502 151 512 153 292 597 438 359 425 145 255 109 327 101 
444 0 261 110 210 344 502 151 512 153 292 597 438 359 425 0 255 109 327 101 
444 0 261 0 210 344 502 151 512 153 292 597 438 359 425 145 255 109 327 101 
444 0 261 110 210 344 502 151 512 153 292 597 438 359 425 145 0 109 327 101 
444 0 261 110 0 344 502 151 512 153 292 597 438 359 425 145 255 109 327 101 
444 0 261 110 210 344 502 0 512 153 292 597 438 359 425 145 255 109 327 101 
444 0 261 110 210 344 502 151 512 153 0 597 438 359 425 145 255 109 327 101 
444 0 261 110 210 344 502 0 512 153 292 597 438 359 425 145 255 109 327 101 
444 0 261 110 0 344 502 151 512 153 292 597 438 359 425 145 255 109 327 101 
444 0 261 110 210 344 502 151 512 153 292 597 438 359 0 145 255 109 327 101 
444 0 261 110 210 344 502 151 512 153 292 597 438 359 425 145 255 0 327 101 
444 0 261 110 210 344 502 151 512 153 292 597 438 359 425 0 255 109 327 101 
444 0 261 110 0 344 502 151 512 153 292 597 438 359 425 145 255 109 327 101 
444 0 261 110 210 344 502 151 512 153 292 597 438 359 425 145 255 0 327 101 
560 313 0 407 580 429 160 582 215 587 288 440 146 0 259 116 280 327 350 464 
560 313 0 407 580 429 160 582 215 587 0 440 146 146 259 116 280 327 350 464 
560 313 0 407 580 429 160 582 215 587 288 440 146 146 259 116 280 327 0 464 
560 313 0 407 580 429 160 582 215 587 288 440 0 146 259 116 280 327 350 464 
560 313 0 0 580 429 160 582 215 587 288 440 146 146 259 116 280 327 350 464 
560 313 0 407 580 429 160 582 215 587 0 440 146 146 259 116 280 327 350 464 
560 313 0 407 580 429 160 582 215 587 288 440 146 146 259 116 0 327 350 464 
560 313 0 407 580 429 160 582 215 587 288 440 146 146 259 116 280 0 350 464 
560 0 0 407 580 429 160 582 215 587 288 440 146 146 259 116 280 327 350 464 
560 313 0 407 580 429 160 582 215 587 0 440 146 146 259 116 280 327 350 464 
560 0 0 407 580 429 160 582 215 587 288 440 146 146 259 116 280 327 350 464 
560 313 0 407 580 429 160 582 215 587 288 440 146 146 0 116 280 327 350 464 
560 313 0 407 580 429 160 0 215 587 288 440 146 146 259 116 280 327 350 464 
560 313 0 407 580 429 160 582 215 587 288 440 146 146 259 116 280 327 350 0 
560 313 0 407 0 429 160 582 215 587 288 440 146 146 259 116 280 327 350 464 
346 110 407 0 305 169 427 217 115 502 333 557 283 423 362 101 304 400 0 210 
346 110 407 0 305 169 427 217 115 502 333 557 283 423 362 101 0 400 145 210 
346 110 407 0 305 169 427 217 115 502 333 557 0 423 362 101 304 400 145 210 
346 110 407 0 305 169 427 217 115 502 333 557 283 423 362 101 304 0 145 210 
346 110 407 0 305 169 427 217 115 502 333 557 0 423 362 101 304 400 145 210 
346 110 407 0 305 169 427 217 115 502 333 557 283 423 362 101 0 400 145 210 
346 110 407 0 305 169 427 217 115 502 0 557 283 423 362 101 304 400 145 210 
346 110 407 0 305 169 427 217 115 0 333 557 283 423 362 101 304 400 145 210 
368 210 580 305 0 317 223 349 364 117 165 555 469 445 0 584 556 241 318 419 
368 210 580 305 0 0 223 349 364 117 165 555 469 445 187 584 556 241 318 419 
368 210 580 305 0 317 223 349 364 117 165 555 469 445 187 584 556 0 318 419 
368 210 580 305 0 317 223 349 364 117 165 555 469 445 0 584 556 241 318 419 
368 210 580 305 0 317 223 349 364 117 165 555 469 0 187 584 556 241 318 419 
368 210 580 0 0 317 223 349 364 117 165 555 469 445 187 584 556 241 318 419 
368 210 580 305 0 317 223 349 364 117 165 555 469 0 187 584 556 241 318 419 
368 210 580 305 0 317 223 349 364 0 165 555 469 445 187 584 556 241 318 419 
368 210 580 305 0 317 223 349 364 117 165 555 469 445 187 0 556 241 318 419 
368 210 580 305 0 317 223 349 364 117 165 555 469 445 187 0 556 241 318 419 
368 210 580 305 0 317 223 349 0 117 165 555 469 445 187 584 556 241 318 419 
368 210 580 305 0 317 223 349 364 117 165 555 469 445 187 584 556 0 318 419 
368 210 580 305 0 0 223 349 364 117 165 555 469 445 187 584 556 241 318 419 
460 0 429 169 317 0 481 303 390 143 157 485 378 595 392 509 140 260 195 296 
460 344 429 169 317 0 481 303 390 0 157 485 378 595 392 509 140 260 195 296 
460 344 429 169 317 0 481 303 390 143 157 485 378 595 392 0 140 260 195 296 
460 344 429 169 317 0 481 303 390 143 157 485 378 0 392 509 140 260 195 296 
460 344 429 169 317 0 481 303 390 143 157 485 0 595 392 509 140 260 195 296 
460 344 429 0 317 0 481 303 390 143 157 485 378 595 392 509 140 260 195 296 
344 502 160 427 223 481 0 529 0 385 141 323 388 550 449 383 146 346 112 236 
344 502 160 427 223 481 0 529 536 385 141 323 388 0 449 383 146 346 112 236 
344 502 160 427 223 481 0 529 0 385 141 323 388 550 449 383 146 346 112 236 
344 502 160 427 0 481 0 529 536 385 141 323 388 550 449 383 146 346 112 236 
344 502 160 427 223 481 0 0 536 385 141 323 388 550 449 383 146 346 112 236 
344 502 160 427 223 481 0 529 536 385 141 323 388 550 0 383 146 346 112 236 
344 502 160 427 223 481 0 529 536 385 141 323 388 550 449 0 146 346 112 236 
344 502 0 427 223 481 0 529 536 385 141 323 388 550 449 383 146 346 112 236 
344 0 160 427 223 481 0 529 536 385 141 323 388 550 449 383 146 346 112 236 
344 502 160 427 223 481 0 529 536 385 141 323 388 550 0 383 146 346 112 236 
344 502 160 0 223 481 0 529 536 385 141 323 388 550 449 383 146 346 112 236 
344 502 160 427 223 481 0 529 0 385 141 323 388 550 449 383 146 346 112 236 
571 151 582 217 349 303 529 0 412 401 505 589 113 367 518 272 0 391 275 439 
571 151 582 217 349 303 529 0 412 401 505 589 113 367 0 272 310 391 275 439 
571 151 582 217 349 303 529 0 412 401 505 589 113 0 518 272 310 391 275 439 
571 151 582 217 349 303 529 0 412 401 505 589 113 0 518 272 310 391 275 439 
571 151 582 217 349 303 529 0 412 401 0 589 113 367 518 272 310 391 275 439 
571 151 582 217 349 303 529 0 412 401 505 589 113 367 0 272 310 391 275 439 
571 151 582 0 349 303 529 0 412 401 505 589 113 367 518 272 310 391 275 439 
571 151 582 0 349 303 529 0 412 401 505 589 113 367 518 272 310 391 275 439 
307 512 215 115 364 390 536 412 0 216 249 106 207 274 597 489 520 0 420 517 
307 512 215 115 364 390 536 412 0 216 0 106 207 274 597 489 520 514 420 517 
307 0 215 115 364 390 536 412 0 216 249 106 207 274 597 489 520 514 420 517 
307 512 215 115 364 390 536 412 0 216 249 106 207 274 597 489 0 514 420 517 
307 512 215 115 364 390 536 412 0 216 249 106 207 274 0 489 520 514 420 517 
307 512 215 115 364 390 536 412 0 216 249 0 207 274 597 489 520 514 420 517 
324 153 587 502 117 143 385 401 216 0 375 133 0 414 285 137 405 495 285 470 
324 153 587 502 117 0 385 401 216 0 375 133 453 414 285 137 405 495 285 470 
324 153 587 502 117 143 385 401 216 0 375 133 453 414 285 137 405 495 0 470 
324 153 587 502 117 143 0 401 216 0 375 133 453 414 285 137 405 495 285 470 
324 153 587 502 117 143 385 401 216 0 375 0 453 414 285 137 405 495 285 470 
324 153 587 502 117 143 385 401 216 0 375 133 453 414 285 137 405 495 0 470 
324 153 587 502 117 143 385 401 216 0 375 133 453 414 285 137 0 495 285 470 
324 153 587 502 117 143 385 401 0 0 375 133 453 414 285 137 405 495 285 470 
324 153 587 502 117 143 385 401 0 0 375 133 453 414 285 137 405 495 285 470 
324 153 587 0 117 143 385 401 216 0 375 133 453 414 285 137 405 495 285 470 
324 0 587 502 117 143 385 401 216 0 375 133 453 414 285 137 405 495 285 470 
324 153 587 502 117 143 385 401 216 0 375 133 453 414 0 137 405 495 285 470 
324 153 587 502 117 143 0 401 216 0 375 133 453 414 285 137 405 495 285 470 
324 153 587 502 117 143 385 401 216 0 375 133 453 414 285 137 0 495 285 470 
324 153 587 502 117 143 385 401 216 0 375 0 453 414 285 137 405 495 285 470 
324 153 587 502 117 143 385 401 216 0 375 133 453 0 285 137 405 495 285 470 
0 153 587 502 117 143 385 401 216 0 375 133 453 414 285 137 405 495 285 470 
476 292 288 333 165 157 141 505 249 375 0 408 456 282 124 124 143 247 0 568 
476 292 288 333 0 157 141 505 249 375 0 408 456 282 124 124 143 247 437 568 
476 292 288 333 165 157 141 505 249 375 0 408 456 282 124 0 143 247 437 568 
476 292 288 333 165 0 141 505 249 375 0 408 456 282 124 124 143 247 437 568 
476 0 288 333 165 157 141 505 249 375 0 408 456 282 124 124 143 247 437 568 
476 292 288 333 165 0 141 505 249 375 0 408 456 282 124 124 143 247 437 568 
476 292 288 333 165 157 141 505 249 375 0 408 456 282 124 124 143 247 437 0 
476 292 288 333 165 157 141 505 249 375 0 408 0 282 124 124 143 247 437 568 
476 292 288 333 165 157 141 505 249 0 0 408 456 282 124 124 143 247 437 568 
476 292 288 333 165 157 141 0 249 375 0 408 456 282 124 124 143 247 437 568 
476 292 288 333 165 157 141 505 0 375 0 408 456 282 124 124 143 247 437 568 
200 597 440 557 555 485 323 589 106 133 0 0 173 186 167 410 494 228 329 518 
200 597 440 557 555 485 323 589 0 133 408 0 173 186 167 410 494 228 329 518 
0 597 440 557 555 485 323 589 106 133 408 0 173 186 167 410 494 228 329 518 
200 597 440 557 555 485 323 589 106 133 408 0 173 0 167 410 494 228 329 518 
200 597 440 557 555 485 323 589 106 133 408 0 173 186 167 410 494 0 329 518 
200 597 440 557 555 485 323 589 106 133 408 0 173 186 167 410 494 228 0 518 
200 597 440 557 555 485 323 0 106 133 408 0 173 186 167 410 494 228 329 518 
200 597 0 557 555 485 323 589 106 133 408 0 173 186 167 410 494 228 329 518 
200 597 440 557 555 485 323 589 0 133 408 0 173 186 167 410 494 228 329 518 
200 597 440 557 555 485 323 589 0 133 408 0 173 186 167 410 494 228 329 518 
200 597 440 557 555 485 323 589 106 133 408 0 173 186 167 410 0 228 329 518 
200 597 440 557 555 485 0 589 106 133 408 0 173 186 167 410 494 228 329 518 
200 597 440 557 555 485 323 589 106 133 408 0 173 186 167 0 494 228 329 518 
200 597 440 557 555 485 323 589 106 133 0 0 173 186 167 410 494 228 329 518 
200 597 440 557 555 485 323 589 106 133 408 0 173 186 167 410 494 0 329 518 
200 597 440 557 555 485 323 589 106 133 408 0 173 0 167 410 494 228 329 518 
513 438 146 283 0 378 388 113 207 453 456 173 0 591 486 139 371 524 207 384 
513 438 146 283 469 378 0 113 207 453 456 173 0 591 486 139 371 524 207 384 
513 438 146 283 469 378 0 113 207 453 456 173 0 591 486 139 371 524 207 384 
513 438 146 0 469 378 388 113 207 453 456 173 0 591 486 139 371 524 207 384 
513 438 146 283 469 378 388 113 207 453 456 173 0 591 486 139 371 524 207 0 
513 438 0 283 469 378 388 113 207 453 456 173 0 591 486 139 371 524 207 384 
409 359 146 423 445 0 550 367 274 414 282 186 591 0 573 513 154 160 573 495 
409 359 146 423 445 595 550 367 274 414 282 0 591 0 573 513 154 160 573 495 
409 359 146 423 445 595 550 367 274 414 282 186 591 0 573 513 154 0 573 495 
409 359 146 423 445 595 550 367 274 414 0 186 591 0 573 513 154 160 573 495 
409 359 146 423 445 0 550 367 274 414 282 186 591 0 573 513 154 160 573 495 
409 359 146 423 445 595 550 367 274 414 282 186 591 0 573 513 154 160 573 0 
409 359 146 423 445 595 0 367 274 414 282 186 591 0 573 513 154 160 573 495 
409 359 146 423 445 595 550 367 274 414 282 186 591 0 0 513 154 160 573 495 
409 359 146 423 445 595 550 367 274 414 282 186 0 0 573 513 154 160 573 495 
409 359 146 423 445 595 550 367 274 414 282 186 591 0 0 513 154 160 573 495 
409 359 146 423 445 595 550 367 274 414 282 186 591 0 573 513 0 160 573 495 
409 359 146 423 445 0 550 367 274 414 282 186 591 0 573 513 154 160 573 495 
409 359 146 423 445 595 550 0 274 414 282 186 591 0 573 513 154 160 573 495 
409 359 146 423 445 595 550 367 0 414 282 186 591 0 573 513 154 160 573 495 
409 359 146 423 445 595 550 367 274 414 282 0 591 0 573 513 154 160 573 495 
409 359 146 423 445 595 550 367 274 0 282 186 591 0 573 513 154 160 573 495 
409 359 146 423 445 595 550 367 274 414 282 186 0 0 573 513 154 160 573 495 
409 359 146 423 445 595 550 367 274 414 282 186 591 0 573 513 0 160 573 495 
0 359 146 423 445 595 550 367 274 414 282 186 591 0 573 513 154 160 573 495 
553 0 259 362 187 392 449 518 597 285 124 167 486 573 0 415 547 564 450 183 
553 425 259 362 187 392 449 518 597 285 124 167 486 573 0 415 547 564 450 0 
0 425 259 362 187 392 449 518 597 285 124 167 486 573 0 415 547 564 450 183 
553 425 259 362 187 392 449 518 597 285 124 167 486 0 0 415 547 564 450 183 
553 425 259 362 187 392 449 518 597 285 124 167 486 573 0 415 0 564 450 183 
553 425 259 362 187 392 449 518 597 285 0 167 486 573 0 415 547 564 450 183 
553 425 259 362 187 392 449 518 597 285 124 167 0 573 0 415 547 564 450 183 
553 425 259 362 187 392 449 518 597 285 124 167 486 573 0 415 0 564 450 183 
553 425 259 362 187 392 449 0 597 285 124 167 486 573 0 415 547 564 450 183 
553 425 259 362 187 392 449 518 597 285 124 167 486 573 0 415 547 564 0 183 
553 425 259 362 187 392 449 518 597 285 124 167 486 573 0 415 547 564 0 183 
0 425 259 362 187 392 449 518 597 285 124 167 486 573 0 415 547 564 450 183 
553 425 259 362 187 392 449 518 597 285 124 167 486 573 0 415 547 564 450 0 
553 425 259 362 187 392 449 518 597 285 124 167 486 573 0 0 547 564 450 183 
553 425 259 362 187 392 449 0 597 285 124 167 486 573 0 415 547 564 450 183 
0 425 259 362 187 392 449 518 597 285 124 167 486 573 0 415 547 564 450 183 
553 425 259 362 187 392 449 518 597 0 124 167 486 573 0 415 547 564 450 183 
553 425 259 362 187 392 449 518 597 285 0 167 486 573 0 415 547 564 450 183 
553 425 259 362 187 392 449 518 597 285 124 167 486 573 0 0 547 564 450 183 
387 145 116 101 584 509 383 272 489 137 124 410 139 0 415 0 473 390 389 563 
387 145 116 101 584 509 383 0 489 137 124 410 139 513 415 0 473 390 389 563 
387 145 116 101 584 509 383 272 489 137 124 410 0 513 415 0 473 390 389 563 
387 145 116 101 584 509 383 272 489 137 124 410 139 513 415 0 473 390 0 563 
387 145 116 101 584 509 383 272 489 137 124 410 0 513 415 0 473 390 389 563 
387 145 116 101 584 0 383 272 489 137 124 410 139 513 415 0 473 390 389 563 
387 145 116 101 0 509 383 272 489 137 124 410 139 513 415 0 473 390 389 563 
387 145 0 101 584 509 383 272 489 137 124 410 139 513 415 0 473 390 389 563 
387 145 116 101 584 509 383 272 489 137 124 410 139 513 415 0 0 390 389 563 
533 255 280 304 556 140 146 310 0 405 143 494 371 154 547 473 0 256 364 287 
533 0 280 304 556 140 146 310 520 405 143 494 371 154 547 473 0 256 364 287 
533 255 280 304 556 140 146 310 520 405 143 494 371 154 547 473 0 0 364 287 
533 255 280 304 556 140 146 0 520 405 143 494 371 154 547 473 0 256 364 287 
533 255 280 304 556 140 0 310 520 405 143 494 371 154 547 473 0 256 364 287 
533 255 280 304 556 140 146 310 520 405 143 494 371 154 547 0 0 256 364 287 
533 255 280 304 556 140 146 310 520 405 143 494 371 154 547 0 0 256 364 287 
533 255 280 304 556 140 146 310 520 405 143 494 371 154 547 473 0 0 364 287 
533 255 280 304 556 140 146 310 520 405 143 494 371 154 547 473 0 256 0 287 
533 255 280 304 556 140 146 310 520 405 143 494 0 154 547 473 0 256 364 287 
577 109 327 400 241 260 346 391 514 0 247 228 524 160 564 390 256 0 219 107 
577 109 327 400 241 260 346 391 514 495 247 228 524 160 564 390 256 0 219 0 
577 109 327 400 241 260 346 391 514 495 247 228 524 160 0 390 256 0 219 107 
577 109 327 400 241 260 346 391 514 495 247 228 524 160 564 390 0 0 219 107 
577 109 327 400 241 260 346 391 514 495 0 228 524 160 564 390 256 0 219 107 
577 109 327 400 241 260 346 0 514 495 247 228 524 160 564 390 256 0 219 107 
0 109 327 400 241 260 346 391 514 495 247 228 524 160 564 390 256 0 219 107 
577 109 327 400 241 260 346 391 514 495 247 228 0 160 564 390 256 0 219 107 
577 109 327 400 241 260 346 391 514 495 247 0 524 160 564 390 256 0 219 107 
577 109 327 400 241 260 346 391 514 495 0 228 524 160 564 390 256 0 219 107 
530 327 350 145 318 195 112 275 420 285 437 329 207 573 0 389 364 219 0 166 
0 327 350 145 318 195 112 275 420 285 437 329 207 573 450 389 364 219 0 166 
530 327 350 145 318 195 112 275 420 285 437 329 207 573 450 389 364 219 0 0 
530 327 350 145 318 195 112 275 420 285 437 329 207 0 450 389 364 219 0 166 
530 327 350 145 318 195 112 0 420 285 437 329 207 573 450 389 364 219 0 166 
530 327 350 145 318 0 112 275 420 285 437 329 207 573 450 389 364 219 0 166 
530 327 350 145 318 195 112 275 420 285 437 329 207 573 450 0 364 219 0 166 
530 327 350 145 318 195 112 275 420 285 437 329 207 0 450 389 364 219 0 166 
530 327 350 145 318 195 112 275 420 285 437 329 207 573 450 389 0 219 0 166 
530 327 350 145 318 195 112 275 420 285 437 329 207 0 450 389 364 219 0 166 
530 0 350 145 318 195 112 275 420 285 437 329 207 573 450 389 364 219 0 166 
530 327 350 145 318 0 112 275 420 285 437 329 207 573 450 389 364 219 0 166 
530 327 0 145 318 195 112 275 420 285 437 329 207 573 450 389 364 219 0 166 
105 101 362 210 419 296 236 252 517 470 568 518 384 495 183 246 287 107 0 0 
105 101 0 210 419 296 236 252 517 470 568 518 384 495 183 246 287 107 166 0 
105 101 362 210 419 296 236 252 517 470 568 518 384 495 0 246 287 107 166 0 
105 101 362 210 419 296 0 252 517 470 568 518 384 495 183 246 287 107 166 0 
0 101 362 210 419 296 236 252 517 470 568 518 384 495 183 246 287 107 166 0 
105 101 362 210 419 296 236 252 517 0 568 518 384 495 183 246 287 107 166 0 
105 101 362 210 419 296 236 252 517 470 568 518 384 0 183 246 287 107 166 0 

3508.0
1 0.0 0.0
2 443.0 35.0
3 157.0 34.0
4 358.0 7.0
5 244.0 6.0
6 514.0 25.0
7 296.0 17.0
8 547.0 20.0
9 123.0 25.0
10 148.0 17.0
11 310.0 26.0
12 235.0 29.0
13 518.0 3.0
14 573.0 37.0
15 542.0 29.0
16 596.0 37.0
17 314.0 20.0
18 307.0 17.0
19 433.0 38.0
20 358.0 3.0
