20 148 4

0 531 424 676 361 514 548 488 624 205 642 522 609 410 587 450 626 645 270 318 
531 0 627 243 643 161 562 636 370 686 261 516 105 466 153 630 140 228 697 557 
424 627 0 487 538 443 217 279 177 197 122 639 560 269 637 359 146 214 384 550 
676 243 487 0 278 669 490 648 309 299 508 186 271 454 303 202 258 464 145 580 
361 643 538 278 0 320 496 647 463 587 559 592 647 488 651 155 355 302 280 158 
514 161 443 669 320 0 278 121 501 421 451 231 538 531 697 487 575 208 694 305 
548 562 217 490 496 278 0 447 671 184 141 531 427 590 596 387 142 326 669 392 
488 636 279 648 647 121 447 0 213 136 421 285 322 542 446 252 527 607 250 501 
624 370 177 309 463 501 671 213 0 533 281 437 248 199 140 237 643 134 566 431 
205 686 197 299 587 421 184 136 533 0 512 593 689 502 678 200 680 618 144 350 
642 261 122 508 559 451 141 421 281 512 0 344 627 346 328 484 473 335 654 640 
522 516 639 186 592 231 531 285 437 593 344 0 562 272 429 343 215 575 623 592 
609 105 560 271 647 538 427 322 248 689 627 562 0 323 673 592 131 440 442 205 
410 466 269 454 488 531 590 542 199 502 346 272 323 0 242 232 483 339 266 517 
587 153 637 303 651 697 596 446 140 678 328 429 673 242 0 230 161 145 589 234 
450 630 359 202 155 487 387 252 237 200 484 343 592 232 230 0 652 569 494 210 
626 140 146 258 355 575 142 527 643 680 473 215 131 483 161 652 0 661 146 466 
645 228 214 464 302 208 326 607 134 618 335 575 440 339 145 569 661 0 215 240 
270 697 384 145 280 694 669 250 566 144 654 623 442 266 589 494 146 215 0 502 
318 557 550 580 158 305 392 501 431 350 640 592 205 517 234 210 466 240 502 0 

0 39 24 58 80 32 49 45 59 92 29 24 47 27 34 35 28 52 86 69 
39 0 47 99 58 67 59 46 66 52 79 37 96 52 99 45 81 91 28 23 
24 47 0 47 42 47 81 86 97 98 64 50 48 86 32 77 72 89 99 55 
58 99 47 0 68 31 50 29 66 81 26 68 88 30 77 80 68 29 76 29 
80 58 42 68 0 85 21 55 38 47 52 41 51 31 59 66 77 76 99 66 
32 67 47 31 85 0 93 78 32 47 27 70 27 20 27 40 30 94 41 73 
49 59 81 50 21 93 0 33 35 61 74 49 41 33 22 80 97 64 46 72 
45 46 86 29 55 78 33 0 86 81 38 88 86 32 36 97 36 38 68 34 
59 66 97 66 38 32 35 86 0 54 63 51 88 82 89 78 34 72 36 30 
92 52 98 81 47 47 61 81 54 0 56 36 45 58 43 60 36 25 95 96 
29 79 64 26 52 27 74 38 63 56 0 86 35 78 66 45 50 78 43 50 
24 37 50 68 41 70 49 88 51 36 86 0 42 90 30 77 98 55 22 52 
47 96 48 88 51 27 41 86 88 45 35 42 0 71 20 48 79 28 45 68 
27 52 86 30 31 20 33 32 82 58 78 90 71 0 76 87 49 86 93 58 
34 99 32 77 59 27 22 36 89 43 66 30 20 76 0 86 67 63 45 79 
35 45 77 80 66 40 80 97 78 60 45 77 48 87 86 0 26 54 53 76 
28 81 72 68 77 30 97 36 34 36 50 98 79 49 67 26 0 48 84 59 
52 91 89 29 76 94 64 38 72 25 78 55 28 86 63 54 48 0 79 80 
86 28 99 76 99 41 46 68 36 95 43 22 45 93 45 53 84 79 0 57 
69 23 55 29 66 73 72 34 30 96 50 52 68 58 79 76 59 80 57 0 

573.0 156.0 1 18
516.0 165.0 1 4
516.0 117.0 1 2
459.0 141.0 1 13
344.0 81.0 1 14
459.0 96.0 1 6
459.0 135.0 1 8
573.0 201.0 2 6
344.0 156.0 2 10
344.0 198.0 2 9
573.0 288.0 2 13
459.0 198.0 2 9
516.0 111.0 2 12
401.0 297.0 2 15
344.0 177.0 2 7
573.0 174.0 2 5
573.0 288.0 2 13
344.0 273.0 2 18
401.0 69.0 2 20
516.0 291.0 3 9
459.0 141.0 3 6
344.0 231.0 3 16
401.0 192.0 3 11
573.0 150.0 3 12
401.0 294.0 3 10
516.0 204.0 4 17
344.0 240.0 4 16
401.0 90.0 4 14
344.0 87.0 4 18
573.0 87.0 4 18
459.0 87.0 4 8
516.0 198.0 4 9
573.0 87.0 4 20
344.0 174.0 4 1
516.0 198.0 4 9
401.0 198.0 5 16
573.0 240.0 5 1
344.0 204.0 5 4
573.0 126.0 5 3
344.0 279.0 6 7
401.0 81.0 6 13
344.0 60.0 6 14
344.0 219.0 6 20
401.0 123.0 6 19
344.0 210.0 6 12
344.0 93.0 6 4
573.0 216.0 7 20
401.0 291.0 7 17
344.0 138.0 7 19
401.0 240.0 7 16
573.0 183.0 7 10
401.0 291.0 7 17
459.0 291.0 7 17
516.0 234.0 8 6
573.0 114.0 8 11
401.0 108.0 8 17
401.0 108.0 8 17
401.0 204.0 8 19
459.0 246.0 9 14
401.0 153.0 9 12
459.0 246.0 9 14
516.0 198.0 9 2
516.0 108.0 10 12
516.0 285.0 10 19
516.0 108.0 10 17
516.0 156.0 10 2
516.0 288.0 10 20
516.0 75.0 10 18
344.0 294.0 10 3
344.0 75.0 10 18
401.0 243.0 10 4
573.0 222.0 11 7
344.0 135.0 11 16
344.0 237.0 11 2
344.0 168.0 11 10
459.0 237.0 11 2
516.0 168.0 11 10
401.0 114.0 11 8
401.0 90.0 12 15
573.0 264.0 12 8
344.0 147.0 12 7
516.0 111.0 12 2
516.0 84.0 13 18
459.0 213.0 13 14
401.0 123.0 13 7
344.0 135.0 13 19
344.0 153.0 13 5
459.0 144.0 13 16
516.0 258.0 13 8
516.0 126.0 13 12
344.0 81.0 13 6
401.0 264.0 13 9
573.0 258.0 14 3
344.0 279.0 14 19
344.0 93.0 14 5
459.0 96.0 14 8
401.0 174.0 14 20
401.0 270.0 14 12
344.0 279.0 14 19
516.0 246.0 14 9
401.0 279.0 14 19
459.0 60.0 14 6
401.0 213.0 14 13
459.0 267.0 15 9
459.0 90.0 15 12
573.0 90.0 15 12
344.0 90.0 15 12
516.0 129.0 15 10
401.0 189.0 15 18
516.0 177.0 15 5
516.0 60.0 15 13
573.0 231.0 16 12
573.0 240.0 16 7
401.0 231.0 16 12
344.0 258.0 16 15
401.0 135.0 16 2
344.0 135.0 16 2
344.0 240.0 16 7
459.0 240.0 16 7
573.0 78.0 16 17
459.0 78.0 16 17
516.0 240.0 16 4
344.0 135.0 16 11
344.0 78.0 17 16
459.0 294.0 17 12
573.0 147.0 17 14
401.0 144.0 17 18
459.0 78.0 17 16
573.0 237.0 17 13
459.0 84.0 18 13
516.0 237.0 18 19
401.0 216.0 18 9
344.0 189.0 18 15
401.0 240.0 18 20
459.0 75.0 18 10
344.0 66.0 19 12
344.0 84.0 19 2
573.0 204.0 19 8
516.0 123.0 19 6
401.0 135.0 19 13
459.0 135.0 19 13
516.0 174.0 20 14
401.0 150.0 20 11
401.0 87.0 20 4
401.0 228.0 20 16
459.0 237.0 20 15
516.0 171.0 20 19
573.0 219.0 20 6

0 531 402 415 361 462 389 341 554 205 524 522 523 410 552 405 416 0 270 318 
0 531 402 0 361 462 389 341 554 205 524 522 523 410 552 405 416 485 270 318 
0 0 402 415 361 462 389 341 554 205 524 522 523 410 552 405 416 485 270 318 
0 531 402 415 361 462 389 341 554 205 524 522 0 410 552 405 416 485 270 318 
0 531 402 415 361 462 389 341 554 205 524 522 523 0 552 405 416 485 270 318 
0 531 402 415 361 0 389 341 554 205 524 522 523 410 552 405 416 485 270 318 
0 531 402 415 361 462 389 0 554 205 524 522 523 410 552 405 416 485 270 318 
531 0 627 243 643 0 562 636 370 686 261 516 105 466 153 630 140 228 697 557 
531 0 627 243 643 161 562 636 370 0 261 516 105 466 153 630 140 228 697 557 
531 0 627 243 643 161 562 636 0 686 261 516 105 466 153 630 140 228 697 557 
531 0 627 243 643 161 562 636 370 686 261 516 0 466 153 630 140 228 697 557 
531 0 627 243 643 161 562 636 0 686 261 516 105 466 153 630 140 228 697 557 
531 0 627 243 643 161 562 636 370 686 261 0 105 466 153 630 140 228 697 557 
531 0 627 243 643 161 562 636 370 686 261 516 105 466 0 630 140 228 697 557 
531 0 627 243 643 161 0 636 370 686 261 516 105 466 153 630 140 228 697 557 
531 0 627 243 0 161 562 636 370 686 261 516 105 466 153 630 140 228 697 557 
531 0 627 243 643 161 562 636 370 686 261 516 0 466 153 630 140 228 697 557 
531 0 627 243 643 161 562 636 370 686 261 516 105 466 153 630 140 0 697 557 
531 0 627 243 643 161 562 636 370 686 261 516 105 466 153 630 140 228 697 0 
424 627 0 487 538 443 217 279 0 197 122 639 560 269 637 359 146 214 384 550 
424 627 0 487 538 0 217 279 177 197 122 639 560 269 637 359 146 214 384 550 
424 627 0 487 538 443 217 279 177 197 122 639 560 269 637 0 146 214 384 550 
424 627 0 487 538 443 217 279 177 197 0 639 560 269 637 359 146 214 384 550 
424 627 0 487 538 443 217 279 177 197 122 0 560 269 637 359 146 214 384 550 
424 627 0 487 538 443 217 279 177 0 122 639 560 269 637 359 146 214 384 550 
676 243 487 0 278 669 490 648 309 299 508 186 271 454 303 202 0 464 145 580 
676 243 487 0 278 669 490 648 309 299 508 186 271 454 303 0 258 464 145 580 
676 243 487 0 278 669 490 648 309 299 508 186 271 0 303 202 258 464 145 580 
676 243 487 0 278 669 490 648 309 299 508 186 271 454 303 202 258 0 145 580 
676 243 487 0 278 669 490 648 309 299 508 186 271 454 303 202 258 0 145 580 
676 243 487 0 278 669 490 0 309 299 508 186 271 454 303 202 258 464 145 580 
676 243 487 0 278 669 490 648 0 299 508 186 271 454 303 202 258 464 145 580 
676 243 487 0 278 669 490 648 309 299 508 186 271 454 303 202 258 464 145 0 
0 243 487 0 278 669 490 648 309 299 508 186 271 454 303 202 258 464 145 580 
676 243 487 0 278 669 490 648 0 299 508 186 271 454 303 202 258 464 145 580 
361 643 538 278 0 320 496 647 463 587 559 592 647 488 651 0 355 302 280 158 
0 643 538 278 0 320 496 647 463 587 559 592 647 488 651 155 355 302 280 158 
361 643 538 0 0 320 496 647 463 587 559 592 647 488 651 155 355 302 280 158 
361 643 0 278 0 320 496 647 463 587 559 592 647 488 651 155 355 302 280 158 
514 161 443 669 320 0 0 121 501 421 451 231 538 531 697 487 575 208 694 305 
514 161 443 669 320 0 278 121 501 421 451 231 0 531 697 487 575 208 694 305 
514 161 443 669 320 0 278 121 501 421 451 231 538 0 697 487 575 208 694 305 
514 161 443 669 320 0 278 121 501 421 451 231 538 531 697 487 575 208 694 0 
514 161 443 669 320 0 278 121 501 421 451 231 538 531 697 487 575 208 0 305 
514 161 443 669 320 0 278 121 501 421 451 0 538 531 697 487 575 208 694 305 
514 161 443 0 320 0 278 121 501 421 451 231 538 531 697 487 575 208 694 305 
548 562 217 490 496 278 0 447 671 184 141 531 427 590 596 387 142 326 669 0 
548 562 217 490 496 278 0 447 671 184 141 531 427 590 596 387 0 326 669 392 
548 562 217 490 496 278 0 447 671 184 141 531 427 590 596 387 142 326 0 392 
548 562 217 490 496 278 0 447 671 184 141 531 427 590 596 0 142 326 669 392 
548 562 217 490 496 278 0 447 671 0 141 531 427 590 596 387 142 326 669 392 
548 562 217 490 496 278 0 447 671 184 141 531 427 590 596 387 0 326 669 392 
548 562 217 490 496 278 0 447 671 184 141 531 427 590 596 387 0 326 669 392 
488 636 279 648 647 0 447 0 213 136 421 285 322 542 446 252 527 607 250 501 
488 636 279 648 647 121 447 0 213 136 0 285 322 542 446 252 527 607 250 501 
488 636 279 648 647 121 447 0 213 136 421 285 322 542 446 252 0 607 250 501 
488 636 279 648 647 121 447 0 213 136 421 285 322 542 446 252 0 607 250 501 
488 636 279 648 647 121 447 0 213 136 421 285 322 542 446 252 527 607 0 501 
624 370 177 309 463 501 671 213 0 533 281 437 248 0 140 237 643 134 566 431 
624 370 177 309 463 501 671 213 0 533 281 0 248 199 140 237 643 134 566 431 
624 370 177 309 463 501 671 213 0 533 281 437 248 0 140 237 643 134 566 431 
624 0 177 309 463 501 671 213 0 533 281 437 248 199 140 237 643 134 566 431 
205 686 197 299 587 421 184 136 349 0 319 0 689 502 678 200 680 618 144 350 
205 686 197 299 587 421 184 136 349 0 319 593 689 502 678 200 680 618 0 350 
205 686 197 299 587 421 184 136 349 0 319 593 689 502 678 200 0 618 144 350 
205 0 197 299 587 421 184 136 349 0 319 593 689 502 678 200 680 618 144 350 
205 686 197 299 587 421 184 136 349 0 319 593 689 502 678 200 680 618 144 0 
205 686 197 299 587 421 184 136 349 0 319 593 689 502 678 200 680 0 144 350 
205 686 0 299 587 421 184 136 349 0 319 593 689 502 678 200 680 618 144 350 
205 686 197 299 587 421 184 136 349 0 319 593 689 502 678 200 680 0 144 350 
205 686 197 0 587 421 184 136 349 0 319 593 689 502 678 200 680 618 144 350 
642 261 122 508 559 451 0 421 281 512 0 344 627 346 328 484 473 335 654 640 
642 261 122 508 559 451 141 421 281 512 0 344 627 346 328 0 473 335 654 640 
642 0 122 508 559 451 141 421 281 512 0 344 627 346 328 484 473 335 654 640 
642 261 122 508 559 451 141 421 281 0 0 344 627 346 328 484 473 335 654 640 
642 0 122 508 559 451 141 421 281 512 0 344 627 346 328 484 473 335 654 640 
642 261 122 508 559 451 141 421 281 0 0 344 627 346 328 484 473 335 654 640 
642 261 122 508 559 451 141 0 281 512 0 344 627 346 328 484 473 335 654 640 
522 516 639 186 592 231 531 285 437 593 344 0 562 272 0 343 215 575 623 592 
522 516 639 186 592 231 531 0 437 593 344 0 562 272 429 343 215 575 623 592 
522 516 639 186 592 231 0 285 437 593 344 0 562 272 429 343 215 575 623 592 
522 0 639 186 592 231 531 285 437 593 344 0 562 272 429 343 215 575 623 592 
609 105 560 271 647 538 427 322 248 689 627 562 0 323 673 592 131 0 442 205 
609 105 560 271 647 538 427 322 248 689 627 562 0 0 673 592 131 440 442 205 
609 105 560 271 647 538 0 322 248 689 627 562 0 323 673 592 131 440 442 205 
609 105 560 271 647 538 427 322 248 689 627 562 0 323 673 592 131 440 0 205 
609 105 560 271 0 538 427 322 248 689 627 562 0 323 673 592 131 440 442 205 
609 105 560 271 647 538 427 322 248 689 627 562 0 323 673 0 131 440 442 205 
609 105 560 271 647 538 427 0 248 689 627 562 0 323 673 592 131 440 442 205 
609 105 560 271 647 538 427 322 248 689 627 0 0 323 673 592 131 440 442 205 
609 105 560 271 647 0 427 322 248 689 627 562 0 323 673 592 131 440 442 205 
609 105 560 271 647 538 427 322 0 689 627 562 0 323 673 592 131 440 442 205 
410 466 0 454 488 531 590 542 199 502 346 272 323 0 242 232 483 339 266 517 
410 466 269 454 488 531 590 542 199 502 346 272 323 0 242 232 483 339 0 517 
410 466 269 454 0 531 590 542 199 502 346 272 323 0 242 232 483 339 266 517 
410 466 269 454 488 531 590 0 199 502 346 272 323 0 242 232 483 339 266 517 
410 466 269 454 488 531 590 542 199 502 346 272 323 0 242 232 483 339 266 0 
410 466 269 454 488 531 590 542 199 502 346 0 323 0 242 232 483 339 266 517 
410 466 269 454 488 531 590 542 199 502 346 272 323 0 242 232 483 339 0 517 
410 466 269 454 488 531 590 542 0 502 346 272 323 0 242 232 483 339 266 517 
410 466 269 454 488 531 590 542 199 502 346 272 323 0 242 232 483 339 0 517 
410 466 269 454 488 0 590 542 199 502 346 272 323 0 242 232 483 339 266 517 
410 466 269 454 488 531 590 542 199 502 346 272 0 0 242 232 483 339 266 517 
587 153 637 303 651 697 596 446 0 678 328 429 673 242 0 230 161 145 589 234 
587 153 637 303 651 697 596 446 140 678 328 0 673 242 0 230 161 145 589 234 
587 153 637 303 651 697 596 446 140 678 328 0 673 242 0 230 161 145 589 234 
587 153 637 303 651 697 596 446 140 678 328 0 673 242 0 230 161 145 589 234 
587 153 637 303 651 697 596 446 140 0 328 429 673 242 0 230 161 145 589 234 
587 153 637 303 651 697 596 446 140 678 328 429 673 242 0 230 161 0 589 234 
587 153 637 303 0 697 596 446 140 678 328 429 673 242 0 230 161 145 589 234 
587 153 637 303 651 697 596 446 140 678 328 429 0 242 0 230 161 145 589 234 
450 630 359 202 155 487 387 252 237 200 484 0 592 232 230 0 652 569 494 210 
450 630 359 202 155 487 0 252 237 200 484 343 592 232 230 0 652 569 494 210 
450 630 359 202 155 487 387 252 237 200 484 0 592 232 230 0 652 569 494 210 
450 630 359 202 155 487 387 252 237 200 484 343 592 232 0 0 652 569 494 210 
450 0 359 202 155 487 387 252 237 200 484 343 592 232 230 0 652 569 494 210 
450 0 359 202 155 487 387 252 237 200 484 343 592 232 230 0 652 569 494 210 
450 630 359 202 155 487 0 252 237 200 484 343 592 232 230 0 652 569 494 210 
450 630 359 202 155 487 0 252 237 200 484 343 592 232 230 0 652 569 494 210 
450 630 359 202 155 487 387 252 237 200 484 343 592 232 230 0 0 569 494 210 
450 630 359 202 155 487 387 252 237 200 484 343 592 232 230 0 0 569 494 210 
450 630 359 0 155 487 387 252 237 200 484 343 592 232 230 0 652 569 494 210 
450 630 359 202 155 487 387 252 237 200 0 343 592 232 230 0 652 569 494 210 
626 140 146 258 355 575 142 527 643 680 473 215 131 483 161 0 0 661 146 466 
626 140 146 258 355 575 142 527 643 680 473 0 131 483 161 652 0 661 146 466 
626 140 146 258 355 575 142 527 643 680 473 215 131 0 161 652 0 661 146 466 
626 140 146 258 355 575 142 527 643 680 473 215 131 483 161 652 0 0 146 466 
626 140 146 258 355 575 142 527 643 680 473 215 131 483 161 0 0 661 146 466 
626 140 146 258 355 575 142 527 643 680 473 215 0 483 161 652 0 661 146 466 
645 228 214 464 302 208 326 607 134 618 335 575 0 339 145 569 661 0 215 240 
645 228 214 464 302 208 326 607 134 618 335 575 440 339 145 569 661 0 0 240 
645 228 214 464 302 208 326 607 0 618 335 575 440 339 145 569 661 0 215 240 
645 228 214 464 302 208 326 607 134 618 335 575 440 339 0 569 661 0 215 240 
645 228 214 464 302 208 326 607 134 618 335 575 440 339 145 569 661 0 215 0 
645 228 214 464 302 208 326 607 134 0 335 575 440 339 145 569 661 0 215 240 
270 697 384 145 280 694 669 250 566 144 654 0 442 266 589 494 146 215 0 502 
270 0 384 145 280 694 669 250 566 144 654 623 442 266 589 494 146 215 0 502 
270 697 384 145 280 694 669 0 566 144 654 623 442 266 589 494 146 215 0 502 
270 697 384 145 280 0 669 250 566 144 654 623 442 266 589 494 146 215 0 502 
270 697 384 145 280 694 669 250 566 144 654 623 0 266 589 494 146 215 0 502 
270 697 384 145 280 694 669 250 566 144 654 623 0 266 589 494 146 215 0 502 
318 557 550 580 158 305 392 501 431 350 640 592 205 0 234 210 466 240 502 0 
318 557 550 580 158 305 392 501 431 350 0 592 205 517 234 210 466 240 502 0 
318 557 550 0 158 305 392 501 431 350 640 592 205 517 234 210 466 240 502 0 
318 557 550 580 158 305 392 501 431 350 640 592 205 517 234 0 466 240 502 0 
318 557 550 580 158 305 392 501 431 350 640 592 205 517 0 210 466 240 502 0 
318 557 550 580 158 305 392 501 431 350 640 592 205 517 234 210 466 240 0 0 
318 557 550 580 158 0 392 501 431 350 640 592 205 517 234 210 466 240 502 0 

3483.0
1 0.0 0.0
2 639.0 22.0
3 620.0 22.0
4 602.0 29.0
5 458.0 26.0
6 469.0 30.0
7 660.0 34.0
8 375.0 2.0
9 195.0 4.0
10 420.0 35.0
11 105.0 9.0
12 199.0 13.0
13 329.0 15.0
14 269.0 16.0
15 300.0 9.0
16 106.0 19.0
17 314.0 15.0
18 298.0 14.0
19 250.0 2.0
20 358.0 17.0
