20 147 5

0 616 361 615 361 541 168 510 695 311 689 324 480 183 164 522 640 362 478 580 
616 0 290 374 138 174 368 187 255 696 446 611 253 152 591 591 297 225 560 552 
361 290 0 232 413 256 423 681 172 297 553 434 169 696 195 300 405 327 102 491 
615 374 232 0 187 189 518 677 327 291 333 293 684 151 399 647 456 605 497 139 
361 138 413 187 0 614 569 547 167 599 466 664 660 182 400 182 331 207 542 574 
541 174 256 189 614 0 352 251 674 209 348 291 274 252 505 463 617 386 399 370 
168 368 423 518 569 352 0 566 509 164 243 309 689 647 610 535 653 677 596 341 
510 187 681 677 547 251 566 0 239 573 694 626 210 214 466 262 358 544 457 142 
695 255 172 327 167 674 509 239 0 381 551 405 681 189 524 521 102 351 551 192 
311 696 297 291 599 209 164 573 381 0 129 315 255 455 516 286 625 376 410 649 
689 446 553 333 466 348 243 694 551 129 0 311 604 135 479 127 340 139 523 301 
324 611 434 293 664 291 309 626 405 315 311 0 115 189 571 563 651 260 261 476 
480 253 169 684 660 274 689 210 681 255 604 115 0 259 369 140 136 139 560 263 
183 152 696 151 182 252 647 214 189 455 135 189 259 0 305 692 182 190 293 238 
164 591 195 399 400 505 610 466 524 516 479 571 369 305 0 220 570 692 534 505 
522 591 300 647 182 463 535 262 521 286 127 563 140 692 220 0 352 257 396 622 
640 297 405 456 331 617 653 358 102 625 340 651 136 182 570 352 0 346 286 575 
362 225 327 605 207 386 677 544 351 376 139 260 139 190 692 257 346 0 570 122 
478 560 102 497 542 399 596 457 551 410 523 261 560 293 534 396 286 570 0 144 
580 552 491 139 574 370 341 142 192 649 301 476 263 238 505 622 575 122 144 0 

0 36 61 21 81 56 86 42 20 85 42 62 21 77 99 40 36 96 46 56 
36 0 99 73 79 66 70 62 85 28 36 26 60 94 28 48 82 93 51 46 
61 99 0 81 44 90 52 27 64 84 23 36 71 37 87 65 36 94 97 30 
21 73 81 0 97 84 57 53 65 90 96 83 40 67 54 44 58 57 45 95 
81 79 44 97 0 29 51 25 60 37 32 55 57 74 35 89 76 71 23 36 
56 66 90 84 29 0 67 97 41 70 63 82 77 87 55 33 41 27 41 64 
86 70 52 57 51 67 0 54 25 83 82 60 27 56 47 45 26 46 21 74 
42 62 27 53 25 97 54 0 61 35 28 41 86 96 30 96 81 46 42 67 
20 85 64 65 60 41 25 61 0 34 53 44 58 90 36 42 78 61 58 69 
85 28 84 90 37 70 83 35 34 0 66 83 83 34 54 90 46 60 22 36 
42 36 23 96 32 63 82 28 53 66 0 99 24 97 42 66 85 77 37 62 
62 26 36 83 55 82 60 41 44 83 99 0 70 96 52 49 53 66 79 41 
21 60 71 40 57 77 27 86 58 83 24 70 0 69 70 95 88 84 39 88 
77 94 37 67 74 87 56 96 90 34 97 96 69 0 97 35 71 68 78 76 
99 28 87 54 35 55 47 30 36 54 42 52 70 97 0 83 21 39 23 34 
40 48 65 44 89 33 45 96 42 90 66 49 95 35 83 0 94 69 25 36 
36 82 36 58 76 41 26 81 78 46 85 53 88 71 21 94 0 70 92 57 
96 93 94 57 71 27 46 46 61 60 77 66 84 68 39 69 70 0 56 75 
46 51 97 45 23 41 21 42 58 22 37 79 39 78 23 25 92 56 0 62 
56 46 30 95 36 64 74 67 69 36 62 41 88 76 34 36 57 75 62 0 

474.0 63.0 1 4
369.0 168.0 1 6
527.0 168.0 1 6
369.0 168.0 1 15
474.0 186.0 1 12
369.0 135.0 1 7
421.0 120.0 1 16
369.0 162.0 1 10
527.0 255.0 2 9
421.0 237.0 2 5
369.0 84.0 2 15
369.0 84.0 2 10
527.0 246.0 2 17
369.0 279.0 2 18
474.0 198.0 2 6
421.0 144.0 2 16
369.0 279.0 2 18
421.0 108.0 2 1
316.0 69.0 3 11
527.0 108.0 3 12
421.0 282.0 3 18
421.0 108.0 3 17
474.0 156.0 3 7
421.0 282.0 3 18
316.0 69.0 3 11
316.0 174.0 4 17
527.0 249.0 4 12
316.0 162.0 4 15
316.0 249.0 4 12
421.0 195.0 4 9
474.0 132.0 5 3
316.0 87.0 5 6
421.0 108.0 5 20
474.0 243.0 5 1
527.0 222.0 5 14
421.0 213.0 5 18
316.0 87.0 6 5
316.0 87.0 6 5
369.0 252.0 6 4
421.0 123.0 6 19
421.0 210.0 6 10
316.0 156.0 7 3
421.0 210.0 7 2
474.0 141.0 7 15
316.0 210.0 7 2
369.0 222.0 7 20
316.0 156.0 7 3
421.0 201.0 7 6
316.0 75.0 7 9
421.0 135.0 7 16
316.0 210.0 7 2
474.0 291.0 8 6
316.0 105.0 8 10
527.0 288.0 8 14
369.0 159.0 8 4
421.0 162.0 8 7
316.0 126.0 8 1
474.0 159.0 8 4
316.0 162.0 8 7
369.0 84.0 8 11
527.0 207.0 9 20
527.0 183.0 9 8
369.0 126.0 9 16
369.0 183.0 9 8
369.0 195.0 9 4
421.0 255.0 10 1
527.0 270.0 10 16
474.0 102.0 10 14
421.0 108.0 10 20
316.0 210.0 10 6
316.0 66.0 10 19
527.0 252.0 10 3
421.0 189.0 11 6
316.0 111.0 11 19
369.0 198.0 11 10
474.0 255.0 11 17
316.0 198.0 11 10
421.0 189.0 11 6
421.0 198.0 12 18
527.0 123.0 12 8
474.0 198.0 12 18
474.0 237.0 12 19
474.0 123.0 12 8
369.0 132.0 12 9
316.0 231.0 13 6
527.0 252.0 13 18
316.0 258.0 13 8
421.0 174.0 13 9
527.0 171.0 13 5
421.0 171.0 13 5
527.0 228.0 14 20
527.0 111.0 14 3
421.0 228.0 14 20
474.0 261.0 14 6
527.0 282.0 14 2
474.0 201.0 14 4
316.0 168.0 14 7
527.0 168.0 14 7
474.0 111.0 14 3
527.0 162.0 15 4
421.0 210.0 15 13
527.0 291.0 15 14
316.0 261.0 15 3
369.0 117.0 15 18
369.0 297.0 15 1
527.0 108.0 15 9
316.0 102.0 15 20
316.0 102.0 15 20
316.0 132.0 16 4
527.0 120.0 16 1
474.0 144.0 16 2
316.0 120.0 16 1
527.0 126.0 16 9
421.0 288.0 16 8
421.0 228.0 17 5
316.0 210.0 17 18
527.0 282.0 17 16
527.0 159.0 17 12
316.0 243.0 17 8
369.0 123.0 17 6
474.0 78.0 17 7
474.0 108.0 17 3
316.0 159.0 17 12
421.0 210.0 17 18
421.0 225.0 18 20
369.0 213.0 18 5
369.0 198.0 18 12
474.0 81.0 18 6
474.0 138.0 18 7
369.0 231.0 18 11
474.0 138.0 18 7
421.0 123.0 19 6
474.0 63.0 19 7
421.0 135.0 19 4
527.0 69.0 19 5
474.0 237.0 19 12
421.0 138.0 19 1
527.0 186.0 19 20
527.0 168.0 20 1
474.0 207.0 20 9
527.0 108.0 20 5
527.0 192.0 20 6
474.0 225.0 20 18
369.0 90.0 20 3
527.0 108.0 20 10
527.0 186.0 20 11
527.0 186.0 20 19

0 616 359 0 361 435 168 397 372 311 318 324 439 183 164 384 365 362 461 421 
0 616 359 334 361 0 168 397 372 311 318 324 439 183 164 384 365 362 461 421 
0 616 359 334 361 0 168 397 372 311 318 324 439 183 164 384 365 362 461 421 
0 616 359 334 361 435 168 397 372 311 318 324 439 183 0 384 365 362 461 421 
0 616 359 334 361 435 168 397 372 311 318 0 439 183 164 384 365 362 461 421 
0 616 359 334 361 435 0 397 372 311 318 324 439 183 164 384 365 362 461 421 
0 616 359 334 361 435 168 397 372 311 318 324 439 183 164 0 365 362 461 421 
0 616 359 334 361 435 168 397 372 0 318 324 439 183 164 384 365 362 461 421 
616 0 290 374 138 174 368 187 0 696 446 611 253 152 591 591 297 225 560 552 
616 0 290 374 0 174 368 187 255 696 446 611 253 152 591 591 297 225 560 552 
616 0 290 374 138 174 368 187 255 696 446 611 253 152 0 591 297 225 560 552 
616 0 290 374 138 174 368 187 255 0 446 611 253 152 591 591 297 225 560 552 
616 0 290 374 138 174 368 187 255 696 446 611 253 152 591 591 0 225 560 552 
616 0 290 374 138 174 368 187 255 696 446 611 253 152 591 591 297 0 560 552 
616 0 290 374 138 0 368 187 255 696 446 611 253 152 591 591 297 225 560 552 
616 0 290 374 138 174 368 187 255 696 446 611 253 152 591 0 297 225 560 552 
616 0 290 374 138 174 368 187 255 696 446 611 253 152 591 591 297 0 560 552 
0 0 290 374 138 174 368 187 255 696 446 611 253 152 591 591 297 225 560 552 
361 290 0 232 413 256 423 681 172 297 0 434 169 696 195 300 405 327 102 491 
361 290 0 232 413 256 423 681 172 297 553 0 169 696 195 300 405 327 102 491 
361 290 0 232 413 256 423 681 172 297 553 434 169 696 195 300 405 0 102 491 
361 290 0 232 413 256 423 681 172 297 553 434 169 696 195 300 0 327 102 491 
361 290 0 232 413 256 0 681 172 297 553 434 169 696 195 300 405 327 102 491 
361 290 0 232 413 256 423 681 172 297 553 434 169 696 195 300 405 0 102 491 
361 290 0 232 413 256 423 681 172 297 0 434 169 696 195 300 405 327 102 491 
615 374 232 0 187 189 518 677 327 291 333 293 684 151 399 647 0 605 497 139 
615 374 232 0 187 189 518 677 327 291 333 0 684 151 399 647 456 605 497 139 
615 374 232 0 187 189 518 677 327 291 333 293 684 151 0 647 456 605 497 139 
615 374 232 0 187 189 518 677 327 291 333 0 684 151 399 647 456 605 497 139 
615 374 232 0 187 189 518 677 0 291 333 293 684 151 399 647 456 605 497 139 
361 138 0 187 0 614 569 547 167 599 466 664 660 182 400 182 331 207 542 574 
361 138 413 187 0 0 569 547 167 599 466 664 660 182 400 182 331 207 542 574 
361 138 413 187 0 614 569 547 167 599 466 664 660 182 400 182 331 207 542 0 
0 138 413 187 0 614 569 547 167 599 466 664 660 182 400 182 331 207 542 574 
361 138 413 187 0 614 569 547 167 599 466 664 660 0 400 182 331 207 542 574 
361 138 413 187 0 614 569 547 167 599 466 664 660 182 400 182 331 0 542 574 
541 174 256 189 0 0 352 251 674 209 348 291 274 252 505 463 617 386 399 370 
541 174 256 189 0 0 352 251 674 209 348 291 274 252 505 463 617 386 399 370 
541 174 256 0 614 0 352 251 674 209 348 291 274 252 505 463 617 386 399 370 
541 174 256 189 614 0 352 251 674 209 348 291 274 252 505 463 617 386 0 370 
541 174 256 189 614 0 352 251 674 0 348 291 274 252 505 463 617 386 399 370 
168 368 0 518 569 352 0 566 509 164 243 309 689 647 610 535 653 677 596 341 
168 0 423 518 569 352 0 566 509 164 243 309 689 647 610 535 653 677 596 341 
168 368 423 518 569 352 0 566 509 164 243 309 689 647 0 535 653 677 596 341 
168 0 423 518 569 352 0 566 509 164 243 309 689 647 610 535 653 677 596 341 
168 368 423 518 569 352 0 566 509 164 243 309 689 647 610 535 653 677 596 0 
168 368 0 518 569 352 0 566 509 164 243 309 689 647 610 535 653 677 596 341 
168 368 423 518 569 0 0 566 509 164 243 309 689 647 610 535 653 677 596 341 
168 368 423 518 569 352 0 566 0 164 243 309 689 647 610 535 653 677 596 341 
168 368 423 518 569 352 0 566 509 164 243 309 689 647 610 0 653 677 596 341 
168 0 423 518 569 352 0 566 509 164 243 309 689 647 610 535 653 677 596 341 
510 187 681 677 547 0 566 0 239 573 694 626 210 214 466 262 358 544 457 142 
510 187 681 677 547 251 566 0 239 0 694 626 210 214 466 262 358 544 457 142 
510 187 681 677 547 251 566 0 239 573 694 626 210 0 466 262 358 544 457 142 
510 187 681 0 547 251 566 0 239 573 694 626 210 214 466 262 358 544 457 142 
510 187 681 677 547 251 0 0 239 573 694 626 210 214 466 262 358 544 457 142 
0 187 681 677 547 251 566 0 239 573 694 626 210 214 466 262 358 544 457 142 
510 187 681 0 547 251 566 0 239 573 694 626 210 214 466 262 358 544 457 142 
510 187 681 677 547 251 0 0 239 573 694 626 210 214 466 262 358 544 457 142 
510 187 681 677 547 251 566 0 239 573 0 626 210 214 466 262 358 544 457 142 
695 255 172 327 167 674 509 239 0 381 551 405 681 189 524 521 102 351 551 0 
695 255 172 327 167 674 509 0 0 381 551 405 681 189 524 521 102 351 551 192 
695 255 172 327 167 674 509 239 0 381 551 405 681 189 524 0 102 351 551 192 
695 255 172 327 167 674 509 0 0 381 551 405 681 189 524 521 102 351 551 192 
695 255 172 0 167 674 509 239 0 381 551 405 681 189 524 521 102 351 551 192 
0 696 297 291 599 209 164 573 381 0 129 315 255 455 516 286 625 376 410 649 
311 696 297 291 599 209 164 573 381 0 129 315 255 455 516 0 625 376 410 649 
311 696 297 291 599 209 164 573 381 0 129 315 255 0 516 286 625 376 410 649 
311 696 297 291 599 209 164 573 381 0 129 315 255 455 516 286 625 376 410 0 
311 696 297 291 599 0 164 573 381 0 129 315 255 455 516 286 625 376 410 649 
311 696 297 291 599 209 164 573 381 0 129 315 255 455 516 286 625 376 0 649 
311 696 0 291 599 209 164 573 381 0 129 315 255 455 516 286 625 376 410 649 
689 446 553 333 466 0 243 694 551 129 0 311 604 135 479 127 340 139 523 301 
689 446 553 333 466 348 243 694 551 129 0 311 604 135 479 127 340 139 0 301 
689 446 553 333 466 348 243 694 551 0 0 311 604 135 479 127 340 139 523 301 
689 446 553 333 466 348 243 694 551 129 0 311 604 135 479 127 0 139 523 301 
689 446 553 333 466 348 243 694 551 0 0 311 604 135 479 127 340 139 523 301 
689 446 553 333 466 0 243 694 551 129 0 311 604 135 479 127 340 139 523 301 
324 611 434 293 664 291 309 626 405 315 311 0 115 189 571 563 651 0 261 476 
324 611 434 293 664 291 309 0 405 315 311 0 115 189 571 563 651 260 261 476 
324 611 434 293 664 291 309 626 405 315 311 0 115 189 571 563 651 0 261 476 
324 611 434 293 664 291 309 626 405 315 311 0 115 189 571 563 651 260 0 476 
324 611 434 293 664 291 309 0 405 315 311 0 115 189 571 563 651 260 261 476 
324 611 434 293 664 291 309 626 0 315 311 0 115 189 571 563 651 260 261 476 
480 253 169 684 660 0 689 210 681 255 604 115 0 259 369 140 136 139 560 263 
480 253 169 684 660 274 689 210 681 255 604 115 0 259 369 140 136 0 560 263 
480 253 169 684 660 274 689 0 681 255 604 115 0 259 369 140 136 139 560 263 
480 253 169 684 660 274 689 210 0 255 604 115 0 259 369 140 136 139 560 263 
480 253 169 684 0 274 689 210 681 255 604 115 0 259 369 140 136 139 560 263 
480 253 169 684 0 274 689 210 681 255 604 115 0 259 369 140 136 139 560 263 
183 152 696 151 182 252 647 214 189 455 135 189 259 0 305 692 182 190 293 0 
183 152 0 151 182 252 647 214 189 455 135 189 259 0 305 692 182 190 293 238 
183 152 696 151 182 252 647 214 189 455 135 189 259 0 305 692 182 190 293 0 
183 152 696 151 182 0 647 214 189 455 135 189 259 0 305 692 182 190 293 238 
183 0 696 151 182 252 647 214 189 455 135 189 259 0 305 692 182 190 293 238 
183 152 696 0 182 252 647 214 189 455 135 189 259 0 305 692 182 190 293 238 
183 152 696 151 182 252 0 214 189 455 135 189 259 0 305 692 182 190 293 238 
183 152 696 151 182 252 0 214 189 455 135 189 259 0 305 692 182 190 293 238 
183 152 0 151 182 252 647 214 189 455 135 189 259 0 305 692 182 190 293 238 
164 591 195 0 400 505 610 466 524 516 479 571 369 305 0 220 570 692 534 505 
164 591 195 399 400 505 610 466 524 516 479 571 0 305 0 220 570 692 534 505 
164 591 195 399 400 505 610 466 524 516 479 571 369 0 0 220 570 692 534 505 
164 591 0 399 400 505 610 466 524 516 479 571 369 305 0 220 570 692 534 505 
164 591 195 399 400 505 610 466 524 516 479 571 369 305 0 220 570 0 534 505 
0 591 195 399 400 505 610 466 524 516 479 571 369 305 0 220 570 692 534 505 
164 591 195 399 400 505 610 466 0 516 479 571 369 305 0 220 570 692 534 505 
164 591 195 399 400 505 610 466 524 516 479 571 369 305 0 220 570 692 534 0 
164 591 195 399 400 505 610 466 524 516 479 571 369 305 0 220 570 692 534 0 
522 591 300 0 182 463 535 262 521 286 127 563 140 692 220 0 352 257 396 622 
0 591 300 647 182 463 535 262 521 286 127 563 140 692 220 0 352 257 396 622 
522 0 300 647 182 463 535 262 521 286 127 563 140 692 220 0 352 257 396 622 
0 591 300 647 182 463 535 262 521 286 127 563 140 692 220 0 352 257 396 622 
522 591 300 647 182 463 535 262 0 286 127 563 140 692 220 0 352 257 396 622 
522 591 300 647 182 463 535 0 521 286 127 563 140 692 220 0 352 257 396 622 
640 297 405 456 0 617 653 358 102 625 340 651 136 182 570 352 0 346 286 575 
640 297 405 456 331 617 653 358 102 625 340 651 136 182 570 352 0 0 286 575 
640 297 405 456 331 617 653 358 102 625 340 651 136 182 570 0 0 346 286 575 
640 297 405 456 331 617 653 358 102 625 340 0 136 182 570 352 0 346 286 575 
640 297 405 456 331 617 653 0 102 625 340 651 136 182 570 352 0 346 286 575 
640 297 405 456 331 0 653 358 102 625 340 651 136 182 570 352 0 346 286 575 
640 297 405 456 331 617 0 358 102 625 340 651 136 182 570 352 0 346 286 575 
640 297 0 456 331 617 653 358 102 625 340 651 136 182 570 352 0 346 286 575 
640 297 405 456 331 617 653 358 102 625 340 0 136 182 570 352 0 346 286 575 
640 297 405 456 331 617 653 358 102 625 340 651 136 182 570 352 0 0 286 575 
362 225 327 605 207 386 677 544 351 376 139 260 139 190 692 257 346 0 570 0 
362 225 327 605 0 386 677 544 351 376 139 260 139 190 692 257 346 0 570 122 
362 225 327 605 207 386 677 544 351 376 139 0 139 190 692 257 346 0 570 122 
362 225 327 605 207 0 677 544 351 376 139 260 139 190 692 257 346 0 570 122 
362 225 327 605 207 386 0 544 351 376 139 260 139 190 692 257 346 0 570 122 
362 225 327 605 207 386 677 544 351 376 0 260 139 190 692 257 346 0 570 122 
362 225 327 605 207 386 0 544 351 376 139 260 139 190 692 257 346 0 570 122 
478 560 102 497 542 0 596 457 551 410 523 261 560 293 534 396 286 570 0 144 
478 560 102 497 542 399 0 457 551 410 523 261 560 293 534 396 286 570 0 144 
478 560 102 0 542 399 596 457 551 410 523 261 560 293 534 396 286 570 0 144 
478 560 102 497 0 399 596 457 551 410 523 261 560 293 534 396 286 570 0 144 
478 560 102 497 542 399 596 457 551 410 523 0 560 293 534 396 286 570 0 144 
0 560 102 497 542 399 596 457 551 410 523 261 560 293 534 396 286 570 0 144 
478 560 102 497 542 399 596 457 551 410 523 261 560 293 534 396 286 570 0 0 
0 552 491 139 574 370 341 142 192 649 301 476 263 238 505 622 575 122 144 0 
580 552 491 139 574 370 341 142 0 649 301 476 263 238 505 622 575 122 144 0 
580 552 491 139 0 370 341 142 192 649 301 476 263 238 505 622 575 122 144 0 
580 552 491 139 574 0 341 142 192 649 301 476 263 238 505 622 575 122 144 0 
580 552 491 139 574 370 341 142 192 649 301 476 263 238 505 622 575 0 144 0 
580 552 0 139 574 370 341 142 192 649 301 476 263 238 505 622 575 122 144 0 
580 552 491 139 574 370 341 142 192 0 301 476 263 238 505 622 575 122 144 0 
580 552 491 139 574 370 341 142 192 649 0 476 263 238 505 622 575 122 144 0 
580 552 491 139 574 370 341 142 192 649 301 476 263 238 505 622 575 122 0 0 

3649.5
1 0.0 0.0
2 661.0 38.0
3 688.0 37.0
4 539.0 31.0
5 511.0 20.0
6 614.0 35.0
7 471.0 27.0
8 467.0 31.0
9 474.0 32.0
10 229.0 18.0
11 152.0 18.0
12 165.0 16.0
13 246.0 16.0
14 291.0 10.0
15 340.0 8.0
16 280.0 9.0
17 315.0 13.0
18 399.0 18.0
19 299.0 4.0
20 158.0 16.0
