20 188 4

0 372 309 136 242 563 651 669 347 518 473 253 176 173 512 262 396 294 419 581 
372 0 278 689 553 275 282 239 328 240 195 663 309 574 167 276 152 453 492 175 
309 278 0 227 270 142 348 363 615 674 339 296 266 500 198 271 250 509 474 158 
136 689 227 0 451 649 148 447 636 204 593 670 260 197 281 388 398 458 642 166 
242 553 270 451 0 187 547 349 232 659 603 486 163 615 320 405 478 278 356 172 
563 275 142 649 187 0 632 137 484 317 451 165 565 346 196 493 383 552 639 522 
651 282 348 148 547 632 0 170 128 176 472 597 187 236 365 637 314 294 537 138 
669 239 363 447 349 137 170 0 176 245 309 678 516 107 217 286 478 672 518 387 
347 328 615 636 232 484 128 176 0 653 461 181 146 579 460 602 639 630 252 376 
518 240 674 204 659 317 176 245 653 0 465 204 259 202 318 138 436 204 327 393 
473 195 339 593 603 451 472 309 461 465 0 241 340 519 614 698 216 349 644 290 
253 663 296 670 486 165 597 678 181 204 241 0 596 288 351 370 472 538 328 127 
176 309 266 260 163 565 187 516 146 259 340 596 0 572 277 632 551 185 523 115 
173 574 500 197 615 346 236 107 579 202 519 288 572 0 689 270 506 331 682 107 
512 167 198 281 320 196 365 217 460 318 614 351 277 689 0 219 390 300 198 643 
262 276 271 388 405 493 637 286 602 138 698 370 632 270 219 0 213 489 607 451 
396 152 250 398 478 383 314 478 639 436 216 472 551 506 390 213 0 593 485 274 
294 453 509 458 278 552 294 672 630 204 349 538 185 331 300 489 593 0 562 492 
419 492 474 642 356 639 537 518 252 327 644 328 523 682 198 607 485 562 0 490 
581 175 158 166 172 522 138 387 376 393 290 127 115 107 643 451 274 492 490 0 

0 55 96 90 79 20 59 56 63 31 21 89 95 80 43 84 38 92 42 53 
55 0 79 29 23 96 99 86 61 81 87 36 92 50 72 92 78 34 43 93 
96 79 0 70 62 97 82 74 39 55 79 63 89 36 60 99 83 44 27 69 
90 29 70 0 31 34 66 57 55 82 30 47 90 99 60 35 50 28 53 72 
79 23 62 31 0 67 22 77 70 51 38 24 66 40 86 50 20 82 73 73 
20 96 97 34 67 0 20 79 53 98 30 92 38 92 69 55 44 20 59 38 
59 99 82 66 22 20 0 70 94 93 27 56 62 93 71 32 80 74 39 87 
56 86 74 57 77 79 70 0 74 83 88 58 35 72 91 80 40 33 29 22 
63 61 39 55 70 53 94 74 0 35 32 77 94 40 25 26 23 30 66 41 
31 81 55 82 51 98 93 83 35 0 53 62 61 64 89 60 58 98 67 39 
21 87 79 30 38 30 27 88 32 53 0 73 79 43 30 38 71 80 48 77 
89 36 63 47 24 92 56 58 77 62 73 0 36 72 64 37 57 22 92 73 
95 92 89 90 66 38 62 35 94 61 79 36 0 42 81 40 33 81 40 76 
80 50 36 99 40 92 93 72 40 64 43 72 42 0 47 90 52 87 29 84 
43 72 60 60 86 69 71 91 25 89 30 64 81 47 0 78 46 69 61 56 
84 92 99 35 50 55 32 80 26 60 38 37 40 90 78 0 84 32 40 24 
38 78 83 50 20 44 80 40 23 58 71 57 33 52 46 84 0 40 47 69 
92 34 44 28 82 20 74 33 30 98 80 22 81 87 69 32 40 0 38 22 
42 43 27 53 73 59 39 29 66 67 48 92 40 29 61 40 47 38 0 56 
53 93 69 72 73 38 87 22 41 39 77 73 76 84 56 24 69 22 56 0 

454.0 240.0 1 14
511.0 129.0 1 15
397.0 192.0 1 14
341.0 114.0 1 17
397.0 93.0 1 10
454.0 174.0 1 13
341.0 159.0 1 20
397.0 165.0 2 1
567.0 102.0 2 18
511.0 150.0 2 14
511.0 165.0 2 1
511.0 102.0 2 18
454.0 279.0 2 20
567.0 279.0 2 20
397.0 108.0 2 12
397.0 216.0 2 15
341.0 150.0 2 14
567.0 150.0 2 14
397.0 165.0 2 1
511.0 165.0 2 1
567.0 276.0 2 13
567.0 132.0 3 18
341.0 249.0 3 17
511.0 132.0 3 18
511.0 267.0 3 13
397.0 249.0 3 17
397.0 288.0 3 1
567.0 159.0 4 19
341.0 297.0 4 14
511.0 297.0 4 14
397.0 159.0 4 19
341.0 246.0 4 10
341.0 180.0 4 15
511.0 180.0 4 15
511.0 60.0 5 17
511.0 237.0 5 1
397.0 198.0 5 13
454.0 120.0 5 14
567.0 219.0 5 19
341.0 153.0 5 10
511.0 198.0 5 13
341.0 258.0 5 15
454.0 72.0 5 12
567.0 72.0 5 12
341.0 120.0 5 14
341.0 132.0 6 17
567.0 276.0 6 12
454.0 177.0 6 19
341.0 207.0 6 15
341.0 177.0 6 19
454.0 114.0 6 13
511.0 276.0 6 14
397.0 294.0 6 10
511.0 60.0 6 1
454.0 114.0 6 20
341.0 114.0 6 13
341.0 114.0 6 20
341.0 60.0 6 18
567.0 60.0 6 18
454.0 222.0 7 18
341.0 279.0 7 10
567.0 261.0 7 20
397.0 96.0 7 16
567.0 96.0 7 16
511.0 168.0 7 12
341.0 117.0 7 19
341.0 222.0 7 18
567.0 249.0 8 10
341.0 105.0 8 13
341.0 273.0 8 15
341.0 273.0 8 15
567.0 216.0 8 14
567.0 240.0 8 16
567.0 120.0 8 17
341.0 240.0 8 16
341.0 240.0 8 16
567.0 174.0 8 12
341.0 87.0 8 19
567.0 168.0 8 1
397.0 174.0 8 12
454.0 75.0 9 15
397.0 189.0 9 1
511.0 282.0 9 13
511.0 105.0 9 10
341.0 90.0 9 18
511.0 198.0 9 19
511.0 231.0 9 12
511.0 69.0 9 17
341.0 189.0 9 1
341.0 123.0 9 20
341.0 78.0 9 16
454.0 282.0 9 13
567.0 120.0 9 14
567.0 198.0 9 19
567.0 117.0 10 20
454.0 117.0 10 20
567.0 267.0 10 15
511.0 183.0 10 13
341.0 186.0 10 12
511.0 192.0 10 14
454.0 213.0 11 17
341.0 219.0 11 12
567.0 114.0 11 16
567.0 213.0 11 17
397.0 114.0 11 16
341.0 240.0 11 18
511.0 63.0 11 1
567.0 144.0 11 19
454.0 114.0 11 16
454.0 219.0 11 12
397.0 66.0 12 18
567.0 111.0 12 16
397.0 171.0 12 17
567.0 219.0 12 20
454.0 108.0 12 13
567.0 228.0 13 20
397.0 120.0 13 19
397.0 120.0 13 19
454.0 99.0 13 17
454.0 243.0 13 15
567.0 120.0 13 16
567.0 243.0 13 18
397.0 183.0 13 10
454.0 99.0 13 17
567.0 243.0 13 15
567.0 126.0 14 13
341.0 126.0 14 13
454.0 156.0 14 17
397.0 216.0 14 12
397.0 192.0 14 10
567.0 141.0 14 15
397.0 192.0 14 10
397.0 240.0 14 1
341.0 216.0 14 12
454.0 240.0 14 1
454.0 129.0 15 1
341.0 138.0 15 17
341.0 207.0 15 18
454.0 234.0 15 16
511.0 183.0 15 19
454.0 120.0 16 13
567.0 96.0 16 18
397.0 72.0 16 20
511.0 252.0 16 1
397.0 111.0 16 12
511.0 180.0 16 10
567.0 180.0 16 10
511.0 270.0 16 14
341.0 252.0 16 17
511.0 252.0 16 1
341.0 171.0 17 12
341.0 99.0 17 13
567.0 114.0 17 1
567.0 99.0 17 13
341.0 156.0 17 14
454.0 66.0 18 12
567.0 276.0 18 1
341.0 66.0 18 20
454.0 120.0 18 17
511.0 120.0 18 17
341.0 66.0 18 12
397.0 96.0 18 16
341.0 276.0 18 1
397.0 66.0 18 12
511.0 66.0 18 12
454.0 294.0 18 10
511.0 66.0 18 12
567.0 114.0 19 18
341.0 120.0 19 16
454.0 141.0 19 17
567.0 141.0 19 17
511.0 114.0 19 18
454.0 114.0 19 18
341.0 114.0 19 18
454.0 168.0 20 15
454.0 66.0 20 18
397.0 219.0 20 12
341.0 66.0 20 18
567.0 117.0 20 10
511.0 72.0 20 16
454.0 168.0 20 19
511.0 252.0 20 14
454.0 72.0 20 16
511.0 72.0 20 16
454.0 159.0 20 1
511.0 168.0 20 19
341.0 168.0 20 19
567.0 168.0 20 15

0 74 61 81 96 166 113 168 128 136 47 50 35 0 250 26 237 117 83 28 
0 74 61 81 96 166 113 168 128 136 47 50 35 103 0 26 237 117 83 28 
0 74 61 81 96 166 113 168 128 136 47 50 35 0 250 26 237 117 83 28 
0 74 61 81 96 166 113 168 128 136 47 50 35 103 250 26 0 117 83 28 
0 74 61 81 96 166 113 168 128 0 47 50 35 103 250 26 237 117 83 28 
0 74 61 81 96 166 113 168 128 136 47 50 0 103 250 26 237 117 83 28 
0 74 61 81 96 166 113 168 128 136 47 50 35 103 250 26 237 117 83 0 
0 0 111 68 55 55 169 47 131 48 39 132 123 57 100 27 60 271 98 70 
148 0 111 68 55 55 169 47 131 48 39 132 123 57 100 27 60 0 98 70 
148 0 111 68 55 55 169 47 131 48 39 132 123 0 100 27 60 271 98 70 
0 0 111 68 55 55 169 47 131 48 39 132 123 57 100 27 60 271 98 70 
148 0 111 68 55 55 169 47 131 48 39 132 123 57 100 27 60 0 98 70 
148 0 111 68 55 55 169 47 131 48 39 132 123 57 100 27 60 271 98 0 
148 0 111 68 55 55 169 47 131 48 39 132 123 57 100 27 60 271 98 0 
148 0 111 68 55 55 169 47 131 48 39 0 123 57 100 27 60 271 98 70 
148 0 111 68 55 55 169 47 131 48 39 132 123 57 0 27 60 271 98 70 
148 0 111 68 55 55 169 47 131 48 39 132 123 0 100 27 60 271 98 70 
148 0 111 68 55 55 169 47 131 48 39 132 123 0 100 27 60 271 98 70 
0 0 111 68 55 55 169 47 131 48 39 132 123 57 100 27 60 271 98 70 
0 0 111 68 55 55 169 47 131 48 39 132 123 57 100 27 60 271 98 70 
148 0 111 68 55 55 169 47 131 48 39 132 0 57 100 27 60 271 98 70 
123 27 0 136 54 56 69 145 369 67 33 29 53 50 39 27 25 0 47 94 
123 27 0 136 54 56 69 145 369 67 33 29 53 50 39 27 0 305 47 94 
123 27 0 136 54 56 69 145 369 67 33 29 53 50 39 27 25 0 47 94 
123 27 0 136 54 56 69 145 369 67 33 29 0 50 39 27 25 305 47 94 
123 27 0 136 54 56 69 145 369 67 33 29 53 50 39 27 0 305 47 94 
0 27 0 136 54 56 69 145 369 67 33 29 53 50 39 27 25 305 47 94 
13 275 45 0 180 389 88 44 127 122 355 134 52 78 56 155 238 91 0 66 
13 275 45 0 180 389 88 44 127 122 355 134 52 0 56 155 238 91 385 66 
13 275 45 0 180 389 88 44 127 122 355 134 52 0 56 155 238 91 385 66 
13 275 45 0 180 389 88 44 127 122 355 134 52 78 56 155 238 91 0 66 
13 275 45 0 180 389 88 44 127 0 355 134 52 78 56 155 238 91 385 66 
13 275 45 0 180 389 88 44 127 122 355 134 52 78 0 155 238 91 385 66 
13 275 45 0 180 389 88 44 127 122 355 134 52 78 0 155 238 91 385 66 
24 331 162 270 0 37 54 34 46 131 60 48 32 123 64 243 0 166 142 103 
0 331 162 270 0 37 54 34 46 131 60 48 32 123 64 243 286 166 142 103 
24 331 162 270 0 37 54 34 46 131 60 48 0 123 64 243 286 166 142 103 
24 331 162 270 0 37 54 34 46 131 60 48 32 0 64 243 286 166 142 103 
24 331 162 270 0 37 54 34 46 131 60 48 32 123 64 243 286 166 0 103 
24 331 162 270 0 37 54 34 46 0 60 48 32 123 64 243 286 166 142 103 
24 331 162 270 0 37 54 34 46 131 60 48 0 123 64 243 286 166 142 103 
24 331 162 270 0 37 54 34 46 131 60 48 32 123 0 243 286 166 142 103 
24 331 162 270 0 37 54 34 46 131 60 0 32 123 64 243 286 166 142 103 
24 331 162 270 0 37 54 34 46 131 60 0 32 123 64 243 286 166 142 103 
24 331 162 270 0 37 54 34 46 131 60 48 32 0 64 243 286 166 142 103 
337 55 14 389 18 0 63 27 290 126 270 66 56 69 39 295 0 220 255 208 
337 55 14 389 18 0 63 27 290 126 270 0 56 69 39 295 153 220 255 208 
337 55 14 389 18 0 63 27 290 126 270 66 56 69 39 295 153 220 0 208 
337 55 14 389 18 0 63 27 290 126 270 66 56 69 0 295 153 220 255 208 
337 55 14 389 18 0 63 27 290 126 270 66 56 69 39 295 153 220 0 208 
337 55 14 389 18 0 63 27 290 126 270 66 0 69 39 295 153 220 255 208 
337 55 14 389 18 0 63 27 290 126 270 66 56 0 39 295 153 220 255 208 
337 55 14 389 18 0 63 27 290 0 270 66 56 69 39 295 153 220 255 208 
0 55 14 389 18 0 63 27 290 126 270 66 56 69 39 295 153 220 255 208 
337 55 14 389 18 0 63 27 290 126 270 66 56 69 39 295 153 220 255 0 
337 55 14 389 18 0 63 27 290 126 270 66 0 69 39 295 153 220 255 208 
337 55 14 389 18 0 63 27 290 126 270 66 56 69 39 295 153 220 255 0 
337 55 14 389 18 0 63 27 290 126 270 66 56 69 39 295 153 0 255 208 
337 55 14 389 18 0 63 27 290 126 270 66 56 69 39 295 153 0 255 208 
65 169 139 59 54 252 0 17 51 35 188 238 37 47 146 127 188 0 107 13 
65 169 139 59 54 252 0 17 51 0 188 238 37 47 146 127 188 29 107 13 
65 169 139 59 54 252 0 17 51 35 188 238 37 47 146 127 188 29 107 0 
65 169 139 59 54 252 0 17 51 35 188 238 37 47 146 0 188 29 107 13 
65 169 139 59 54 252 0 17 51 35 188 238 37 47 146 0 188 29 107 13 
65 169 139 59 54 252 0 17 51 35 188 0 37 47 146 127 188 29 107 13 
65 169 139 59 54 252 0 17 51 35 188 238 37 47 146 127 188 29 0 13 
65 169 139 59 54 252 0 17 51 35 188 238 37 47 146 127 188 0 107 13 
66 23 72 268 69 27 34 0 35 0 123 406 103 42 43 114 191 67 103 38 
66 23 72 268 69 27 34 0 35 147 123 406 0 42 43 114 191 67 103 38 
66 23 72 268 69 27 34 0 35 147 123 406 103 42 0 114 191 67 103 38 
66 23 72 268 69 27 34 0 35 147 123 406 103 42 0 114 191 67 103 38 
66 23 72 268 69 27 34 0 35 147 123 406 103 0 43 114 191 67 103 38 
66 23 72 268 69 27 34 0 35 147 123 406 103 42 43 0 191 67 103 38 
66 23 72 268 69 27 34 0 35 147 123 406 103 42 43 114 0 67 103 38 
66 23 72 268 69 27 34 0 35 147 123 406 103 42 43 0 191 67 103 38 
66 23 72 268 69 27 34 0 35 147 123 406 103 42 43 0 191 67 103 38 
66 23 72 268 69 27 34 0 35 147 123 0 103 42 43 114 191 67 103 38 
66 23 72 268 69 27 34 0 35 147 123 406 103 42 43 114 191 67 0 38 
0 23 72 268 69 27 34 0 35 147 123 406 103 42 43 114 191 67 103 38 
66 23 72 268 69 27 34 0 35 147 123 0 103 42 43 114 191 67 103 38 
34 131 61 381 92 193 12 17 0 130 276 36 14 57 0 361 255 126 100 75 
0 131 61 381 92 193 12 17 0 130 276 36 14 57 46 361 255 126 100 75 
34 131 61 381 92 193 12 17 0 130 276 36 0 57 46 361 255 126 100 75 
34 131 61 381 92 193 12 17 0 0 276 36 14 57 46 361 255 126 100 75 
34 131 61 381 92 193 12 17 0 130 276 36 14 57 46 361 255 0 100 75 
34 131 61 381 92 193 12 17 0 130 276 36 14 57 46 361 255 126 0 75 
34 131 61 381 92 193 12 17 0 130 276 0 14 57 46 361 255 126 100 75 
34 131 61 381 92 193 12 17 0 130 276 36 14 57 46 361 0 126 100 75 
0 131 61 381 92 193 12 17 0 130 276 36 14 57 46 361 255 126 100 75 
34 131 61 381 92 193 12 17 0 130 276 36 14 57 46 361 255 126 100 0 
34 131 61 381 92 193 12 17 0 130 276 36 14 57 46 0 255 126 100 75 
34 131 61 381 92 193 12 17 0 130 276 36 0 57 46 361 255 126 100 75 
34 131 61 381 92 193 12 17 0 130 276 36 14 0 46 361 255 126 100 75 
34 131 61 381 92 193 12 17 0 130 276 36 14 57 46 361 255 126 0 75 
310 24 67 40 263 31 17 24 261 0 93 40 51 80 190 27 43 81 130 0 
310 24 67 40 263 31 17 24 261 0 93 40 51 80 190 27 43 81 130 0 
310 24 67 40 263 31 17 24 261 0 93 40 51 80 0 27 43 81 130 78 
310 24 67 40 263 31 17 24 261 0 93 40 0 80 190 27 43 81 130 78 
310 24 67 40 263 31 17 24 261 0 93 0 51 80 190 27 43 81 130 78 
310 24 67 40 263 31 17 24 261 0 93 40 51 0 190 27 43 81 130 78 
189 39 67 355 361 270 47 185 184 46 0 24 136 311 122 279 0 34 128 116 
189 39 67 355 361 270 47 185 184 46 0 0 136 311 122 279 21 34 128 116 
189 39 67 355 361 270 47 185 184 46 0 24 136 311 122 0 21 34 128 116 
189 39 67 355 361 270 47 185 184 46 0 24 136 311 122 279 0 34 128 116 
189 39 67 355 361 270 47 185 184 46 0 24 136 311 122 0 21 34 128 116 
189 39 67 355 361 270 47 185 184 46 0 24 136 311 122 279 21 0 128 116 
0 39 67 355 361 270 47 185 184 46 0 24 136 311 122 279 21 34 128 116 
189 39 67 355 361 270 47 185 184 46 0 24 136 311 122 279 21 34 0 116 
189 39 67 355 361 270 47 185 184 46 0 24 136 311 122 0 21 34 128 116 
189 39 67 355 361 270 47 185 184 46 0 0 136 311 122 279 21 34 128 116 
50 397 29 268 48 99 358 67 72 122 24 0 238 57 210 74 188 0 196 76 
50 397 29 268 48 99 358 67 72 122 24 0 238 57 210 0 188 107 196 76 
50 397 29 268 48 99 358 67 72 122 24 0 238 57 210 74 0 107 196 76 
50 397 29 268 48 99 358 67 72 122 24 0 238 57 210 74 188 107 196 0 
50 397 29 268 48 99 358 67 72 122 24 0 0 57 210 74 188 107 196 76 
105 123 53 104 65 226 74 206 87 103 136 119 0 343 166 252 330 37 313 0 
105 123 53 104 65 226 74 206 87 103 136 119 0 343 166 252 330 37 0 11 
105 123 53 104 65 226 74 206 87 103 136 119 0 343 166 252 330 37 0 11 
105 123 53 104 65 226 74 206 87 103 136 119 0 343 166 252 0 37 313 11 
105 123 53 104 65 226 74 206 87 103 136 119 0 343 0 252 330 37 313 11 
105 123 53 104 65 226 74 206 87 103 136 119 0 343 166 0 330 37 313 11 
105 123 53 104 65 226 74 206 87 103 136 119 0 343 166 252 330 0 313 11 
105 123 53 104 65 226 74 206 87 0 136 119 0 343 166 252 330 37 313 11 
105 123 53 104 65 226 74 206 87 103 136 119 0 343 166 252 0 37 313 11 
105 123 53 104 65 226 74 206 87 103 136 119 0 343 0 252 330 37 313 11 
103 114 300 19 61 207 94 21 115 20 51 172 0 0 137 162 202 132 272 10 
103 114 300 19 61 207 94 21 115 20 51 172 0 0 137 162 202 132 272 10 
103 114 300 19 61 207 94 21 115 20 51 172 114 0 137 162 0 132 272 10 
103 114 300 19 61 207 94 21 115 20 51 0 114 0 137 162 202 132 272 10 
103 114 300 19 61 207 94 21 115 0 51 172 114 0 137 162 202 132 272 10 
103 114 300 19 61 207 94 21 115 20 51 172 114 0 0 162 202 132 272 10 
103 114 300 19 61 207 94 21 115 0 51 172 114 0 137 162 202 132 272 10 
0 114 300 19 61 207 94 21 115 20 51 172 114 0 137 162 202 132 272 10 
103 114 300 19 61 207 94 21 115 20 51 0 114 0 137 162 202 132 272 10 
0 114 300 19 61 207 94 21 115 20 51 172 114 0 137 162 202 132 272 10 
0 16 19 28 32 117 36 86 92 63 61 140 110 275 0 87 234 30 39 64 
204 16 19 28 32 117 36 86 92 63 61 140 110 275 0 87 0 30 39 64 
204 16 19 28 32 117 36 86 92 63 61 140 110 275 0 87 234 0 39 64 
204 16 19 28 32 117 36 86 92 63 61 140 110 275 0 0 234 30 39 64 
204 16 19 28 32 117 36 86 92 63 61 140 110 275 0 87 234 30 0 64 
157 55 108 38 162 98 127 28 60 55 279 37 0 108 131 0 42 293 121 90 
157 55 108 38 162 98 127 28 60 55 279 37 252 108 131 0 42 0 121 90 
157 55 108 38 162 98 127 28 60 55 279 37 252 108 131 0 42 293 121 0 
0 55 108 38 162 98 127 28 60 55 279 37 252 108 131 0 42 293 121 90 
157 55 108 38 162 98 127 28 60 55 279 0 252 108 131 0 42 293 121 90 
157 55 108 38 162 98 127 28 60 0 279 37 252 108 131 0 42 293 121 90 
157 55 108 38 162 98 127 28 60 0 279 37 252 108 131 0 42 293 121 90 
157 55 108 38 162 98 127 28 60 55 279 37 252 0 131 0 42 293 121 90 
157 55 108 38 162 98 127 28 60 55 279 37 252 108 131 0 0 293 121 90 
0 55 108 38 162 98 127 28 60 55 279 37 252 108 131 0 42 293 121 90 
39 15 25 39 191 153 188 95 255 87 43 0 220 202 156 85 0 118 291 54 
39 15 25 39 191 153 188 95 255 87 43 47 0 202 156 85 0 118 291 54 
0 15 25 39 191 153 188 95 255 87 43 47 220 202 156 85 0 118 291 54 
39 15 25 39 191 153 188 95 255 87 43 47 0 202 156 85 0 118 291 54 
39 15 25 39 191 153 188 95 255 87 43 47 220 0 156 85 0 118 291 54 
117 271 305 45 166 110 117 403 63 122 139 0 111 33 30 97 355 0 56 49 
0 271 305 45 166 110 117 403 63 122 139 53 111 33 30 97 355 0 56 49 
117 271 305 45 166 110 117 403 63 122 139 53 111 33 30 97 355 0 56 0 
117 271 305 45 166 110 117 403 63 122 139 53 111 33 30 97 0 0 56 49 
117 271 305 45 166 110 117 403 63 122 139 53 111 33 30 97 0 0 56 49 
117 271 305 45 166 110 117 403 63 122 139 0 111 33 30 97 355 0 56 49 
117 271 305 45 166 110 117 403 63 122 139 53 111 33 30 0 355 0 56 49 
0 271 305 45 166 110 117 403 63 122 139 53 111 33 30 97 355 0 56 49 
117 271 305 45 166 110 117 403 63 122 139 0 111 33 30 97 355 0 56 49 
117 271 305 45 166 110 117 403 63 122 139 0 111 33 30 97 355 0 56 49 
117 271 305 45 166 110 117 403 63 0 139 53 111 33 30 97 355 0 56 49 
117 271 305 45 166 110 117 403 63 122 139 0 111 33 30 97 355 0 56 49 
41 295 94 256 142 127 107 310 100 32 64 196 313 136 39 60 97 0 0 196 
41 295 94 256 142 127 107 310 100 32 64 196 313 136 39 0 97 56 0 196 
41 295 94 256 142 127 107 310 100 32 64 196 313 136 39 60 0 56 0 196 
41 295 94 256 142 127 107 310 100 32 64 196 313 136 39 60 0 56 0 196 
41 295 94 256 142 127 107 310 100 32 64 196 313 136 39 60 97 0 0 196 
41 295 94 256 142 127 107 310 100 32 64 196 313 136 39 60 97 0 0 196 
41 295 94 256 142 127 107 310 100 32 64 196 313 136 39 60 97 0 0 196 
348 105 31 99 17 104 55 38 37 235 29 25 23 42 0 180 54 295 294 0 
348 105 31 99 17 104 55 38 37 235 29 25 23 42 257 180 54 0 294 0 
348 105 31 99 17 104 55 38 37 235 29 0 23 42 257 180 54 295 294 0 
348 105 31 99 17 104 55 38 37 235 29 25 23 42 257 180 54 0 294 0 
348 105 31 99 17 104 55 38 37 0 29 25 23 42 257 180 54 295 294 0 
348 105 31 99 17 104 55 38 37 235 29 25 23 42 257 0 54 295 294 0 
348 105 31 99 17 104 55 38 37 235 29 25 23 42 257 180 54 295 0 0 
348 105 31 99 17 104 55 38 37 235 29 25 23 0 257 180 54 295 294 0 
348 105 31 99 17 104 55 38 37 235 29 25 23 42 257 0 54 295 294 0 
348 105 31 99 17 104 55 38 37 235 29 25 23 42 257 0 54 295 294 0 
0 105 31 99 17 104 55 38 37 235 29 25 23 42 257 180 54 295 294 0 
348 105 31 99 17 104 55 38 37 235 29 25 23 42 257 180 54 295 0 0 
348 105 31 99 17 104 55 38 37 235 29 25 23 42 257 180 54 295 0 0 
348 105 31 99 17 104 55 38 37 235 29 25 23 42 0 180 54 295 294 0 

4082.5
1 0.0 0.0
2 645.0 39.0
3 521.0 32.0
4 499.0 29.0
5 614.0 36.0
6 525.0 22.0
7 540.0 35.0
8 620.0 31.0
9 521.0 32.0
10 356.0 6.0
11 681.0 20.0
12 319.0 7.0
13 278.0 17.0
14 281.0 9.0
15 183.0 5.0
16 373.0 13.0
17 235.0 10.0
18 398.0 4.0
19 348.0 7.0
20 228.0 10.0
