30 120 4

0 145 402 336 248 262 186 473 175 604 145 344 144 593 628 234 251 171 336 237 548 577 106 271 463 390 186 559 302 123 
145 0 654 230 694 159 131 457 344 669 190 438 307 627 424 521 278 578 552 466 467 607 322 244 608 173 245 148 159 652 
402 654 0 355 620 173 514 337 155 511 292 174 683 264 594 177 319 487 100 531 599 133 317 379 609 477 531 400 526 604 
336 230 355 0 327 241 686 624 535 288 528 285 309 454 667 170 380 608 314 187 311 166 671 479 598 492 175 609 189 242 
248 694 620 327 0 181 644 475 214 558 271 588 593 521 216 291 303 521 468 656 312 352 381 394 315 441 381 241 635 330 
262 159 173 241 181 0 191 554 385 221 477 256 600 473 443 587 512 578 354 280 675 393 689 237 603 321 670 191 492 264 
186 131 514 686 644 191 0 155 138 174 573 259 140 226 292 131 638 285 564 141 288 683 498 296 248 643 491 124 279 609 
473 457 337 624 475 554 155 0 179 129 680 537 365 159 550 206 469 647 169 618 202 297 124 176 370 551 158 509 409 470 
175 344 155 535 214 385 138 179 0 394 437 498 589 374 154 440 462 221 319 281 594 457 427 288 545 465 289 549 303 370 
604 669 511 288 558 221 174 129 394 0 477 363 562 661 640 535 415 557 164 208 396 563 603 646 592 680 513 619 511 158 
145 190 292 528 271 477 573 680 437 477 0 411 585 482 603 663 127 539 611 259 692 190 225 345 518 498 298 424 582 495 
344 438 174 285 588 256 259 537 498 363 411 0 159 318 220 618 445 233 171 388 130 445 681 225 189 647 374 339 515 241 
144 307 683 309 593 600 140 365 589 562 585 159 0 350 287 642 670 132 391 227 133 388 407 305 530 117 435 697 327 218 
593 627 264 454 521 473 226 159 374 661 482 318 350 0 325 525 651 236 197 288 137 406 536 344 225 364 411 667 483 424 
628 424 594 667 216 443 292 550 154 640 603 220 287 325 0 369 576 303 434 424 572 586 124 306 405 395 439 111 638 660 
234 521 177 170 291 587 131 206 440 535 663 618 642 525 369 0 326 384 463 588 277 134 376 201 405 393 442 234 159 341 
251 278 319 380 303 512 638 469 462 415 127 445 670 651 576 326 0 538 379 170 286 131 186 635 332 326 646 344 129 409 
171 578 487 608 521 578 285 647 221 557 539 233 132 236 303 384 538 0 551 129 544 546 496 523 488 126 617 346 501 667 
336 552 100 314 468 354 564 169 319 164 611 171 391 197 434 463 379 551 0 217 539 232 246 121 363 532 185 404 575 570 
237 466 531 187 656 280 141 618 281 208 259 388 227 288 424 588 170 129 217 0 437 474 162 527 656 476 532 376 666 330 
548 467 599 311 312 675 288 202 594 396 692 130 133 137 572 277 286 544 539 437 0 373 208 394 375 310 656 448 622 471 
577 607 133 166 352 393 683 297 457 563 190 445 388 406 586 134 131 546 232 474 373 0 293 679 366 227 552 513 241 261 
106 322 317 671 381 689 498 124 427 603 225 681 407 536 124 376 186 496 246 162 208 293 0 582 118 298 469 360 307 677 
271 244 379 479 394 237 296 176 288 646 345 225 305 344 306 201 635 523 121 527 394 679 582 0 506 141 507 280 566 250 
463 608 609 598 315 603 248 370 545 592 518 189 530 225 405 405 332 488 363 656 375 366 118 506 0 293 383 625 252 609 
390 173 477 492 441 321 643 551 465 680 498 647 117 364 395 393 326 126 532 476 310 227 298 141 293 0 222 202 477 576 
186 245 531 175 381 670 491 158 289 513 298 374 435 411 439 442 646 617 185 532 656 552 469 507 383 222 0 151 665 674 
559 148 400 609 241 191 124 509 549 619 424 339 697 667 111 234 344 346 404 376 448 513 360 280 625 202 151 0 423 619 
302 159 526 189 635 492 279 409 303 511 582 515 327 483 638 159 129 501 575 666 622 241 307 566 252 477 665 423 0 650 
123 652 604 242 330 264 609 470 370 158 495 241 218 424 660 341 409 667 570 330 471 261 677 250 609 576 674 619 650 0 

0 83 40 67 85 86 76 25 61 28 64 88 86 37 58 65 61 78 82 64 36 59 77 62 49 40 78 25 76 85 
83 0 50 94 34 64 62 39 82 36 80 31 68 30 30 25 97 57 54 25 43 56 68 74 57 96 81 87 79 56 
40 50 0 78 29 96 49 93 69 33 87 72 56 92 26 81 75 29 86 45 41 69 93 86 56 24 39 35 51 45 
67 94 78 0 80 86 47 34 40 74 42 97 96 30 21 91 79 35 98 63 68 86 24 54 38 42 67 23 63 77 
85 34 29 80 0 81 42 24 77 32 91 46 55 42 77 66 92 58 25 54 65 65 90 42 81 33 77 63 25 91 
86 64 96 86 81 0 66 43 47 91 49 83 24 33 36 23 53 27 79 78 41 37 22 91 42 75 20 63 49 85 
76 62 49 47 42 66 0 75 86 80 49 76 70 95 95 60 33 66 45 74 91 59 51 89 79 23 41 70 77 32 
25 39 93 34 24 43 75 0 68 88 38 55 71 78 56 99 38 57 60 58 62 64 61 99 73 50 99 54 53 44 
61 82 69 40 77 47 86 68 0 37 33 28 38 78 63 30 28 86 87 74 30 41 47 92 20 44 82 40 82 91 
28 36 33 74 32 91 80 88 37 0 29 92 52 56 42 44 22 47 95 79 43 37 55 47 24 38 34 22 59 69 
64 80 87 42 91 49 49 38 33 29 0 35 28 21 38 30 84 42 39 76 46 89 94 84 56 20 92 32 45 54 
88 31 72 97 46 83 76 55 28 92 35 0 71 97 95 51 53 72 97 57 60 34 53 97 86 47 69 66 58 96 
86 68 56 96 55 24 70 71 38 52 28 71 0 93 74 38 26 77 41 96 99 36 21 76 48 87 20 40 73 74 
37 30 92 30 42 33 95 78 78 56 21 97 93 0 73 51 49 69 70 99 69 56 26 78 89 73 55 49 41 42 
58 30 26 21 77 36 95 56 63 42 38 95 74 73 0 98 36 67 48 56 38 55 85 90 52 39 55 61 29 57 
65 25 81 91 66 23 60 99 30 44 30 51 38 51 98 0 66 97 58 54 64 67 89 70 33 48 56 66 69 97 
61 97 75 79 92 53 33 38 28 22 84 53 26 49 36 66 0 22 62 70 94 85 97 43 80 84 42 95 72 41 
78 57 29 35 58 27 66 57 86 47 42 72 77 69 67 97 22 0 25 65 29 44 47 36 29 62 34 86 52 48 
82 54 86 98 25 79 45 60 87 95 39 97 41 70 48 58 62 25 0 73 53 74 88 65 61 20 70 34 31 33 
64 25 45 63 54 78 74 58 74 79 76 57 96 99 56 54 70 65 73 0 54 25 92 55 38 58 23 65 22 65 
36 43 41 68 65 41 91 62 30 43 46 60 99 69 38 64 94 29 53 54 0 80 64 23 94 68 36 20 59 26 
59 56 69 86 65 37 59 64 41 37 89 34 36 56 55 67 85 44 74 25 80 0 92 37 82 65 57 59 64 76 
77 68 93 24 90 22 51 61 47 55 94 53 21 26 85 89 97 47 88 92 64 92 0 28 94 81 48 71 89 22 
62 74 86 54 42 91 89 99 92 47 84 97 76 78 90 70 43 36 65 55 23 37 28 0 52 95 23 90 47 76 
49 57 56 38 81 42 79 73 20 24 56 86 48 89 52 33 80 29 61 38 94 82 94 52 0 87 92 40 98 51 
40 96 24 42 33 75 23 50 44 38 20 47 87 73 39 48 84 62 20 58 68 65 81 95 87 0 65 70 47 39 
78 81 39 67 77 20 41 99 82 34 92 69 20 55 55 56 42 34 70 23 36 57 48 23 92 65 0 90 32 33 
25 87 35 23 63 63 70 54 40 22 32 66 40 49 61 66 95 86 34 65 20 59 71 90 40 70 90 0 52 30 
76 79 51 63 25 49 77 53 82 59 45 58 73 41 29 69 72 52 31 22 59 64 89 47 98 47 32 52 0 55 
85 56 45 77 91 85 32 44 91 69 54 96 74 42 57 97 41 48 33 65 26 76 22 76 51 39 33 30 55 0 

426.0 108.0 1 21
608.0 162.0 1 21
532.0 207.0 1 23
608.0 191.0 1 25
487.0 302.0 2 22
319.0 154.0 2 21
487.0 75.0 2 20
426.0 105.0 2 16
487.0 412.0 3 19
274.0 148.0 3 30
608.0 279.0 3 23
426.0 319.0 3 25
608.0 157.0 4 18
365.0 103.0 4 28
487.0 189.0 4 29
426.0 354.0 4 16
426.0 270.0 5 23
365.0 351.0 5 22
456.0 396.0 5 16
365.0 259.0 5 20
426.0 121.0 6 18
274.0 201.0 6 25
319.0 190.0 6 17
365.0 191.0 6 29
548.0 168.0 7 17
608.0 168.0 7 23
274.0 159.0 7 27
426.0 177.0 7 22
426.0 328.0 8 25
365.0 564.0 8 27
319.0 205.0 8 18
456.0 145.0 8 30
532.0 377.0 9 20
319.0 144.0 9 16
456.0 467.0 9 27
319.0 436.0 9 30
426.0 219.0 10 21
426.0 159.0 10 26
365.0 93.0 10 25
319.0 297.0 10 23
274.0 182.0 11 28
426.0 229.0 11 29
532.0 234.0 11 19
373.0 210.0 11 19
319.0 316.0 12 1
373.0 523.0 12 24
365.0 286.0 12 23
365.0 388.0 12 18
456.0 228.0 13 28
365.0 84.0 13 27
487.0 394.0 13 29
319.0 410.0 13 24
365.0 147.0 14 29
426.0 201.0 14 22
456.0 227.0 14 18
426.0 181.0 14 27
411.0 459.0 15 24
456.0 402.0 15 18
487.0 288.0 15 19
411.0 499.0 15 16
426.0 320.0 16 18
487.0 191.0 16 19
319.0 174.0 16 19
411.0 336.0 16 28
479.0 570.0 17 28
426.0 378.0 17 26
479.0 256.0 17 1
365.0 459.0 17 22
426.0 201.0 18 30
319.0 320.0 18 16
319.0 171.0 18 22
365.0 132.0 18 17
319.0 357.0 19 27
548.0 295.0 19 16
365.0 306.0 19 20
319.0 286.0 19 21
274.0 72.0 20 29
365.0 307.0 20 16
426.0 273.0 20 30
426.0 75.0 20 22
487.0 364.0 21 23
456.0 283.0 21 29
373.0 384.0 21 22
456.0 190.0 21 19
608.0 402.0 22 16
487.0 307.0 22 27
319.0 402.0 22 16
365.0 351.0 22 26
479.0 303.0 23 22
319.0 486.0 23 26
456.0 331.0 23 22
365.0 151.0 23 24
373.0 110.0 24 27
365.0 324.0 24 28
548.0 222.0 24 22
426.0 202.0 24 25
479.0 249.0 25 1
365.0 198.0 25 16
274.0 132.0 25 28
608.0 216.0 25 20
456.0 340.0 26 23
548.0 478.0 26 17
319.0 204.0 26 18
532.0 60.0 26 19
319.0 131.0 27 20
319.0 273.0 27 23
548.0 103.0 27 20
479.0 270.0 27 28
365.0 210.0 28 26
479.0 378.0 28 24
426.0 162.0 28 30
487.0 516.0 28 18
487.0 105.0 29 27
608.0 239.0 29 26
373.0 267.0 29 26
426.0 267.0 29 23
487.0 188.0 30 19
426.0 158.0 30 19
319.0 148.0 30 27
532.0 101.0 30 21

0 29 198 134 99 157 74 138 35 112 87 121 57 38 23 23 100 34 201 94 0 33 42 54 22 156 111 58 181 24 
0 29 198 134 99 157 74 138 35 112 87 121 57 38 23 23 100 34 201 94 0 33 42 54 22 156 111 58 181 24 
0 29 198 134 99 157 74 138 35 112 87 121 57 38 23 23 100 34 201 94 27 33 0 54 22 156 111 58 181 24 
0 29 198 134 99 157 74 138 35 112 87 121 57 38 23 23 100 34 201 94 27 33 42 54 0 156 111 58 181 24 
14 0 261 92 416 15 13 182 34 66 19 175 30 125 254 52 166 115 220 279 93 0 32 146 364 34 49 14 31 65 
14 0 261 92 416 15 13 182 34 66 19 175 30 125 254 52 166 115 220 279 0 242 32 146 364 34 49 14 31 65 
14 0 261 92 416 15 13 182 34 66 19 175 30 125 254 52 166 115 220 0 93 242 32 146 364 34 49 14 31 65 
14 0 261 92 416 15 13 182 34 66 19 175 30 125 254 0 166 115 220 279 93 242 32 146 364 34 49 14 31 65 
160 130 0 213 248 17 205 134 62 102 175 104 136 105 356 70 191 97 0 106 239 53 31 37 121 190 106 160 210 60 
160 130 0 213 248 17 205 134 62 102 175 104 136 105 356 70 191 97 60 106 239 53 31 37 121 190 106 160 210 0 
160 130 0 213 248 17 205 134 62 102 175 104 136 105 356 70 191 97 60 106 239 53 0 37 121 190 106 160 210 60 
160 130 0 213 248 17 205 134 62 102 175 104 136 105 356 70 191 97 60 106 239 53 31 37 0 190 106 160 210 60 
201 92 142 0 130 48 68 374 214 115 105 28 185 90 266 17 228 0 125 112 62 33 402 95 358 196 17 243 113 48 
201 92 142 0 130 48 68 374 214 115 105 28 185 90 266 17 228 364 125 112 62 33 402 95 358 196 17 0 113 48 
201 92 142 0 130 48 68 374 214 115 105 28 185 90 266 17 228 364 125 112 62 33 402 95 358 196 17 243 0 48 
201 92 142 0 130 48 68 374 214 115 105 28 185 90 266 0 228 364 125 112 62 33 402 95 358 196 17 243 113 48 
148 277 248 130 0 36 128 95 42 223 108 58 355 312 129 58 121 312 93 65 62 140 0 157 63 88 38 24 127 132 
148 277 248 130 0 36 128 95 42 223 108 58 355 312 129 58 121 312 93 65 62 0 152 157 63 88 38 24 127 132 
148 277 248 130 0 36 128 95 42 223 108 58 355 312 129 0 121 312 93 65 62 140 152 157 63 88 38 24 127 132 
148 277 248 130 0 36 128 95 42 223 108 58 355 312 129 58 121 312 93 0 62 140 152 157 63 88 38 24 127 132 
26 63 17 48 72 0 38 221 77 22 190 153 60 283 265 234 102 0 212 168 405 235 137 23 361 192 67 76 295 52 
26 63 17 48 72 0 38 221 77 22 190 153 60 283 265 234 102 346 212 168 405 235 137 23 0 192 67 76 295 52 
26 63 17 48 72 0 38 221 77 22 190 153 60 283 265 234 0 346 212 168 405 235 137 23 361 192 67 76 295 52 
26 63 17 48 72 0 38 221 77 22 190 153 60 283 265 234 102 346 212 168 405 235 137 23 361 192 67 76 0 52 
18 52 102 68 128 114 0 31 13 69 114 51 84 135 29 78 0 171 225 84 57 409 199 177 49 257 294 74 27 365 
18 52 102 68 128 114 0 31 13 69 114 51 84 135 29 78 382 171 225 84 57 409 0 177 49 257 294 74 27 365 
18 52 102 68 128 114 0 31 13 69 114 51 84 135 29 78 382 171 225 84 57 409 199 177 49 257 0 74 27 365 
18 52 102 68 128 114 0 31 13 69 114 51 84 135 29 78 382 171 225 84 57 0 199 177 49 257 294 74 27 365 
94 182 67 249 285 55 93 0 35 51 272 107 36 31 110 20 187 129 16 370 80 118 74 105 0 110 31 50 245 47 
94 182 67 249 285 55 93 0 35 51 272 107 36 31 110 20 187 129 16 370 80 118 74 105 74 110 0 50 245 47 
94 182 67 249 285 55 93 0 35 51 272 107 36 31 110 20 187 0 16 370 80 118 74 105 74 110 31 50 245 47 
94 182 67 249 285 55 93 0 35 51 272 107 36 31 110 20 187 129 16 370 80 118 74 105 74 110 31 50 245 0 
35 206 15 321 21 231 55 71 0 157 262 199 235 74 92 264 92 132 63 0 59 45 85 115 218 46 173 219 181 148 
35 206 15 321 21 231 55 71 0 157 262 199 235 74 92 0 92 132 63 28 59 45 85 115 218 46 173 219 181 148 
35 206 15 321 21 231 55 71 0 157 262 199 235 74 92 264 92 132 63 28 59 45 85 115 218 46 0 219 181 148 
35 206 15 321 21 231 55 71 0 157 262 199 235 74 92 264 92 132 63 28 59 45 85 115 218 46 173 219 181 0 
362 267 102 115 111 44 69 77 39 0 190 217 224 264 384 107 249 334 16 83 0 225 241 129 118 408 102 371 51 94 
362 267 102 115 111 44 69 77 39 0 190 217 224 264 384 107 249 334 16 83 79 225 241 129 118 0 102 371 51 94 
362 267 102 115 111 44 69 77 39 0 190 217 224 264 384 107 249 334 16 83 79 225 241 129 0 408 102 371 51 94 
362 267 102 115 111 44 69 77 39 0 190 217 224 264 384 107 249 334 16 83 79 225 0 129 118 408 102 371 51 94 
87 19 58 52 108 95 114 136 87 47 0 246 234 192 241 66 50 215 366 51 276 38 135 207 51 99 178 0 232 49 
87 19 58 52 108 95 114 136 87 47 0 246 234 192 241 66 50 215 366 51 276 38 135 207 51 99 178 169 0 49 
87 19 58 52 108 95 114 136 87 47 0 246 234 192 241 66 50 215 0 51 276 38 135 207 51 99 178 169 232 49 
87 19 58 52 108 95 114 136 87 47 0 246 234 192 241 66 50 215 0 51 276 38 135 207 51 99 178 169 232 49 
0 175 69 57 58 153 103 322 298 217 164 0 15 127 88 61 89 93 34 77 78 267 68 45 75 64 149 33 51 24 
68 175 69 57 58 153 103 322 298 217 164 0 15 127 88 61 89 93 34 77 78 267 68 0 75 64 149 33 51 24 
68 175 69 57 58 153 103 322 298 217 164 0 15 127 88 61 89 93 34 77 78 267 0 45 75 64 149 33 51 24 
68 175 69 57 58 153 103 322 298 217 164 0 15 127 88 61 89 0 34 77 78 267 68 45 75 64 149 33 51 24 
14 184 136 123 237 240 28 36 235 337 351 95 0 35 28 385 134 52 156 22 13 38 40 183 53 23 261 0 130 21 
14 184 136 123 237 240 28 36 235 337 351 95 0 35 28 385 134 52 156 22 13 38 40 183 53 23 0 139 130 21 
14 184 136 123 237 240 28 36 235 337 351 95 0 35 28 385 134 52 156 22 13 38 40 183 53 23 261 139 0 21 
14 184 136 123 237 240 28 36 235 337 351 95 0 35 28 385 134 52 156 22 13 38 40 0 53 23 261 139 130 21 
118 125 158 45 208 94 45 63 74 132 192 190 210 0 195 315 130 47 118 28 27 162 321 137 45 72 164 400 0 84 
118 125 158 45 208 94 45 63 74 132 192 190 210 0 195 315 130 47 118 28 27 0 321 137 45 72 164 400 48 84 
118 125 158 45 208 94 45 63 74 132 192 190 210 0 195 315 130 0 118 28 27 162 321 137 45 72 164 400 48 84 
118 125 158 45 208 94 45 63 74 132 192 190 210 0 195 315 130 47 118 28 27 162 321 137 45 72 0 400 48 84 
62 254 356 266 21 177 29 55 15 128 361 44 114 195 0 73 230 121 86 42 343 58 12 0 40 39 43 44 63 396 
62 254 356 266 21 177 29 55 15 128 361 44 114 195 0 73 230 0 86 42 343 58 12 30 40 39 43 44 63 396 
62 254 356 266 21 177 29 55 15 128 361 44 114 195 0 73 230 121 0 42 343 58 12 30 40 39 43 44 63 396 
62 254 356 266 21 177 29 55 15 128 361 44 114 195 0 0 230 121 86 42 343 58 12 30 40 39 43 44 63 396 
46 208 17 34 58 58 78 20 44 321 66 123 64 315 147 0 65 0 185 235 27 26 150 80 40 235 265 93 63 34 
46 208 17 34 58 58 78 20 44 321 66 123 64 315 147 0 65 230 0 235 27 26 150 80 40 235 265 93 63 34 
46 208 17 34 58 58 78 20 44 321 66 123 64 315 147 0 65 230 0 235 27 26 150 80 40 235 265 93 63 34 
46 208 17 34 58 58 78 20 44 321 66 123 64 315 147 0 65 230 185 235 27 26 150 80 40 235 265 0 63 34 
100 166 127 38 30 102 255 187 46 41 12 44 268 390 230 195 0 215 151 102 28 52 18 63 132 130 129 0 12 40 
100 166 127 38 30 102 255 187 46 41 12 44 268 390 230 195 0 215 151 102 28 52 18 63 132 0 129 137 12 40 
0 166 127 38 30 102 255 187 46 41 12 44 268 390 230 195 0 215 151 102 28 52 18 63 132 130 129 137 12 40 
100 166 127 38 30 102 255 187 46 41 12 44 268 390 230 195 0 215 151 102 28 0 18 63 132 130 129 137 12 40 
102 346 292 243 52 57 171 129 132 55 53 93 52 141 121 76 215 0 110 77 54 327 99 313 97 12 61 34 200 0 
102 346 292 243 52 57 171 129 132 55 53 93 52 141 121 0 215 0 110 77 54 327 99 313 97 12 61 34 200 133 
102 346 292 243 52 57 171 129 132 55 53 93 52 141 121 76 215 0 110 77 54 0 99 313 97 12 61 34 200 133 
102 346 292 243 52 57 171 129 132 55 53 93 52 141 121 76 0 0 110 77 54 327 99 313 97 12 61 34 200 133 
134 331 10 31 46 212 56 16 63 32 244 34 39 78 260 46 227 110 0 86 53 23 147 24 72 319 0 161 115 342 
134 331 10 31 46 212 56 16 63 32 244 34 39 78 260 0 227 110 0 86 53 23 147 24 72 319 111 161 115 342 
134 331 10 31 46 212 56 16 63 32 244 34 39 78 260 46 227 110 0 0 53 23 147 24 72 319 111 161 115 342 
134 331 10 31 46 212 56 16 63 32 244 34 39 78 260 46 227 110 0 86 0 23 147 24 72 319 111 161 115 342 
94 279 53 18 65 56 56 370 168 41 155 232 22 28 254 352 102 12 43 0 174 47 64 316 393 95 53 225 0 66 
94 279 53 18 65 56 56 370 168 41 155 232 22 28 254 0 102 12 43 0 174 47 64 316 393 95 53 225 66 66 
94 279 53 18 65 56 56 370 168 41 155 232 22 28 254 352 102 12 43 0 174 47 64 316 393 95 53 225 66 0 
94 279 53 18 65 56 56 370 168 41 155 232 22 28 254 352 102 12 43 0 174 0 64 316 393 95 53 225 66 66 
219 46 359 31 124 67 28 40 356 158 69 52 13 13 228 55 28 217 215 87 0 74 0 78 75 124 65 268 124 47 
219 46 359 31 124 67 28 40 356 158 69 52 13 13 228 55 28 217 215 87 0 74 41 78 75 124 65 268 0 47 
219 46 359 31 124 67 28 40 356 158 69 52 13 13 228 55 28 217 215 87 0 0 41 78 75 124 65 268 124 47 
219 46 359 31 124 67 28 40 356 158 69 52 13 13 228 55 28 217 0 87 0 74 41 78 75 124 65 268 124 47 
346 60 53 33 211 157 68 29 182 337 76 89 155 81 117 0 26 327 46 94 37 0 117 407 219 90 331 102 144 52 
346 60 53 33 211 157 68 29 182 337 76 89 155 81 117 26 26 327 46 94 37 0 117 407 219 90 0 102 144 52 
346 60 53 33 211 157 68 29 182 337 76 89 155 81 117 0 26 327 46 94 37 0 117 407 219 90 331 102 144 52 
346 60 53 33 211 157 68 29 182 337 76 89 155 81 117 26 26 327 46 94 37 0 117 407 219 0 331 102 144 52 
21 193 190 268 38 413 298 12 256 361 135 408 244 53 74 75 111 198 49 32 20 0 0 116 70 119 187 72 184 406 
21 193 190 268 38 413 298 12 256 361 135 408 244 53 74 75 111 198 49 32 20 58 0 116 70 0 187 72 184 406 
21 193 190 268 38 413 298 12 256 361 135 408 244 53 74 75 111 198 49 32 20 0 0 116 70 119 187 72 184 406 
21 193 190 268 38 413 298 12 256 361 135 408 244 53 74 75 111 198 49 32 20 58 0 0 70 119 187 72 184 406 
108 97 75 47 39 94 59 70 28 258 69 90 61 206 30 40 63 209 12 316 78 135 116 0 202 28 0 56 339 150 
108 97 75 47 39 94 59 70 28 258 69 90 61 206 30 40 63 209 12 316 78 135 116 0 202 28 101 0 339 150 
108 97 75 47 39 94 59 70 28 258 69 90 61 206 30 40 63 209 12 316 78 0 116 0 202 28 101 56 339 150 
108 97 75 47 39 94 59 70 28 258 69 90 61 206 30 40 63 209 12 316 78 135 116 0 0 28 101 56 339 150 
0 121 243 59 63 361 148 148 54 236 103 75 53 135 40 243 199 97 36 65 225 73 23 50 0 58 153 375 151 121 
277 121 243 59 63 361 148 148 54 236 103 75 53 135 40 0 199 97 36 65 225 73 23 50 0 58 153 375 151 121 
277 121 243 59 63 361 148 148 54 236 103 75 53 135 40 243 199 97 36 65 225 73 23 50 0 58 153 0 151 121 
277 121 243 59 63 361 148 148 54 236 103 75 53 135 40 243 199 97 36 0 225 73 23 50 0 58 153 375 151 121 
234 34 286 295 176 64 257 330 93 68 99 64 46 36 79 39 195 50 106 95 186 90 0 84 58 0 44 121 286 345 
234 34 286 295 176 64 257 330 93 68 99 64 46 36 79 39 0 50 106 95 186 90 29 84 58 0 44 121 286 345 
234 34 286 295 176 64 257 330 93 68 99 64 46 36 79 39 195 0 106 95 186 90 29 84 58 0 44 121 286 345 
234 34 286 295 176 64 257 330 93 68 99 64 46 36 79 39 195 50 0 95 186 90 29 84 58 0 44 121 286 345 
74 24 106 17 228 134 196 31 57 307 119 74 174 246 175 265 129 123 74 0 131 220 187 101 76 44 0 90 399 404 
74 24 106 17 228 134 196 31 57 307 119 74 174 246 175 265 129 123 74 212 131 220 0 101 76 44 0 90 399 404 
74 24 106 17 228 134 196 31 57 307 119 74 174 246 175 265 129 123 74 0 131 220 187 101 76 44 0 90 399 404 
74 24 106 17 228 134 196 31 57 307 119 74 174 246 175 265 129 123 74 212 131 220 187 101 76 44 0 0 399 404 
223 14 40 243 144 19 24 203 219 247 254 203 69 66 44 23 206 69 80 225 89 205 72 168 125 0 15 0 42 371 
223 14 40 243 144 19 24 203 219 247 254 203 69 66 44 23 206 69 80 225 89 205 72 0 125 40 15 0 42 371 
223 14 40 243 144 19 24 203 219 247 254 203 69 66 44 23 206 69 80 225 89 205 72 168 125 40 15 0 42 0 
223 14 40 243 144 19 24 203 219 247 254 203 69 66 44 23 206 0 80 225 89 205 72 168 125 40 15 0 42 371 
181 95 105 113 254 49 55 245 60 51 116 103 65 48 63 31 77 200 57 133 373 144 61 113 100 47 0 84 0 65 
181 95 105 113 254 49 55 245 60 51 116 103 65 48 63 31 77 200 57 133 373 144 61 113 100 0 133 84 0 65 
181 95 105 113 254 49 55 245 60 51 116 103 65 48 63 31 77 200 57 133 373 144 61 113 100 0 133 84 0 65 
181 95 105 113 254 49 55 245 60 51 116 103 65 48 63 31 77 200 57 133 373 144 0 113 100 47 133 84 0 65 
12 65 362 145 33 26 365 188 37 94 297 144 43 84 132 136 40 400 0 33 94 52 135 25 243 230 67 247 260 0 
12 65 362 145 33 26 365 188 37 94 297 144 43 84 132 136 40 400 0 33 94 52 135 25 243 230 67 247 260 0 
12 65 362 145 33 26 365 188 37 94 297 144 43 84 132 136 40 400 228 33 94 52 135 25 243 230 0 247 260 0 
12 65 362 145 33 26 365 188 37 94 297 144 43 84 132 136 40 400 228 33 0 52 135 25 243 230 67 247 260 0 

5809.5
1 0.0 0.0
2 549.0 27.0
3 657.0 27.0
4 526.0 21.0
5 478.0 38.0
6 612.0 21.0
7 689.0 33.0
8 554.0 29.0
9 483.0 36.0
10 616.0 36.0
11 451.0 23.0
12 468.0 20.0
13 696.0 29.0
14 630.0 29.0
15 559.0 31.0
16 244.0 16.0
17 192.0 0.0
18 316.0 17.0
19 278.0 7.0
20 348.0 13.0
21 319.0 10.0
22 347.0 15.0
23 207.0 15.0
24 378.0 2.0
25 104.0 6.0
26 234.0 16.0
27 146.0 5.0
28 205.0 2.0
29 193.0 17.0
30 140.0 17.0
