30 389 5

0 182 213 379 631 563 461 546 120 174 155 620 561 624 220 316 581 694 619 531 538 376 203 454 527 218 627 565 616 228 
182 0 575 536 452 215 163 488 584 143 562 575 324 448 453 637 595 110 632 144 392 605 630 495 579 329 444 219 347 299 
213 575 0 467 562 438 113 543 602 372 521 629 647 106 578 225 689 226 342 485 429 647 120 637 493 574 430 599 375 608 
379 536 467 0 315 241 279 204 564 195 490 137 388 323 576 249 495 511 429 458 503 548 356 222 310 622 128 586 321 289 
631 452 562 315 0 209 155 374 355 543 228 458 412 670 356 200 454 607 133 625 151 646 167 661 341 461 683 180 121 548 
563 215 438 241 209 0 388 676 300 131 647 279 446 103 595 448 101 260 627 569 554 509 209 100 400 365 445 261 694 217 
461 163 113 279 155 388 0 610 688 236 396 361 572 698 478 136 627 131 290 610 165 112 499 386 296 561 506 418 622 319 
546 488 543 204 374 676 610 0 423 117 123 293 569 565 178 501 579 654 275 583 206 586 282 595 445 342 495 144 441 297 
120 584 602 564 355 300 688 423 0 606 669 481 676 547 188 509 373 620 255 647 598 594 418 119 562 132 424 554 624 322 
174 143 372 195 543 131 236 117 606 0 618 694 216 660 546 453 362 357 341 315 622 439 295 581 141 108 697 336 455 174 
155 562 521 490 228 647 396 123 669 618 0 357 651 574 468 210 699 176 617 195 321 466 618 153 449 687 604 681 594 400 
620 575 629 137 458 279 361 293 481 694 357 0 120 433 685 429 445 403 572 265 288 196 664 204 129 230 342 291 349 681 
561 324 647 388 412 446 572 569 676 216 651 120 0 464 114 252 385 188 353 247 577 699 140 352 133 384 252 693 389 618 
624 448 106 323 670 103 698 565 547 660 574 433 464 0 587 578 213 448 197 266 473 185 521 682 638 693 679 442 516 411 
220 453 578 576 356 595 478 178 188 546 468 685 114 587 0 164 448 200 431 337 371 565 255 402 362 402 387 298 615 111 
316 637 225 249 200 448 136 501 509 453 210 429 252 578 164 0 543 195 211 545 263 315 630 181 246 194 163 481 402 456 
581 595 689 495 454 101 627 579 373 362 699 445 385 213 448 543 0 310 574 655 564 683 154 438 262 388 170 682 582 327 
694 110 226 511 607 260 131 654 620 357 176 403 188 448 200 195 310 0 644 680 382 186 586 472 122 492 178 540 448 521 
619 632 342 429 133 627 290 275 255 341 617 572 353 197 431 211 574 644 0 483 388 426 561 667 587 249 541 555 185 195 
531 144 485 458 625 569 610 583 647 315 195 265 247 266 337 545 655 680 483 0 559 508 414 533 510 402 432 123 483 470 
538 392 429 503 151 554 165 206 598 622 321 288 577 473 371 263 564 382 388 559 0 545 172 419 554 473 244 281 606 467 
376 605 647 548 646 509 112 586 594 439 466 196 699 185 565 315 683 186 426 508 545 0 153 686 239 198 222 504 343 682 
203 630 120 356 167 209 499 282 418 295 618 664 140 521 255 630 154 586 561 414 172 153 0 253 412 264 573 535 306 257 
454 495 637 222 661 100 386 595 119 581 153 204 352 682 402 181 438 472 667 533 419 686 253 0 234 552 364 315 364 430 
527 579 493 310 341 400 296 445 562 141 449 129 133 638 362 246 262 122 587 510 554 239 412 234 0 602 381 476 328 565 
218 329 574 622 461 365 561 342 132 108 687 230 384 693 402 194 388 492 249 402 473 198 264 552 602 0 148 645 620 597 
627 444 430 128 683 445 506 495 424 697 604 342 252 679 387 163 170 178 541 432 244 222 573 364 381 148 0 247 248 288 
565 219 599 586 180 261 418 144 554 336 681 291 693 442 298 481 682 540 555 123 281 504 535 315 476 645 247 0 602 366 
616 347 375 321 121 694 622 441 624 455 594 349 389 516 615 402 582 448 185 483 606 343 306 364 328 620 248 602 0 489 
228 299 608 289 548 217 319 297 322 174 400 681 618 411 111 456 327 521 195 470 467 682 257 430 565 597 288 366 489 0 

0 82 61 76 28 50 34 30 90 69 85 28 54 57 66 87 44 25 37 48 56 95 81 25 56 88 20 57 44 64 
82 0 47 43 27 61 69 24 59 63 39 40 93 36 33 32 26 98 37 70 78 46 26 48 40 97 24 66 82 82 
61 47 0 27 46 52 95 50 29 79 53 59 28 89 31 92 34 84 98 24 29 42 95 53 21 58 26 54 96 48 
76 43 27 0 72 98 92 76 21 96 20 73 99 84 49 80 47 51 50 40 37 31 71 76 91 23 62 42 91 95 
28 27 46 72 0 96 84 90 63 54 76 38 58 45 80 93 53 48 96 48 66 29 96 46 89 24 54 69 82 27 
50 61 52 98 96 0 98 51 65 95 53 99 22 84 23 59 72 68 41 33 21 30 67 78 72 63 44 83 32 98 
34 69 95 92 84 98 0 52 32 81 64 79 28 58 35 72 22 82 68 23 81 63 20 73 87 36 32 58 28 71 
30 24 50 76 90 51 52 0 53 82 83 60 51 49 79 57 47 32 71 24 96 54 92 34 58 91 47 94 49 85 
90 59 29 21 63 65 32 53 0 51 54 21 36 26 82 28 60 36 75 30 39 42 38 90 52 64 50 29 56 72 
69 63 79 96 54 95 81 82 51 0 40 34 63 51 39 29 79 67 73 66 26 21 94 43 94 82 51 78 50 92 
85 39 53 20 76 53 64 83 54 40 0 78 29 47 53 88 22 88 42 63 91 48 55 71 44 47 45 53 56 96 
28 40 59 73 38 99 79 60 21 34 78 0 86 40 59 26 41 20 25 73 73 84 25 72 64 83 84 70 80 32 
54 93 28 99 58 22 28 51 36 63 29 86 0 45 74 82 75 99 91 88 32 41 89 76 95 62 98 44 62 48 
57 36 89 84 45 84 58 49 26 51 47 40 45 0 42 21 60 20 74 92 26 72 43 36 48 50 47 49 32 57 
66 33 31 49 80 23 35 79 82 39 53 59 74 42 0 85 27 75 57 87 70 39 92 33 78 34 76 89 56 86 
87 32 92 80 93 59 72 57 28 29 88 26 82 21 85 0 37 61 60 41 87 85 39 79 89 78 60 22 49 48 
44 26 34 47 53 72 22 47 60 79 22 41 75 60 27 37 0 66 54 24 53 33 75 58 79 94 64 43 52 94 
25 98 84 51 48 68 82 32 36 67 88 20 99 20 75 61 66 0 58 37 64 96 38 38 88 50 96 38 46 45 
37 37 98 50 96 41 68 71 75 73 42 25 91 74 57 60 54 58 0 41 87 30 45 36 21 76 48 53 85 95 
48 70 24 40 48 33 23 24 30 66 63 73 88 92 87 41 24 37 41 0 57 22 57 22 28 24 41 78 25 58 
56 78 29 37 66 21 81 96 39 26 91 73 32 26 70 87 53 64 87 57 0 46 93 22 33 23 78 76 53 39 
95 46 42 31 29 30 63 54 42 21 48 84 41 72 39 85 33 96 30 22 46 0 73 28 83 78 86 42 76 59 
81 26 95 71 96 67 20 92 38 94 55 25 89 43 92 39 75 38 45 57 93 73 0 94 31 65 35 54 85 89 
25 48 53 76 46 78 73 34 90 43 71 72 76 36 33 79 58 38 36 22 22 28 94 0 91 41 92 73 98 57 
56 40 21 91 89 72 87 58 52 94 44 64 95 48 78 89 79 88 21 28 33 83 31 91 0 42 87 58 90 46 
88 97 58 23 24 63 36 91 64 82 47 83 62 50 34 78 94 50 76 24 23 78 65 41 42 0 76 45 35 29 
20 24 26 62 54 44 32 47 50 51 45 84 98 47 76 60 64 96 48 41 78 86 35 92 87 76 0 91 83 66 
57 66 54 42 69 83 58 94 29 78 53 70 44 49 89 22 43 38 53 78 76 42 54 73 58 45 91 0 46 97 
44 82 96 91 82 32 28 49 56 50 56 80 62 32 56 49 52 46 85 25 53 76 85 98 90 35 83 46 0 42 
64 82 48 95 27 98 71 85 72 92 96 32 48 57 86 48 94 45 95 58 39 59 89 57 46 29 66 97 42 0 

340.0 230.0 1 30
445.0 148.0 1 14
347.0 191.0 1 30
297.0 142.0 1 25
445.0 248.0 1 16
424.0 158.0 1 29
297.0 351.0 1 27
340.0 141.0 1 20
445.0 183.0 1 24
297.0 100.0 1 20
509.0 279.0 1 15
396.0 214.0 1 30
382.0 135.0 1 24
255.0 206.0 1 23
495.0 235.0 1 25
453.0 84.0 1 29
396.0 93.0 2 27
347.0 359.0 2 10
297.0 158.0 2 24
509.0 144.0 2 24
453.0 588.0 2 18
347.0 148.0 2 23
297.0 304.0 2 24
424.0 273.0 2 20
340.0 72.0 2 27
340.0 168.0 2 17
340.0 277.0 2 28
495.0 79.0 2 27
297.0 193.0 2 1
396.0 79.0 2 27
297.0 192.0 2 30
424.0 530.0 2 28
347.0 115.0 2 16
382.0 115.0 2 16
340.0 418.0 2 1
340.0 378.0 2 26
396.0 78.0 3 27
495.0 342.0 3 7
396.0 159.0 3 23
297.0 104.0 3 27
396.0 130.0 3 15
347.0 399.0 3 23
297.0 213.0 4 23
340.0 154.0 4 2
495.0 280.0 4 18
445.0 370.0 4 30
396.0 252.0 4 15
509.0 121.0 4 18
453.0 183.0 4 17
445.0 176.0 4 15
347.0 176.0 4 19
297.0 111.0 4 29
424.0 345.0 4 29
453.0 194.0 5 27
297.0 342.0 5 11
495.0 342.0 5 30
453.0 373.0 5 25
445.0 319.0 5 30
396.0 163.0 6 29
453.0 198.0 6 8
509.0 222.0 6 30
340.0 306.0 6 1
495.0 270.0 6 1
297.0 244.0 6 15
297.0 558.0 6 30
453.0 184.0 6 27
382.0 172.0 6 19
495.0 88.0 6 15
445.0 421.0 6 24
495.0 174.0 6 23
396.0 172.0 6 29
453.0 342.0 6 16
297.0 270.0 6 24
566.0 484.0 7 3
255.0 330.0 7 28
396.0 219.0 7 24
255.0 202.0 7 30
424.0 384.0 7 26
382.0 183.0 7 26
347.0 163.0 7 1
396.0 109.0 7 29
382.0 391.0 7 25
255.0 115.0 8 2
297.0 348.0 8 25
297.0 79.0 8 20
297.0 191.0 8 25
566.0 306.0 8 30
297.0 344.0 8 30
566.0 238.0 8 1
396.0 473.0 8 1
340.0 191.0 8 25
396.0 294.0 8 23
297.0 122.0 8 17
340.0 296.0 8 15
297.0 141.0 8 17
396.0 88.0 9 4
340.0 125.0 9 20
396.0 201.0 9 19
509.0 121.0 9 15
382.0 202.0 9 25
382.0 288.0 9 26
255.0 351.0 9 24
347.0 405.0 9 24
453.0 142.0 9 16
424.0 336.0 9 1
340.0 253.0 9 27
297.0 324.0 9 24
297.0 319.0 9 15
445.0 247.0 9 27
445.0 230.0 9 25
340.0 307.0 10 5
396.0 87.0 10 16
340.0 394.0 10 25
453.0 229.0 10 30
509.0 301.0 10 18
445.0 295.0 10 26
424.0 374.0 10 28
396.0 358.0 10 30
297.0 355.0 10 17
509.0 246.0 10 26
340.0 402.0 10 18
347.0 418.0 10 26
445.0 321.0 11 20
509.0 222.0 11 28
255.0 189.0 11 20
396.0 72.0 11 4
453.0 245.0 11 20
297.0 313.0 11 23
340.0 125.0 11 17
255.0 174.0 11 17
382.0 206.0 11 15
396.0 224.0 11 25
297.0 239.0 11 26
566.0 409.0 11 29
297.0 403.0 12 22
340.0 109.0 12 16
509.0 408.0 12 29
255.0 194.0 12 26
340.0 480.0 12 29
297.0 283.0 12 15
255.0 226.0 13 5
255.0 118.0 13 25
347.0 172.0 13 1
347.0 316.0 13 26
347.0 260.0 13 29
297.0 112.0 13 16
509.0 162.0 13 20
340.0 594.0 13 18
340.0 297.0 13 26
424.0 216.0 13 23
445.0 464.0 13 24
347.0 205.0 13 16
509.0 132.0 13 28
424.0 211.0 13 28
495.0 162.0 14 13
340.0 324.0 14 20
347.0 140.0 14 30
396.0 428.0 14 25
340.0 151.0 14 24
424.0 113.0 14 16
509.0 208.0 14 18
453.0 214.0 14 15
424.0 162.0 14 24
340.0 151.0 14 24
340.0 273.0 14 1
255.0 352.0 14 24
340.0 453.0 14 27
255.0 300.0 14 26
382.0 478.0 14 17
396.0 155.0 14 17
297.0 93.0 14 23
340.0 403.0 14 16
340.0 453.0 15 28
340.0 456.0 15 5
340.0 110.0 15 18
453.0 279.0 15 30
566.0 344.0 15 16
396.0 111.0 15 17
445.0 369.0 15 28
445.0 288.0 15 27
255.0 162.0 15 17
347.0 222.0 15 28
396.0 433.0 15 16
453.0 336.0 16 6
396.0 158.0 16 30
453.0 402.0 16 24
453.0 270.0 16 19
255.0 153.0 16 27
297.0 176.0 16 29
347.0 279.0 16 25
424.0 302.0 16 26
509.0 264.0 16 17
495.0 331.0 16 15
255.0 443.0 16 25
445.0 237.0 16 23
424.0 140.0 16 29
453.0 107.0 16 27
340.0 267.0 17 4
396.0 187.0 17 29
453.0 101.0 17 1
445.0 253.0 17 26
347.0 97.0 17 15
445.0 198.0 17 18
255.0 302.0 17 30
297.0 308.0 17 25
396.0 85.0 17 18
297.0 366.0 17 30
453.0 128.0 17 18
382.0 197.0 17 29
509.0 217.0 17 18
424.0 159.0 17 23
445.0 270.0 17 19
445.0 423.0 17 30
566.0 479.0 17 26
396.0 324.0 17 27
347.0 193.0 18 24
347.0 448.0 18 11
347.0 75.0 18 1
297.0 347.0 18 16
297.0 529.0 18 16
340.0 205.0 18 25
396.0 316.0 18 17
495.0 445.0 18 1
509.0 96.0 18 23
340.0 262.0 18 29
255.0 384.0 18 26
297.0 344.0 18 30
297.0 133.0 18 20
445.0 105.0 18 26
424.0 378.0 18 15
424.0 290.0 18 25
424.0 501.0 18 27
566.0 248.0 18 29
396.0 489.0 19 5
340.0 547.0 19 25
566.0 290.0 19 15
340.0 247.0 19 16
445.0 399.0 19 16
509.0 270.0 19 28
495.0 188.0 20 6
509.0 210.0 20 18
297.0 100.0 20 26
297.0 66.0 20 1
495.0 136.0 20 27
424.0 199.0 20 18
424.0 99.0 20 24
424.0 261.0 20 15
297.0 233.0 20 19
340.0 120.0 20 24
396.0 92.0 20 24
382.0 96.0 20 25
297.0 217.0 20 29
255.0 100.0 20 17
396.0 414.0 20 27
382.0 399.0 20 25
509.0 129.0 20 17
297.0 273.0 20 23
396.0 191.0 20 30
424.0 87.0 21 3
445.0 119.0 21 29
255.0 101.0 21 25
424.0 124.0 21 23
424.0 486.0 21 29
445.0 324.0 21 20
340.0 399.0 22 1
509.0 178.0 22 8
509.0 302.0 22 18
396.0 464.0 22 27
297.0 259.0 22 20
566.0 259.0 22 28
453.0 331.0 22 16
255.0 168.0 22 17
495.0 248.0 22 25
396.0 252.0 22 25
424.0 130.0 22 30
396.0 228.0 22 29
255.0 284.0 22 23
424.0 226.0 22 28
424.0 140.0 23 2
347.0 427.0 23 17
424.0 258.0 23 25
396.0 117.0 23 16
255.0 142.0 23 20
340.0 210.0 23 16
445.0 403.0 23 18
297.0 312.0 23 26
297.0 316.0 23 1
495.0 255.0 23 29
424.0 461.0 23 1
509.0 345.0 23 30
495.0 534.0 23 30
509.0 114.0 23 18
340.0 256.0 23 19
396.0 282.0 23 24
297.0 451.0 23 19
347.0 293.0 23 17
347.0 286.0 24 3
255.0 280.0 24 26
396.0 564.0 24 23
255.0 256.0 24 30
297.0 405.0 24 15
453.0 99.0 24 20
566.0 228.0 24 18
424.0 118.0 24 25
255.0 409.0 24 25
382.0 438.0 24 29
566.0 151.0 24 19
445.0 148.0 24 15
509.0 297.0 24 23
255.0 410.0 24 16
297.0 394.0 24 23
495.0 216.0 24 19
396.0 219.0 24 16
566.0 464.0 25 4
297.0 326.0 25 26
453.0 507.0 25 1
509.0 171.0 25 18
453.0 459.0 25 29
453.0 541.0 25 19
445.0 168.0 25 19
347.0 171.0 25 1
396.0 261.0 25 1
424.0 178.0 25 27
340.0 367.0 25 28
396.0 156.0 25 18
340.0 273.0 25 19
255.0 323.0 25 1
509.0 113.0 25 15
347.0 348.0 25 19
495.0 184.0 25 20
396.0 211.0 25 23
340.0 456.0 26 27
297.0 270.0 26 28
453.0 168.0 26 29
445.0 172.0 26 24
453.0 240.0 26 14
297.0 523.0 26 19
396.0 451.0 26 17
453.0 195.0 26 18
495.0 334.0 26 28
566.0 304.0 26 15
347.0 444.0 26 16
453.0 96.0 26 29
255.0 498.0 26 19
453.0 436.0 26 24
255.0 374.0 26 19
495.0 442.0 26 29
396.0 228.0 27 15
382.0 258.0 27 22
382.0 100.0 27 24
297.0 255.0 27 25
297.0 192.0 27 15
297.0 211.0 27 28
509.0 432.0 27 18
340.0 588.0 27 29
495.0 490.0 27 17
382.0 352.0 27 28
509.0 202.0 28 26
445.0 348.0 28 6
340.0 174.0 28 18
347.0 159.0 28 19
347.0 319.0 28 18
297.0 219.0 28 24
566.0 237.0 28 15
453.0 208.0 28 1
445.0 473.0 28 18
297.0 254.0 28 17
340.0 194.0 28 23
453.0 162.0 28 26
340.0 393.0 29 5
396.0 249.0 29 16
297.0 235.0 29 18
340.0 319.0 29 18
453.0 182.0 29 15
347.0 273.0 30 14
509.0 259.0 30 23
424.0 412.0 30 15
340.0 276.0 30 25
340.0 370.0 30 19
566.0 191.0 30 20
255.0 376.0 30 27
340.0 410.0 30 19
255.0 210.0 30 18
424.0 349.0 30 28
340.0 144.0 30 27
382.0 134.0 30 19
396.0 432.0 30 19
509.0 226.0 30 20
453.0 298.0 30 20

0 182 213 369 370 305 326 278 120 174 155 443 334 319 220 316 357 292 375 326 375 356 203 239 315 218 366 401 491 0 
0 182 213 369 370 305 326 278 120 174 155 443 334 0 220 316 357 292 375 326 375 356 203 239 315 218 366 401 491 228 
0 182 213 369 370 305 326 278 0 174 155 443 334 319 220 316 357 292 375 326 375 356 203 239 315 218 366 401 491 228 
0 182 213 369 370 305 0 278 120 174 155 443 334 319 220 316 357 292 375 326 375 356 203 239 315 218 366 401 491 228 
0 182 0 369 370 305 326 278 120 174 155 443 334 319 220 316 357 292 375 326 375 356 203 239 315 218 366 401 491 228 
0 182 213 369 370 305 326 278 120 174 155 443 334 319 220 316 357 292 375 326 375 356 203 239 315 218 366 401 0 228 
0 182 213 369 370 305 326 278 120 174 0 443 334 319 220 316 357 292 375 326 375 356 203 239 315 218 366 401 491 228 
0 182 213 369 370 305 326 278 120 174 155 443 334 319 220 316 357 292 375 0 375 356 203 239 315 218 366 401 491 228 
0 182 213 369 370 305 326 278 120 174 155 443 334 319 220 316 357 292 375 326 0 356 203 239 315 218 366 401 491 228 
0 182 213 369 0 305 326 278 120 174 155 443 334 319 220 316 357 292 375 326 375 356 203 239 315 218 366 401 491 228 
0 182 213 369 370 305 326 278 0 174 155 443 334 319 220 316 357 292 375 326 375 356 203 239 315 218 366 401 491 228 
0 182 213 369 370 305 326 278 120 174 155 443 334 319 220 316 357 292 375 326 375 356 203 239 315 218 366 401 491 0 
0 182 213 369 370 305 326 278 120 174 155 443 334 319 220 316 357 292 375 326 375 356 203 0 315 218 366 401 491 228 
0 182 213 369 370 305 326 278 120 174 155 443 334 319 220 316 357 292 375 326 375 356 0 239 315 218 366 401 491 228 
0 182 213 369 370 305 326 278 120 174 155 443 334 319 220 316 357 292 375 326 375 356 203 239 0 218 366 401 491 228 
0 182 213 369 370 305 326 278 120 174 155 0 334 319 220 316 357 292 375 326 375 356 203 239 315 218 366 401 491 228 
182 0 575 536 452 215 163 488 584 143 562 575 324 448 453 637 595 110 632 144 392 605 630 495 579 329 0 219 347 299 
182 0 575 536 452 215 163 488 584 0 562 575 324 448 453 637 595 110 632 144 392 605 630 495 579 329 444 219 347 299 
182 0 575 536 452 215 163 488 584 143 562 575 324 448 453 637 595 110 632 144 392 605 630 0 579 329 444 219 347 299 
182 0 575 536 452 215 163 488 584 143 562 575 324 448 453 637 595 110 632 144 392 605 630 0 579 329 444 219 347 299 
182 0 575 536 452 215 163 488 584 143 562 575 324 448 453 637 595 0 632 144 392 605 630 495 579 329 444 219 347 299 
182 0 575 536 452 215 163 488 584 143 562 575 324 448 453 637 595 110 632 144 392 605 0 495 579 329 444 219 347 299 
182 0 575 536 452 215 163 488 584 143 562 575 324 448 453 637 595 110 632 144 0 605 630 495 579 329 444 219 347 299 
182 0 575 536 452 215 163 488 584 143 562 575 324 448 453 637 595 110 632 0 392 605 630 495 579 329 444 219 347 299 
182 0 575 536 452 215 163 488 584 143 562 575 324 448 453 637 595 110 632 144 392 605 630 495 579 329 0 219 347 299 
182 0 575 536 452 215 163 488 584 143 562 0 324 448 453 637 595 110 632 144 392 605 630 495 579 329 444 219 347 299 
182 0 575 536 452 215 163 488 584 143 562 575 324 448 453 637 595 110 632 144 392 605 630 495 579 329 444 0 347 299 
182 0 575 536 452 215 163 488 584 143 562 575 324 448 453 637 595 110 632 144 392 605 630 495 579 329 0 219 347 299 
182 0 575 536 452 215 163 488 584 143 562 575 324 448 453 637 595 110 632 144 392 0 630 495 579 329 444 219 347 299 
182 0 575 536 452 215 163 488 584 143 562 575 324 448 453 637 595 110 632 144 392 605 630 495 579 329 0 219 347 299 
182 0 575 536 452 215 163 488 584 143 562 0 324 448 453 637 595 110 632 144 392 605 630 495 579 329 444 219 347 299 
182 0 575 536 452 215 163 488 584 143 562 575 0 448 453 637 595 110 632 144 392 605 630 495 579 329 444 219 347 299 
182 0 575 536 452 215 163 488 584 143 562 575 324 448 453 0 595 110 632 144 392 605 630 495 579 329 444 219 347 299 
182 0 575 536 452 215 163 488 584 143 562 575 324 448 453 0 595 110 632 144 392 605 630 495 579 329 444 219 347 299 
0 0 575 536 452 215 163 488 584 143 562 575 324 448 453 637 595 110 632 144 392 605 630 495 579 329 444 219 347 299 
182 0 575 536 452 215 163 488 584 143 562 575 324 448 453 637 595 110 632 144 392 605 630 495 579 0 444 219 347 299 
213 575 0 467 562 438 113 543 602 372 521 629 647 106 578 225 689 226 342 485 429 647 120 637 493 574 0 599 375 608 
213 575 0 467 562 438 0 543 602 372 521 629 647 106 578 225 689 226 342 485 429 647 120 637 493 574 430 599 375 608 
213 575 0 467 562 438 113 543 602 372 0 629 647 106 578 225 689 226 342 485 429 647 120 637 493 574 430 599 375 608 
213 575 0 467 562 438 113 543 0 372 521 629 647 106 578 225 689 226 342 485 429 647 120 637 493 574 430 599 375 608 
213 575 0 467 562 438 113 543 602 372 521 629 647 106 0 225 689 226 342 485 429 647 120 637 493 574 430 599 375 608 
213 575 0 467 562 438 113 543 602 372 521 629 647 106 578 225 689 226 342 485 429 647 0 637 493 574 430 599 375 608 
379 536 467 0 315 241 279 204 564 195 490 137 388 323 576 249 495 511 429 458 503 548 0 222 310 622 128 586 321 289 
379 0 467 0 315 241 279 204 564 195 490 137 388 323 576 249 495 511 429 458 503 548 356 222 310 622 128 586 321 289 
379 536 467 0 0 241 279 204 564 195 490 137 388 323 576 249 495 511 429 458 503 548 356 222 310 622 128 586 321 289 
379 536 467 0 315 241 279 204 564 195 490 137 388 323 576 249 495 511 429 458 503 548 356 222 310 622 128 586 321 0 
379 536 467 0 315 241 279 204 564 195 490 137 388 0 576 249 495 511 429 458 503 548 356 222 310 622 128 586 321 289 
379 536 0 0 315 241 279 204 564 195 490 137 388 323 576 249 495 511 429 458 503 548 356 222 310 622 128 586 321 289 
379 536 467 0 315 241 279 204 564 195 490 137 388 323 576 249 0 511 429 458 503 548 356 222 310 622 128 586 321 289 
379 536 467 0 315 241 279 204 564 195 490 137 388 323 0 249 495 511 429 458 503 548 356 222 310 622 128 586 321 289 
379 536 467 0 315 241 279 204 564 195 490 137 388 323 576 249 495 511 429 458 503 0 356 222 310 622 128 586 321 289 
379 536 467 0 315 241 279 204 564 195 490 137 388 323 576 249 495 511 429 458 503 0 356 222 310 622 128 586 321 289 
379 536 467 0 0 241 279 204 564 195 490 137 388 323 576 249 495 511 429 458 503 548 356 222 310 622 128 586 321 289 
631 452 562 315 0 209 155 374 355 543 228 458 412 670 356 200 454 607 133 625 151 646 167 661 341 461 0 180 121 548 
631 452 562 315 0 209 155 374 355 543 0 458 412 670 356 200 454 607 133 625 151 646 167 661 341 461 683 180 121 548 
631 452 562 315 0 209 155 374 355 543 0 458 412 670 356 200 454 607 133 625 151 646 167 661 341 461 683 180 121 548 
631 452 562 315 0 209 155 374 355 543 228 458 412 670 356 200 454 607 133 625 151 646 167 661 0 461 683 180 121 548 
631 452 562 315 0 209 155 374 355 543 0 458 412 670 356 200 454 607 133 625 151 646 167 661 341 461 683 180 121 548 
563 215 438 241 209 0 388 676 300 131 647 279 446 103 595 448 101 260 627 569 554 509 209 100 400 365 445 261 0 217 
563 215 438 241 209 0 388 0 300 131 647 279 446 103 595 448 101 260 627 569 554 509 209 100 400 365 445 261 694 217 
563 215 438 241 209 0 388 676 300 131 0 279 446 103 595 448 101 260 627 569 554 509 209 100 400 365 445 261 694 217 
563 215 438 241 209 0 388 0 300 131 647 279 446 103 595 448 101 260 627 569 554 509 209 100 400 365 445 261 694 217 
0 215 438 241 209 0 388 676 300 131 647 279 446 103 595 448 101 260 627 569 554 509 209 100 400 365 445 261 694 217 
563 215 438 241 209 0 388 0 300 131 647 279 446 103 595 448 101 260 627 569 554 509 209 100 400 365 445 261 694 217 
563 215 438 241 209 0 388 676 300 131 647 279 446 103 595 448 101 260 627 569 554 509 209 100 400 365 445 261 694 0 
563 215 438 241 209 0 388 676 300 131 647 279 446 103 595 448 101 260 627 569 554 509 209 100 400 365 0 261 694 217 
563 215 438 241 209 0 388 676 300 131 647 279 446 103 595 448 101 260 0 569 554 509 209 100 400 365 445 261 694 217 
563 215 438 241 209 0 388 676 300 131 647 279 446 103 595 448 101 260 627 569 0 509 209 100 400 365 445 261 694 217 
563 215 438 241 209 0 388 676 300 131 647 279 446 103 595 448 101 260 627 569 554 509 209 0 400 365 445 261 694 217 
563 215 438 241 209 0 388 676 300 131 0 279 446 103 595 448 101 260 627 569 554 509 209 100 400 365 445 261 694 217 
563 215 438 241 209 0 388 676 300 131 647 279 446 103 595 448 101 260 627 569 554 509 209 100 400 365 445 261 0 217 
563 215 438 241 209 0 388 676 300 0 647 279 446 103 595 448 101 260 627 569 554 509 209 100 400 365 445 261 694 217 
563 215 438 241 209 0 388 676 300 131 0 279 446 103 595 448 101 260 627 569 554 509 209 100 400 365 445 261 694 217 
461 163 0 279 155 388 0 610 688 236 396 361 572 698 478 136 627 131 290 610 165 112 499 386 296 561 506 418 622 319 
461 163 113 279 155 388 0 610 688 236 396 361 572 0 478 136 627 131 290 610 165 112 499 386 296 561 506 418 622 319 
461 163 113 279 155 388 0 610 688 236 396 361 572 698 478 136 627 131 290 610 165 112 499 0 296 561 506 418 622 319 
461 163 113 279 155 388 0 0 688 236 396 361 572 698 478 136 627 131 290 610 165 112 499 386 296 561 506 418 622 319 
461 163 113 279 155 388 0 610 688 236 0 361 572 698 478 136 627 131 290 610 165 112 499 386 296 561 506 418 622 319 
461 163 113 279 155 388 0 610 688 236 396 361 572 698 478 136 627 131 290 610 165 112 499 386 296 0 506 418 622 319 
0 163 113 279 155 388 0 610 688 236 396 361 572 698 478 136 627 131 290 610 165 112 499 386 296 561 506 418 622 319 
461 163 113 279 155 388 0 610 688 236 396 361 572 698 478 136 627 131 290 610 165 112 499 386 296 561 506 418 0 319 
461 163 113 279 155 388 0 610 688 236 396 361 572 698 478 136 627 131 290 610 165 112 499 386 0 561 506 418 622 319 
546 0 543 204 374 676 610 0 423 117 123 293 569 565 178 501 579 654 275 583 206 586 282 595 445 342 495 144 441 297 
546 488 543 204 374 676 610 0 423 117 123 293 569 565 178 501 579 654 275 583 206 586 282 595 0 342 495 144 441 297 
546 488 543 204 374 676 610 0 423 117 123 293 569 565 178 501 579 654 275 0 206 586 282 595 445 342 495 144 441 297 
546 488 543 204 374 676 610 0 423 117 123 293 569 565 178 501 579 654 275 583 206 586 282 595 0 342 495 144 441 297 
546 488 543 204 374 676 610 0 423 117 123 293 569 565 178 501 579 654 275 583 206 586 282 595 445 342 495 144 441 0 
546 488 543 204 374 676 610 0 423 0 123 293 569 565 178 501 579 654 275 583 206 586 282 595 445 342 495 144 441 297 
546 488 543 204 374 676 610 0 0 117 123 293 569 565 178 501 579 654 275 583 206 586 282 595 445 342 495 144 441 297 
546 488 543 204 374 676 610 0 423 117 0 293 569 565 178 501 579 654 275 583 206 586 282 595 445 342 495 144 441 297 
546 488 543 204 374 676 610 0 423 117 123 293 569 565 178 501 579 654 275 583 206 586 282 595 0 342 495 144 441 297 
546 488 543 204 374 676 610 0 423 117 123 293 569 0 178 501 579 654 275 583 206 586 282 595 445 342 495 144 441 297 
546 0 543 204 374 676 610 0 423 117 123 293 569 565 178 501 579 654 275 583 206 586 282 595 445 342 495 144 441 297 
546 488 543 0 374 676 610 0 423 117 123 293 569 565 178 501 579 654 275 583 206 586 282 595 445 342 495 144 441 297 
546 488 543 204 374 676 610 0 423 117 123 293 569 565 178 501 0 654 275 583 206 586 282 595 445 342 495 144 441 297 
120 584 602 0 355 300 688 423 0 606 669 481 676 547 188 509 373 620 255 647 598 594 418 119 562 132 424 554 624 322 
120 584 602 564 355 300 688 423 0 606 669 481 676 547 188 509 373 620 255 0 598 594 418 119 562 132 424 554 624 322 
120 584 602 564 355 300 688 423 0 606 669 481 676 547 188 509 373 620 255 647 598 0 418 119 562 132 424 554 624 322 
120 584 0 564 355 300 688 423 0 606 669 481 676 547 188 509 373 620 255 647 598 594 418 119 562 132 424 554 624 322 
120 584 602 564 355 300 688 423 0 606 669 481 676 547 188 509 373 620 255 647 598 594 418 119 0 132 424 554 624 322 
120 584 602 564 355 300 688 423 0 606 669 481 676 547 188 509 373 620 255 647 598 594 418 119 562 0 424 554 624 322 
120 584 602 564 355 300 688 423 0 606 669 481 676 547 188 509 373 620 255 647 598 594 418 0 562 132 424 554 624 322 
120 584 602 564 355 300 688 423 0 606 669 481 676 547 188 509 373 620 255 647 598 594 418 0 562 132 424 554 624 322 
120 584 602 564 355 300 688 423 0 606 669 481 676 547 188 0 373 620 255 647 598 594 418 119 562 132 424 554 624 322 
120 0 602 564 355 300 688 423 0 606 669 481 676 547 188 509 373 620 255 647 598 594 418 119 562 132 424 554 624 322 
120 584 602 564 355 0 688 423 0 606 669 481 676 547 188 509 373 620 255 647 598 594 418 119 562 132 424 554 624 322 
120 584 602 564 355 300 688 423 0 606 669 481 676 547 188 509 373 620 255 647 598 594 418 0 562 132 424 554 624 322 
120 584 602 564 355 300 688 423 0 606 669 481 676 547 0 509 373 620 255 647 598 594 418 119 562 132 424 554 624 322 
120 0 602 564 355 300 688 423 0 606 669 481 676 547 188 509 373 620 255 647 598 594 418 119 562 132 424 554 624 322 
120 0 602 564 355 300 688 423 0 606 669 481 676 547 188 509 373 620 255 647 598 594 418 119 562 132 424 554 624 322 
174 143 372 195 0 131 236 117 606 0 618 694 216 660 546 453 362 357 341 315 622 439 295 581 141 108 697 336 455 174 
174 143 372 195 543 131 236 117 606 0 618 694 216 660 546 0 362 357 341 315 622 439 295 581 141 108 697 336 455 174 
174 143 372 195 543 131 236 117 606 0 618 694 216 660 546 453 362 357 341 315 622 439 295 581 0 108 697 336 455 174 
174 143 372 195 543 131 236 117 606 0 618 694 216 0 546 453 362 357 341 315 622 439 295 581 141 108 697 336 455 174 
174 143 372 195 543 131 236 117 606 0 618 694 216 660 546 453 362 0 341 315 622 439 295 581 141 108 697 336 455 174 
174 143 372 195 543 131 236 117 606 0 618 694 216 660 546 453 362 357 341 315 622 439 295 581 141 0 697 336 455 174 
174 143 372 195 543 131 236 117 606 0 618 694 216 660 546 453 362 357 341 315 622 439 295 581 141 108 697 0 455 174 
174 143 372 195 543 131 236 117 606 0 618 694 216 660 546 453 362 357 341 315 622 439 295 581 141 108 697 336 455 0 
174 143 372 195 543 131 236 117 606 0 618 694 216 660 546 453 0 357 341 315 622 439 295 581 141 108 697 336 455 174 
174 143 372 195 543 131 236 117 606 0 618 694 216 660 546 453 362 357 341 315 622 439 295 581 141 0 697 336 455 174 
174 143 372 195 543 131 236 117 606 0 618 694 216 660 546 453 362 0 341 315 622 439 295 581 141 108 697 336 455 174 
174 143 372 195 543 131 236 117 606 0 618 694 216 660 546 453 362 357 341 315 622 439 295 581 141 0 697 336 455 174 
155 562 521 490 228 647 396 123 669 618 0 357 651 574 468 210 699 176 617 0 321 466 618 153 449 687 604 681 594 400 
155 562 521 490 228 647 396 123 669 618 0 357 651 574 468 210 699 176 617 195 321 466 618 153 449 687 604 0 594 400 
155 562 521 490 228 647 396 123 669 618 0 357 651 574 468 210 699 176 617 0 321 466 618 153 449 687 604 681 594 400 
155 562 521 0 228 647 396 123 669 618 0 357 651 574 468 210 699 176 617 195 321 466 618 153 449 687 604 681 594 400 
155 562 521 490 228 647 396 123 669 618 0 357 651 574 468 210 699 176 617 0 321 466 618 153 449 687 604 681 594 400 
155 562 521 490 228 647 396 123 669 618 0 357 651 574 468 210 699 176 617 195 321 466 0 153 449 687 604 681 594 400 
155 562 521 490 228 647 396 123 669 618 0 357 651 574 468 210 0 176 617 195 321 466 618 153 449 687 604 681 594 400 
155 562 0 490 228 647 396 123 669 618 0 357 651 574 468 210 699 176 617 195 321 466 618 153 449 687 604 681 594 400 
155 562 521 490 228 647 396 123 669 618 0 357 651 574 0 210 699 176 617 195 321 466 618 153 449 687 604 681 594 400 
155 562 521 490 228 647 396 123 669 618 0 357 651 574 468 210 699 176 617 195 321 466 618 153 0 687 604 681 594 400 
155 562 521 490 228 647 396 123 669 618 0 357 651 574 468 210 699 176 617 195 321 466 618 153 449 0 604 681 594 400 
155 562 521 490 228 647 396 123 669 618 0 357 651 574 468 210 699 176 617 195 0 466 618 153 449 687 604 681 594 400 
620 575 629 137 458 279 361 293 481 694 357 0 120 433 685 429 445 403 572 265 288 0 664 204 129 230 342 291 349 681 
620 575 629 137 458 279 361 293 481 694 357 0 120 433 685 0 445 403 572 265 288 196 664 204 129 230 342 291 349 681 
620 575 629 137 458 279 361 293 481 694 357 0 120 433 685 429 445 403 572 265 288 196 664 204 129 230 342 291 0 681 
620 575 0 137 458 279 361 293 481 694 357 0 120 433 685 429 445 403 572 265 288 196 664 204 129 230 342 291 349 681 
620 575 629 137 458 279 361 293 481 694 357 0 120 433 685 429 445 403 572 265 288 196 664 204 129 230 342 291 0 681 
620 575 629 137 458 279 361 293 481 694 357 0 120 433 0 429 445 403 572 265 288 196 664 204 129 230 342 291 349 681 
561 324 647 388 0 446 572 569 676 216 651 120 0 464 114 252 385 188 353 247 577 699 140 352 133 384 252 693 389 618 
561 324 647 388 412 0 572 569 676 216 651 120 0 464 114 252 385 188 353 247 577 699 140 352 133 384 252 693 389 618 
561 324 647 388 412 446 572 569 676 216 651 120 0 464 114 252 385 188 353 247 0 699 140 352 133 384 252 693 389 618 
561 324 647 388 412 446 572 569 676 216 651 120 0 464 114 252 385 188 353 247 577 699 140 352 133 0 252 693 389 618 
561 324 647 388 412 446 572 569 676 216 651 120 0 464 114 252 385 188 353 247 577 699 140 352 133 384 252 693 0 618 
561 324 647 388 412 0 572 569 676 216 651 120 0 464 114 252 385 188 353 247 577 699 140 352 133 384 252 693 389 618 
561 324 647 388 412 446 572 569 676 216 651 120 0 0 114 252 385 188 353 247 577 699 140 352 133 384 252 693 389 618 
561 324 647 388 412 446 572 569 676 216 651 120 0 464 114 252 385 0 353 247 577 699 140 352 133 384 252 693 389 618 
561 324 647 388 412 446 572 569 676 216 651 120 0 464 114 252 385 188 353 247 577 699 140 352 133 0 252 693 389 618 
561 324 647 388 412 446 572 569 676 216 651 120 0 0 114 252 385 188 353 247 577 699 140 352 133 384 252 693 389 618 
561 324 647 388 412 446 572 569 676 216 651 0 0 464 114 252 385 188 353 247 577 699 140 352 133 384 252 693 389 618 
561 324 647 388 412 446 572 569 0 216 651 120 0 464 114 252 385 188 353 247 577 699 140 352 133 384 252 693 389 618 
561 324 647 388 412 446 572 569 676 216 651 120 0 464 114 252 385 188 353 247 577 699 140 352 133 384 252 0 389 618 
561 324 647 388 412 446 572 569 676 216 651 120 0 464 114 252 385 188 353 247 577 699 140 352 133 384 252 0 389 618 
624 448 106 323 670 103 698 565 547 660 574 433 0 0 587 578 213 448 197 266 473 185 521 682 638 693 679 442 516 411 
624 448 106 323 670 103 698 565 547 660 574 433 464 0 587 578 213 448 197 266 473 0 521 682 638 693 679 442 516 411 
624 0 106 323 670 103 698 565 547 660 574 433 464 0 587 578 213 448 197 266 473 185 521 682 638 693 679 442 516 411 
624 448 106 0 670 103 698 565 547 660 574 433 464 0 587 578 213 448 197 266 473 185 521 682 638 693 679 442 516 411 
624 448 106 323 670 103 698 565 547 660 574 433 464 0 587 578 213 448 197 266 473 185 521 0 638 693 679 442 516 411 
624 448 106 323 670 103 698 565 547 660 574 433 464 0 587 0 213 448 197 266 473 185 521 682 638 693 679 442 516 411 
624 448 106 323 670 103 0 565 547 660 574 433 464 0 587 578 213 448 197 266 473 185 521 682 638 693 679 442 516 411 
624 448 106 323 670 103 698 565 547 660 574 433 464 0 0 578 213 448 197 266 473 185 521 682 638 693 679 442 516 411 
624 448 106 323 0 103 698 565 547 660 574 433 464 0 587 578 213 448 197 266 473 185 521 682 638 693 679 442 516 411 
624 448 106 323 670 103 698 565 547 660 574 433 464 0 587 578 213 448 197 266 473 185 521 0 638 693 679 442 516 411 
0 448 106 323 670 103 698 565 547 660 574 433 464 0 587 578 213 448 197 266 473 185 521 682 638 693 679 442 516 411 
624 448 106 323 670 0 698 565 547 660 574 433 464 0 587 578 213 448 197 266 473 185 521 682 638 693 679 442 516 411 
624 448 106 323 670 0 698 565 547 660 574 433 464 0 587 578 213 448 197 266 473 185 521 682 638 693 679 442 516 411 
624 448 106 323 670 103 698 565 547 660 574 433 464 0 587 578 213 448 197 266 473 185 521 682 638 0 679 442 516 411 
624 448 106 323 670 0 698 565 547 660 574 433 464 0 587 578 213 448 197 266 473 185 521 682 638 693 679 442 516 411 
624 448 106 323 670 103 698 565 547 660 0 433 464 0 587 578 213 448 197 266 473 185 521 682 638 693 679 442 516 411 
624 448 106 323 670 103 698 565 0 660 574 433 464 0 587 578 213 448 197 266 473 185 521 682 638 693 679 442 516 411 
624 448 106 0 670 103 698 565 547 660 574 433 464 0 587 578 213 448 197 266 473 185 521 682 638 693 679 442 516 411 
220 453 578 576 356 595 478 178 188 546 468 685 114 587 0 164 448 200 431 337 371 565 255 402 362 402 387 0 615 111 
220 453 578 576 0 595 478 178 188 546 468 685 114 587 0 164 448 200 431 337 371 565 255 402 362 402 387 298 615 111 
220 453 578 576 356 0 478 178 188 546 468 685 114 587 0 164 448 200 431 337 371 565 255 402 362 402 387 298 615 111 
220 453 578 0 356 595 478 178 188 546 468 685 114 587 0 164 448 200 431 337 371 565 255 402 362 402 387 298 615 111 
220 453 578 576 356 595 478 178 0 546 468 685 114 587 0 164 448 200 431 337 371 565 255 402 362 402 387 298 615 111 
220 453 0 576 356 595 478 178 188 546 468 685 114 587 0 164 448 200 431 337 371 565 255 402 362 402 387 298 615 111 
220 453 578 576 356 595 478 178 0 546 468 685 114 587 0 164 448 200 431 337 371 565 255 402 362 402 387 298 615 111 
220 453 578 576 356 595 478 178 188 546 468 685 0 587 0 164 448 200 431 337 371 565 255 402 362 402 387 298 615 111 
220 453 578 576 356 595 478 178 188 546 468 685 114 587 0 164 0 200 431 337 371 565 255 402 362 402 387 298 615 111 
220 453 578 576 356 595 478 178 188 546 0 685 114 587 0 164 448 200 431 337 371 565 255 402 362 402 387 298 615 111 
220 453 578 576 356 595 478 178 188 546 468 685 114 587 0 0 448 200 431 337 371 565 255 402 362 402 387 298 615 111 
316 637 225 249 200 0 136 501 509 453 210 429 252 578 164 0 543 195 211 545 263 315 630 181 246 194 163 481 402 456 
316 637 225 249 200 448 136 501 509 453 210 429 252 578 164 0 543 195 211 545 263 315 630 181 246 194 163 481 402 0 
316 637 225 249 200 448 136 501 509 453 210 429 252 578 164 0 543 195 211 545 263 315 630 0 246 194 163 481 402 456 
316 637 225 249 200 448 136 501 509 453 210 429 252 578 164 0 543 195 0 545 263 315 630 181 246 194 163 481 402 456 
316 0 225 249 200 448 136 501 509 453 210 429 252 578 164 0 543 195 211 545 263 315 630 181 246 194 163 481 402 456 
316 637 225 249 200 448 136 501 509 453 210 429 252 578 164 0 543 195 211 545 263 315 630 181 246 194 163 481 0 456 
316 637 225 249 0 448 136 501 509 453 210 429 252 578 164 0 543 195 211 545 263 315 630 181 246 194 163 481 402 456 
316 637 225 249 200 448 0 501 509 453 210 429 252 578 164 0 543 195 211 545 263 315 630 181 246 194 163 481 402 456 
316 637 225 0 200 448 136 501 509 453 210 429 252 578 164 0 543 195 211 545 263 315 630 181 246 194 163 481 402 456 
316 637 225 249 200 448 136 501 509 453 210 429 252 578 164 0 543 195 211 545 263 0 630 181 246 194 163 481 402 456 
316 637 225 249 200 448 136 501 509 453 210 429 252 578 164 0 543 195 211 545 0 315 630 181 246 194 163 481 402 456 
316 637 225 249 200 448 0 501 509 453 210 429 252 578 164 0 543 195 211 545 263 315 630 181 246 194 163 481 402 456 
316 637 225 249 200 448 136 501 509 453 210 0 252 578 164 0 543 195 211 545 263 315 630 181 246 194 163 481 402 456 
316 637 225 249 200 448 136 501 509 453 210 429 252 0 164 0 543 195 211 545 263 315 630 181 246 194 163 481 402 456 
581 595 689 0 454 101 627 579 373 362 699 445 385 213 448 543 0 310 574 655 564 683 154 438 262 388 170 682 582 327 
581 595 689 495 454 101 627 579 373 362 699 445 385 213 448 543 0 310 574 655 564 683 154 438 262 388 170 682 0 327 
581 0 689 495 454 101 627 579 373 362 699 445 385 213 448 543 0 310 574 655 564 683 154 438 262 388 170 682 582 327 
581 595 689 495 454 101 627 0 373 362 699 445 385 213 448 543 0 310 574 655 564 683 154 438 262 388 170 682 582 327 
581 595 689 495 454 101 627 579 373 362 699 445 385 213 0 543 0 310 574 655 564 683 154 438 262 388 170 682 582 327 
581 595 689 495 454 101 627 579 373 362 699 445 385 213 448 543 0 0 574 655 564 683 154 438 262 388 170 682 582 327 
581 595 689 495 0 101 627 579 373 362 699 445 385 213 448 543 0 310 574 655 564 683 154 438 262 388 170 682 582 327 
581 595 689 495 454 101 627 579 373 362 699 445 385 213 448 543 0 310 574 655 564 683 154 438 0 388 170 682 582 327 
581 0 689 495 454 101 627 579 373 362 699 445 385 213 448 543 0 310 574 655 564 683 154 438 262 388 170 682 582 327 
581 595 689 495 454 101 627 579 373 362 699 445 385 213 448 543 0 310 574 655 564 683 154 438 262 388 170 682 582 0 
581 595 689 495 454 101 627 579 373 362 699 445 385 213 448 543 0 310 574 655 564 0 154 438 262 388 170 682 582 327 
581 595 689 0 454 101 627 579 373 362 699 445 385 213 448 543 0 310 574 655 564 683 154 438 262 388 170 682 582 327 
581 595 689 495 454 101 627 579 373 362 699 445 385 213 448 543 0 0 574 655 564 683 154 438 262 388 170 682 582 327 
581 595 689 495 454 101 627 579 373 362 699 0 385 213 448 543 0 310 574 655 564 683 154 438 262 388 170 682 582 327 
581 595 689 495 0 101 627 579 373 362 699 445 385 213 448 543 0 310 574 655 564 683 154 438 262 388 170 682 582 327 
581 595 689 495 454 101 627 579 373 362 699 445 385 213 448 543 0 310 574 655 564 683 154 438 262 388 170 682 582 0 
581 595 689 495 454 101 627 579 373 362 699 445 385 213 448 543 0 310 574 655 564 683 154 438 262 0 170 682 582 327 
581 595 689 495 454 0 627 579 373 362 699 445 385 213 448 543 0 310 574 655 564 683 154 438 262 388 170 682 582 327 
694 110 226 511 607 260 131 654 620 357 176 403 188 448 200 195 310 0 644 680 382 186 586 0 122 492 178 540 448 521 
694 110 226 511 607 260 131 654 620 357 0 403 188 448 200 195 310 0 644 680 382 186 586 472 122 492 178 540 448 521 
0 110 226 511 607 260 131 654 620 357 176 403 188 448 200 195 310 0 644 680 382 186 586 472 122 492 178 540 448 521 
694 110 226 511 607 260 131 654 620 357 176 403 188 448 200 0 310 0 644 680 382 186 586 472 122 492 178 540 448 521 
694 0 226 511 607 260 131 654 620 357 176 403 188 448 200 195 310 0 644 680 382 186 586 472 122 492 178 540 448 521 
694 110 226 511 607 260 131 654 0 357 176 403 188 448 200 195 310 0 644 680 382 186 586 472 122 492 178 540 448 521 
694 110 226 511 607 260 131 654 620 357 176 403 188 448 200 195 0 0 644 680 382 186 586 472 122 492 178 540 448 521 
694 110 226 511 607 260 131 654 620 357 176 403 0 448 200 195 310 0 644 680 382 186 586 472 122 492 178 540 448 521 
694 110 226 511 607 260 131 654 620 357 176 403 188 0 200 195 310 0 644 680 382 186 586 472 122 492 178 540 448 521 
694 110 226 511 607 260 131 654 620 357 176 403 188 448 200 195 310 0 644 680 382 186 586 472 122 492 178 540 0 521 
694 110 226 511 607 260 131 654 620 357 176 403 188 448 200 195 310 0 644 680 0 186 586 472 122 492 178 540 448 521 
694 110 226 511 607 260 0 654 620 357 176 403 188 448 200 195 310 0 644 680 382 186 586 472 122 492 178 540 448 521 
694 110 226 511 607 260 131 654 620 357 176 403 188 448 200 195 310 0 644 0 382 186 586 472 122 492 178 540 448 521 
694 110 226 511 607 260 131 0 620 357 176 403 188 448 200 195 310 0 644 680 382 186 586 472 122 492 178 540 448 521 
