30 136 3

0 653 639 542 599 637 496 401 296 428 429 198 335 650 321 579 205 534 579 209 679 421 428 250 655 657 452 227 662 200 
653 0 550 693 464 422 508 478 675 349 152 212 173 592 217 250 210 303 606 235 575 261 690 586 694 533 684 572 430 515 
639 550 0 649 678 565 415 224 488 637 419 410 211 145 278 589 422 451 338 108 188 347 527 340 170 254 330 636 636 320 
542 693 649 0 289 530 231 479 589 678 225 414 546 278 197 618 290 638 354 597 525 137 507 388 173 264 361 383 326 438 
599 464 678 289 0 197 117 531 406 250 682 403 577 310 166 339 592 609 170 637 458 607 281 165 362 536 377 196 369 510 
637 422 565 530 197 0 502 206 483 534 633 230 352 679 466 242 634 688 103 225 510 582 143 432 369 467 663 100 360 442 
496 508 415 231 117 502 0 592 465 116 399 476 553 592 356 475 145 240 357 230 557 368 573 151 164 166 690 243 214 597 
401 478 224 479 531 206 592 0 483 653 682 623 633 545 443 190 363 265 514 199 564 375 648 251 320 336 330 395 164 185 
296 675 488 589 406 483 465 483 0 647 176 546 393 453 397 180 627 495 113 168 302 435 292 617 346 431 662 246 258 692 
428 349 637 678 250 534 116 653 647 0 486 308 464 571 614 423 249 372 545 325 263 318 213 699 589 256 587 186 610 446 
429 152 419 225 682 633 399 682 176 486 0 183 129 365 624 270 566 233 348 596 270 597 523 472 145 227 384 588 548 634 
198 212 410 414 403 230 476 623 546 308 183 0 341 364 230 155 184 242 388 237 507 204 192 253 433 203 563 277 388 208 
335 173 211 546 577 352 553 633 393 464 129 341 0 155 295 244 341 376 615 570 558 537 363 402 538 556 447 359 554 442 
650 592 145 278 310 679 592 545 453 571 365 364 155 0 321 344 620 696 558 232 140 562 103 411 560 210 219 653 615 326 
321 217 278 197 166 466 356 443 397 614 624 230 295 321 0 218 669 397 256 292 270 669 510 300 582 140 690 340 183 677 
579 250 589 618 339 242 475 190 180 423 270 155 244 344 218 0 420 246 362 351 299 556 652 615 596 260 529 347 321 604 
205 210 422 290 592 634 145 363 627 249 566 184 341 620 669 420 0 309 637 282 550 362 496 448 224 107 530 534 418 638 
534 303 451 638 609 688 240 265 495 372 233 242 376 696 397 246 309 0 517 635 237 296 491 562 493 523 430 643 554 355 
579 606 338 354 170 103 357 514 113 545 348 388 615 558 256 362 637 517 0 498 458 401 302 208 508 530 289 303 546 574 
209 235 108 597 637 225 230 199 168 325 596 237 570 232 292 351 282 635 498 0 567 129 103 694 532 359 675 515 136 666 
679 575 188 525 458 510 557 564 302 263 270 507 558 140 270 299 550 237 458 567 0 250 421 648 136 463 378 206 526 593 
421 261 347 137 607 582 368 375 435 318 597 204 537 562 669 556 362 296 401 129 250 0 302 408 264 680 113 526 242 177 
428 690 527 507 281 143 573 648 292 213 523 192 363 103 510 652 496 491 302 103 421 302 0 490 117 194 580 230 392 461 
250 586 340 388 165 432 151 251 617 699 472 253 402 411 300 615 448 562 208 694 648 408 490 0 639 260 287 674 651 432 
655 694 170 173 362 369 164 320 346 589 145 433 538 560 582 596 224 493 508 532 136 264 117 639 0 448 287 260 210 593 
657 533 254 264 536 467 166 336 431 256 227 203 556 210 140 260 107 523 530 359 463 680 194 260 448 0 150 510 106 503 
452 684 330 361 377 663 690 330 662 587 384 563 447 219 690 529 530 430 289 675 378 113 580 287 287 150 0 635 515 659 
227 572 636 383 196 100 243 395 246 186 588 277 359 653 340 347 534 643 303 515 206 526 230 674 260 510 635 0 344 517 
662 430 636 326 369 360 214 164 258 610 548 388 554 615 183 321 418 554 546 136 526 242 392 651 210 106 515 344 0 306 
200 515 320 438 510 442 597 185 692 446 634 208 442 326 677 604 638 355 574 666 593 177 461 432 593 503 659 517 306 0 

0 26 26 31 25 36 50 55 82 59 40 94 79 51 87 25 63 32 47 79 34 34 38 97 45 51 41 95 47 94 
26 0 32 41 56 37 55 46 42 87 72 84 63 28 78 61 74 62 37 99 58 63 21 24 48 25 54 44 41 46 
26 32 0 45 27 39 44 92 34 59 52 55 70 69 64 51 58 36 87 81 83 72 30 96 89 84 68 57 52 66 
31 41 45 0 82 44 64 31 53 31 63 53 57 79 74 39 60 31 92 47 53 93 50 84 79 84 99 71 86 52 
25 56 27 82 0 72 84 28 38 95 37 56 43 66 74 60 29 31 85 57 37 52 82 73 82 26 68 73 75 58 
36 37 39 44 72 0 35 73 44 24 25 81 61 43 51 66 41 53 85 79 33 22 62 38 80 31 59 62 90 37 
50 55 44 64 84 35 0 55 30 77 53 40 56 42 70 21 96 85 63 83 45 79 30 79 99 69 34 86 67 25 
55 46 92 31 28 73 55 0 38 40 24 30 51 34 46 82 64 91 24 76 49 95 22 60 73 71 66 90 61 81 
82 42 34 53 38 44 30 38 0 21 94 54 75 43 71 74 51 24 71 88 90 21 83 39 72 59 25 66 73 59 
59 87 59 31 95 24 77 40 21 0 42 81 20 39 54 47 68 97 55 84 71 78 94 54 27 78 42 89 49 26 
40 72 52 63 37 25 53 24 94 42 0 87 80 66 58 66 46 71 91 43 86 37 26 27 67 92 72 37 45 24 
94 84 55 53 56 81 40 30 54 81 87 0 81 97 89 88 98 99 91 68 23 98 67 84 22 85 57 60 83 88 
79 63 70 57 43 61 56 51 75 20 80 81 0 62 83 65 84 88 43 58 20 26 67 35 43 22 39 79 36 32 
51 28 69 79 66 43 42 34 43 39 66 97 62 0 65 71 57 56 49 82 93 35 72 31 53 87 74 20 56 73 
87 78 64 74 74 51 70 46 71 54 58 89 83 65 0 98 49 88 69 63 78 25 49 68 38 78 23 78 79 35 
25 61 51 39 60 66 21 82 74 47 66 88 65 71 98 0 21 78 95 60 74 46 21 45 23 81 56 75 79 34 
63 74 58 60 29 41 96 64 51 68 46 98 84 57 49 21 0 88 23 68 38 87 43 24 94 68 37 46 29 52 
32 62 36 31 31 53 85 91 24 97 71 99 88 56 88 78 88 0 48 35 64 69 50 59 27 32 57 52 32 66 
47 37 87 92 85 85 63 24 71 55 91 91 43 49 69 95 23 48 0 38 41 34 80 91 52 56 92 96 44 44 
79 99 81 47 57 79 83 76 88 84 43 68 58 82 63 60 68 35 38 0 48 81 70 59 30 84 27 48 89 39 
34 58 83 53 37 33 45 49 90 71 86 23 20 93 78 74 38 64 41 48 0 94 33 44 86 32 67 93 42 26 
34 63 72 93 52 22 79 95 21 78 37 98 26 35 25 46 87 69 34 81 94 0 90 38 93 30 80 24 97 67 
38 21 30 50 82 62 30 22 83 94 26 67 67 72 49 21 43 50 80 70 33 90 0 30 67 80 43 96 95 30 
97 24 96 84 73 38 79 60 39 54 27 84 35 31 68 45 24 59 91 59 44 38 30 0 42 67 80 35 29 26 
45 48 89 79 82 80 99 73 72 27 67 22 43 53 38 23 94 27 52 30 86 93 67 42 0 34 70 69 70 33 
51 25 84 84 26 31 69 71 59 78 92 85 22 87 78 81 68 32 56 84 32 30 80 67 34 0 83 39 76 58 
41 54 68 99 68 59 34 66 25 42 72 57 39 74 23 56 37 57 92 27 67 80 43 80 70 83 0 28 49 56 
95 44 57 71 73 62 86 90 66 89 37 60 79 20 78 75 46 52 96 48 93 24 96 35 69 39 28 0 68 37 
47 41 52 86 75 90 67 61 73 49 45 83 36 56 79 79 29 32 44 89 42 97 95 29 70 76 49 68 0 82 
94 46 66 52 58 37 25 81 59 26 24 88 32 73 35 34 52 66 44 39 26 67 30 26 33 58 56 37 82 0 

633.0 198.0 1 26
379.0 162.0 1 25
475.0 246.0 1 27
427.0 97.0 2 26
332.0 244.0 2 17
475.0 234.0 2 15
633.0 316.0 2 18
475.0 118.0 3 18
443.0 410.0 3 22
499.0 135.0 3 23
285.0 165.0 4 23
570.0 478.0 4 24
554.0 296.0 4 30
554.0 111.0 4 18
443.0 176.0 4 1
443.0 326.0 4 27
427.0 297.0 5 14
443.0 174.0 5 30
380.0 142.0 5 1
554.0 344.0 5 23
285.0 121.0 5 17
285.0 120.0 5 18
380.0 302.0 6 18
332.0 139.0 6 26
387.0 254.0 6 18
380.0 126.0 7 14
554.0 534.0 7 25
443.0 189.0 7 14
332.0 459.0 8 28
554.0 360.0 8 24
387.0 183.0 8 14
380.0 176.0 8 21
443.0 180.0 8 12
633.0 86.0 9 18
570.0 501.0 9 20
380.0 362.0 9 19
332.0 217.0 9 28
332.0 162.0 9 12
387.0 222.0 9 16
633.0 282.0 10 16
499.0 364.0 10 12
387.0 201.0 10 27
285.0 137.0 10 25
554.0 155.0 10 16
499.0 198.0 11 14
332.0 524.0 11 26
332.0 144.0 11 22
380.0 409.0 11 19
633.0 237.0 11 14
475.0 320.0 12 15
506.0 459.0 12 26
285.0 453.0 12 15
475.0 85.0 12 25
499.0 436.0 12 19
633.0 293.0 12 15
332.0 474.0 13 1
380.0 66.0 13 21
499.0 136.0 13 24
554.0 210.0 13 24
332.0 398.0 13 15
554.0 136.0 13 24
380.0 370.0 14 15
475.0 298.0 14 16
380.0 407.0 14 12
332.0 467.0 14 20
332.0 204.0 15 24
387.0 189.0 15 20
554.0 444.0 15 21
427.0 370.0 15 14
387.0 470.0 16 15
570.0 570.0 16 19
332.0 103.0 16 25
554.0 411.0 16 15
380.0 90.0 16 1
475.0 280.0 16 18
427.0 204.0 17 26
443.0 507.0 17 25
379.0 206.0 17 23
499.0 326.0 17 26
554.0 122.0 17 24
475.0 468.0 18 16
506.0 356.0 18 30
285.0 310.0 18 22
380.0 444.0 18 16
332.0 354.0 18 24
332.0 180.0 18 23
443.0 358.0 19 27
387.0 159.0 19 20
427.0 244.0 19 18
554.0 409.0 19 24
475.0 211.0 19 1
443.0 302.0 20 26
285.0 178.0 20 18
427.0 201.0 20 21
554.0 136.0 20 18
570.0 388.0 20 22
332.0 304.0 21 15
380.0 335.0 21 25
387.0 507.0 21 22
332.0 171.0 22 24
387.0 588.0 22 12
499.0 306.0 22 25
475.0 225.0 23 18
380.0 144.0 23 24
499.0 270.0 23 18
506.0 180.0 23 24
443.0 130.0 24 14
443.0 247.0 24 18
475.0 140.0 24 30
380.0 111.0 24 14
387.0 265.0 24 18
379.0 108.0 25 30
570.0 564.0 25 17
380.0 412.0 25 21
443.0 243.0 26 30
380.0 268.0 26 19
379.0 261.0 26 14
506.0 484.0 26 12
379.0 182.0 26 18
554.0 132.0 26 25
285.0 151.0 27 28
285.0 321.0 27 21
332.0 240.0 27 24
443.0 374.0 28 19
379.0 362.0 28 21
443.0 312.0 28 18
499.0 518.0 28 23
380.0 264.0 29 27
506.0 541.0 29 23
387.0 320.0 29 20
554.0 193.0 30 16
380.0 202.0 30 17
380.0 174.0 30 26
380.0 241.0 30 22
499.0 234.0 30 17
443.0 338.0 30 1

0 261 190 285 249 32 210 231 59 41 152 79 201 249 192 211 82 264 81 83 259 33 62 150 85 0 180 22 34 80 
0 261 190 285 249 32 210 231 59 41 152 79 201 249 192 211 82 264 81 83 259 33 62 150 0 62 180 22 34 80 
0 261 190 285 249 32 210 231 59 41 152 79 201 249 192 211 82 264 81 83 259 33 62 150 85 62 0 22 34 80 
391 0 110 277 185 253 203 286 135 34 91 84 17 118 130 150 21 30 242 94 57 156 276 58 69 0 410 343 172 103 
391 0 110 277 185 253 203 286 135 34 91 84 17 118 130 150 0 30 242 94 57 156 276 58 69 106 410 343 172 103 
391 0 110 277 185 253 203 286 135 34 91 84 17 118 0 150 21 30 242 94 57 156 276 58 69 106 410 343 172 103 
391 0 110 277 185 253 203 286 135 34 91 84 17 118 130 150 21 0 242 94 57 156 276 58 69 106 410 343 172 103 
383 330 0 64 406 339 41 44 195 63 167 246 84 14 111 58 84 0 33 10 37 34 210 34 17 101 66 63 63 64 
383 330 0 64 406 339 41 44 195 63 167 246 84 14 111 58 84 45 33 10 37 0 210 34 17 101 66 63 63 64 
383 330 0 64 406 339 41 44 195 63 167 246 84 14 111 58 84 45 33 10 37 34 0 34 17 101 66 63 63 64 
216 138 129 0 173 53 92 191 58 406 90 165 109 27 19 247 174 255 141 238 52 13 0 38 34 26 72 76 195 262 
216 138 129 0 173 53 92 191 58 406 90 165 109 27 19 247 174 255 141 238 52 13 50 0 34 26 72 76 195 262 
216 138 129 0 173 53 92 191 58 406 90 165 109 27 19 247 174 255 141 238 52 13 50 38 34 26 72 76 195 0 
216 138 129 0 173 53 92 191 58 406 90 165 109 27 19 247 174 0 141 238 52 13 50 38 34 26 72 76 195 262 
0 138 129 0 173 53 92 191 58 406 90 165 109 27 19 247 174 255 141 238 52 13 50 38 34 26 72 76 195 262 
216 138 129 0 173 53 92 191 58 406 90 165 109 27 19 247 174 255 141 238 52 13 50 38 34 26 0 76 195 262 
359 46 271 28 0 19 11 212 40 150 409 241 115 0 66 203 236 121 34 382 183 60 28 16 72 214 150 78 73 204 
359 46 271 28 0 19 11 212 40 150 409 241 115 186 66 203 236 121 34 382 183 60 28 16 72 214 150 78 73 0 
0 46 271 28 0 19 11 212 40 150 409 241 115 186 66 203 236 121 34 382 183 60 28 16 72 214 150 78 73 204 
359 46 271 28 0 19 11 212 40 150 409 241 115 186 66 203 236 121 34 382 183 60 0 16 72 214 150 78 73 204 
359 46 271 28 0 19 11 212 40 150 409 241 115 186 66 203 0 121 34 382 183 60 28 16 72 214 150 78 73 204 
359 46 271 28 0 19 11 212 40 150 409 241 115 186 66 203 236 0 34 382 183 60 28 16 72 214 150 78 73 204 
63 42 56 106 39 0 100 123 48 320 63 92 70 135 46 24 253 0 10 45 51 58 14 86 221 186 66 60 216 176 
63 42 56 106 39 0 100 123 48 320 63 92 70 135 46 24 253 275 10 45 51 58 14 86 221 0 66 60 216 176 
63 42 56 106 39 0 100 123 48 320 63 92 70 135 46 24 253 0 10 45 51 58 14 86 221 186 66 60 216 176 
99 101 249 92 70 100 0 355 93 23 239 190 55 0 142 95 14 48 71 138 222 220 114 90 65 16 414 24 42 119 
99 101 249 92 70 100 0 355 93 23 239 190 55 118 142 95 14 48 71 138 222 220 114 90 0 16 414 24 42 119 
99 101 249 92 70 100 0 355 93 23 239 190 55 0 142 95 14 48 71 138 222 220 114 90 65 16 414 24 42 119 
80 95 134 191 106 41 59 0 96 130 272 124 379 218 177 19 145 106 51 79 338 75 388 150 32 134 198 0 98 18 
80 95 134 191 106 41 59 0 96 130 272 124 379 218 177 19 145 106 51 79 338 75 388 0 32 134 198 158 98 18 
80 95 134 191 106 41 59 0 96 130 272 124 379 0 177 19 145 106 51 79 338 75 388 150 32 134 198 158 98 18 
80 95 134 191 106 41 59 0 96 130 272 124 379 218 177 19 145 106 51 79 0 75 388 150 32 134 198 158 98 18 
80 95 134 191 106 41 59 0 96 130 272 0 379 218 177 19 145 106 51 79 338 75 388 150 32 134 198 158 98 18 
177 135 292 58 243 193 186 96 0 388 17 54 78 271 79 108 125 0 67 33 60 43 58 61 34 258 397 49 103 138 
177 135 292 58 243 193 186 96 0 388 17 54 78 271 79 108 125 297 67 0 60 43 58 61 34 258 397 49 103 138 
177 135 292 58 243 193 186 96 0 388 17 54 78 271 79 108 125 297 0 33 60 43 58 61 34 258 397 49 103 138 
177 135 292 58 243 193 186 96 0 388 17 54 78 271 79 108 125 297 67 33 60 43 58 61 34 258 397 0 103 138 
177 135 292 58 243 193 186 96 0 388 17 0 78 271 79 108 125 297 67 33 60 43 58 61 34 258 397 49 103 138 
177 135 292 58 243 193 186 96 0 388 17 54 78 271 79 0 125 297 67 33 60 43 58 61 34 258 397 49 103 138 
171 69 254 271 50 53 23 391 129 0 291 30 92 228 368 0 49 148 109 195 26 31 127 69 235 25 234 37 122 89 
171 69 254 271 50 53 23 391 129 0 291 0 92 228 368 169 49 148 109 195 26 31 127 69 235 25 234 37 122 89 
171 69 254 271 50 53 23 391 129 0 291 30 92 228 368 169 49 148 109 195 26 31 127 69 235 25 0 37 122 89 
171 69 254 271 50 53 23 391 129 0 291 30 92 228 368 169 49 148 109 195 26 31 127 69 0 25 234 37 122 89 
171 69 254 271 50 53 23 391 129 0 291 30 92 228 368 0 49 148 109 195 26 31 127 69 235 25 234 37 122 89 
257 30 167 135 272 126 79 68 70 291 0 36 51 0 374 54 226 93 69 238 54 59 313 283 29 45 76 117 54 253 
257 30 167 135 272 126 79 68 70 291 0 36 51 219 374 54 226 93 69 238 54 59 313 283 29 0 76 117 54 253 
257 30 167 135 272 126 79 68 70 291 0 36 51 219 374 54 226 93 69 238 54 0 313 283 29 45 76 117 54 253 
257 30 167 135 272 126 79 68 70 291 0 36 51 219 374 54 226 93 0 238 54 59 313 283 29 45 76 117 54 253 
257 30 167 135 272 126 79 68 70 291 0 36 51 0 374 54 226 93 69 238 54 59 313 283 29 45 76 117 54 253 
39 21 41 248 80 138 47 373 109 30 18 0 34 72 0 62 73 145 232 142 304 81 115 50 86 20 112 27 155 41 
39 21 41 248 80 138 47 373 109 30 18 0 34 72 138 62 73 145 232 142 304 81 115 50 86 0 112 27 155 41 
39 21 41 248 80 138 47 373 109 30 18 0 34 72 0 62 73 145 232 142 304 81 115 50 86 20 112 27 155 41 
39 21 41 248 80 138 47 373 109 30 18 0 34 72 138 62 73 145 232 142 304 81 115 50 0 20 112 27 155 41 
39 21 41 248 80 138 47 373 109 30 18 0 34 72 138 62 73 145 0 142 304 81 115 50 86 20 112 27 155 41 
39 21 41 248 80 138 47 373 109 30 18 0 34 72 0 62 73 145 232 142 304 81 115 50 86 20 112 27 155 41 
0 69 126 327 57 140 221 253 78 278 51 204 0 31 59 146 204 75 246 57 111 53 72 241 107 333 44 215 110 44 
33 69 126 327 57 140 221 253 78 278 51 204 0 31 59 146 204 75 246 57 0 53 72 241 107 333 44 215 110 44 
33 69 126 327 57 140 221 253 78 278 51 204 0 31 59 146 204 75 246 57 111 53 72 0 107 333 44 215 110 44 
33 69 126 327 57 140 221 253 78 278 51 204 0 31 59 146 204 75 246 57 111 53 72 0 107 333 44 215 110 44 
33 69 126 327 57 140 221 253 78 278 51 204 0 31 0 146 204 75 246 57 111 53 72 241 107 333 44 215 110 44 
33 69 126 327 57 140 221 253 78 278 51 204 0 31 59 146 204 75 246 57 111 53 72 0 107 333 44 215 110 44 
390 118 14 111 186 407 355 109 271 342 146 72 15 0 0 137 124 69 334 23 28 337 61 164 224 21 131 391 61 32 
390 118 14 111 186 407 355 109 271 342 146 72 15 0 192 0 124 69 334 23 28 337 61 164 224 21 131 391 61 32 
390 118 14 111 186 407 355 109 271 342 146 0 15 0 192 137 124 69 334 23 28 337 61 164 224 21 131 391 61 32 
390 118 14 111 186 407 355 109 271 342 146 72 15 0 192 137 124 69 334 0 28 337 61 164 224 21 131 391 61 32 
192 43 27 118 16 279 35 265 158 245 124 46 59 64 0 21 66 238 153 116 27 66 306 0 116 56 69 68 18 406 
192 43 27 118 16 279 35 265 158 245 124 46 59 64 0 21 66 238 153 0 27 66 306 60 116 56 69 68 18 406 
192 43 27 118 16 279 35 265 158 245 124 46 59 64 0 21 66 238 153 116 0 66 306 60 116 56 69 68 18 406 
192 43 27 118 16 279 35 265 158 245 124 46 59 0 0 21 66 238 153 116 27 66 306 60 116 56 69 68 18 406 
57 100 58 61 135 145 95 38 72 253 108 62 48 34 0 0 168 24 144 35 119 55 130 369 119 26 52 208 128 362 
57 100 58 61 135 145 95 38 72 253 108 62 48 34 21 0 168 24 0 35 119 55 130 369 119 26 52 208 128 362 
57 100 58 61 135 145 95 38 72 253 108 62 48 34 21 0 168 24 144 35 119 55 130 369 0 26 52 208 128 362 
57 100 58 61 135 145 95 38 72 253 108 62 48 34 0 0 168 24 144 35 119 55 130 369 119 26 52 208 128 362 
0 100 58 61 135 145 95 38 72 253 108 62 48 34 21 0 168 24 144 35 119 55 130 369 119 26 52 208 128 362 
57 100 58 61 135 145 95 38 72 253 108 62 48 34 21 0 168 0 144 35 119 55 130 369 119 26 52 208 128 362 
82 21 253 29 59 63 87 145 62 49 113 110 34 248 267 168 0 185 127 56 330 217 99 268 22 0 106 320 83 63 
82 21 253 29 59 63 87 145 62 49 113 110 34 248 267 168 0 185 127 56 330 217 99 268 0 64 106 320 83 63 
82 21 253 29 59 63 87 145 62 49 113 110 34 248 267 168 0 185 127 56 330 217 0 268 22 64 106 320 83 63 
82 21 253 29 59 63 87 145 62 49 113 110 34 248 267 168 0 185 127 56 330 217 99 268 22 0 106 320 83 63 
82 21 253 29 59 63 87 145 62 49 113 110 34 248 267 168 0 185 127 56 330 217 99 0 22 64 106 320 83 63 
213 30 270 255 60 275 144 26 49 148 139 96 225 69 39 0 61 0 206 254 94 29 294 224 295 104 86 385 221 213 
213 30 270 255 60 275 144 26 49 148 139 96 225 69 39 24 61 0 206 254 94 29 294 224 295 104 86 385 221 0 
213 30 270 255 60 275 144 26 49 148 139 96 225 69 39 24 61 0 206 254 94 0 294 224 295 104 86 385 221 213 
213 30 270 255 60 275 144 26 49 148 139 96 225 69 39 0 61 0 206 254 94 29 294 224 295 104 86 385 221 213 
213 30 270 255 60 275 144 26 49 148 139 96 225 69 39 24 61 0 206 254 94 29 294 0 295 104 86 385 221 213 
213 30 270 255 60 275 144 26 49 148 139 96 225 69 39 24 61 0 206 254 94 29 0 224 295 104 86 385 221 213 
231 242 33 70 102 41 142 102 11 327 34 232 246 334 102 72 63 51 0 298 274 40 181 83 101 106 0 121 327 114 
231 242 33 70 102 41 142 102 11 327 34 232 246 334 102 72 63 51 0 0 274 40 181 83 101 106 57 121 327 114 
231 242 33 70 102 41 142 102 11 327 34 232 246 334 102 72 63 0 0 298 274 40 181 83 101 106 57 121 327 114 
231 242 33 70 102 41 142 102 11 327 34 232 246 334 102 72 63 51 0 298 274 40 181 0 101 106 57 121 327 114 
0 242 33 70 102 41 142 102 11 327 34 232 246 334 102 72 63 51 0 298 274 40 181 83 101 106 57 121 327 114 
41 47 43 26 127 22 92 19 100 32 357 47 57 139 116 210 112 63 298 0 226 12 20 69 212 0 405 51 81 266 
41 47 43 26 127 22 92 19 100 32 357 47 57 139 116 210 112 0 298 0 226 12 20 69 212 35 405 51 81 266 
41 47 43 26 127 22 92 19 100 32 357 47 57 139 116 210 112 63 298 0 0 12 20 69 212 35 405 51 81 266 
41 47 43 26 127 22 92 19 100 32 357 47 57 139 116 210 112 0 298 0 226 12 20 69 212 35 405 51 81 266 
41 47 43 26 127 22 92 19 100 32 357 47 57 139 116 210 112 63 298 0 226 0 20 69 212 35 405 51 81 266 
67 57 18 52 91 306 334 112 60 105 162 202 111 28 0 59 220 94 45 56 0 150 84 64 13 185 151 41 210 355 
67 57 18 52 91 306 334 112 60 105 162 202 111 28 108 59 220 94 45 56 0 150 84 64 0 185 151 41 210 355 
67 57 18 52 91 306 334 112 60 105 162 202 111 28 108 59 220 94 45 56 0 0 84 64 13 185 151 41 210 355 
42 156 69 13 364 349 220 150 87 31 59 122 322 56 133 111 144 59 240 25 100 0 60 0 52 68 67 52 48 35 
42 156 69 13 364 349 220 150 87 31 59 0 322 56 133 111 144 59 240 25 100 0 60 40 52 68 67 52 48 35 
42 156 69 13 364 349 220 150 87 31 59 122 322 56 133 111 144 59 240 25 100 0 60 40 0 68 67 52 48 35 
256 138 105 202 28 85 57 388 175 127 313 19 217 41 204 130 49 0 120 61 168 120 0 196 11 38 348 92 78 92 
256 138 105 202 28 85 57 388 175 127 313 19 217 41 204 130 49 294 120 61 168 120 0 0 11 38 348 92 78 92 
256 138 105 202 28 85 57 388 175 127 313 19 217 41 204 130 49 0 120 61 168 120 0 196 11 38 348 92 78 92 
256 138 105 202 28 85 57 388 175 127 313 19 217 41 204 130 49 294 120 61 168 120 0 0 11 38 348 92 78 92 
50 351 34 232 16 259 30 100 61 69 188 101 241 0 30 246 89 56 20 138 64 163 98 0 383 104 172 404 260 43 
50 351 34 232 16 259 30 100 61 69 188 101 241 246 30 246 89 0 20 138 64 163 98 0 383 104 172 404 260 43 
50 351 34 232 16 259 30 100 61 69 188 101 241 246 30 246 89 56 20 138 64 163 98 0 383 104 172 404 260 0 
50 351 34 232 16 259 30 100 61 69 188 101 241 0 30 246 89 56 20 138 64 163 98 0 383 104 172 404 260 43 
50 351 34 232 16 259 30 100 61 69 188 101 241 246 30 246 89 0 20 138 64 163 98 0 383 104 172 404 260 43 
393 416 68 69 144 221 16 128 138 58 87 259 53 112 116 119 44 197 203 319 54 105 70 255 0 44 172 26 84 0 
393 416 68 69 144 221 16 128 138 58 87 259 53 112 116 119 0 197 203 319 54 105 70 255 0 44 172 26 84 355 
393 416 68 69 144 221 16 128 138 58 87 259 53 112 116 119 44 197 203 319 0 105 70 255 0 44 172 26 84 355 
131 53 152 158 53 186 16 201 43 25 45 20 333 126 14 52 10 104 212 35 46 408 116 104 268 0 60 204 42 0 
131 53 152 158 53 186 16 201 43 25 45 20 333 126 14 52 10 104 0 35 46 408 116 104 268 0 60 204 42 50 
131 53 152 158 53 186 16 201 43 25 45 20 333 0 14 52 10 104 212 35 46 408 116 104 268 0 60 204 42 50 
131 53 152 158 53 186 16 201 43 25 45 0 333 126 14 52 10 104 212 35 46 408 116 104 268 0 60 204 42 50 
131 53 152 158 53 186 16 201 43 25 45 20 333 126 14 52 10 0 212 35 46 408 116 104 268 0 60 204 42 50 
131 53 152 158 53 186 16 201 43 25 45 20 333 126 14 52 10 104 212 35 46 408 116 104 0 0 60 204 42 50 
271 273 198 216 150 132 69 66 66 117 230 225 44 43 69 317 318 172 57 135 75 22 348 114 172 30 0 0 309 263 
271 273 198 216 150 132 69 66 66 117 230 225 44 43 69 317 318 172 57 135 0 22 348 114 172 30 0 381 309 263 
271 273 198 216 150 132 69 66 66 117 230 225 44 43 69 317 318 172 57 135 75 22 348 0 172 30 0 381 309 263 
136 228 381 229 78 60 145 79 49 18 352 55 35 130 136 34 213 385 0 103 82 315 92 404 26 51 127 0 68 310 
136 228 381 229 78 60 145 79 49 18 352 55 35 130 136 34 213 385 121 103 0 315 92 404 26 51 127 0 68 310 
136 228 381 229 78 60 145 79 49 18 352 55 35 130 136 34 213 0 121 103 82 315 92 404 26 51 127 0 68 310 
136 228 381 229 78 60 145 79 49 18 352 55 35 130 136 34 213 385 121 103 82 315 0 404 26 51 127 0 68 310 
66 43 127 65 221 36 85 98 51 122 328 38 332 369 36 32 167 221 218 54 210 48 235 390 42 21 0 206 0 183 
66 43 127 65 221 36 85 98 51 122 328 38 332 369 36 32 167 221 218 54 210 48 0 390 42 21 206 206 0 183 
66 43 127 65 221 36 85 98 51 122 328 38 332 369 36 32 167 221 218 0 210 48 235 390 42 21 206 206 0 183 
40 103 192 87 51 88 119 18 276 44 380 41 176 130 67 0 127 213 229 66 118 106 276 86 355 201 131 103 61 0 
40 103 192 87 51 88 119 18 276 44 380 41 176 130 67 362 0 213 229 66 118 106 276 86 355 201 131 103 61 0 
40 103 192 87 51 88 119 18 276 44 380 41 176 130 67 362 127 213 229 66 118 106 276 86 355 0 131 103 61 0 
40 103 192 87 51 88 119 18 276 44 380 41 176 130 67 362 127 213 229 66 118 0 276 86 355 201 131 103 61 0 
40 103 192 87 51 88 119 18 276 44 380 41 176 130 67 362 0 213 229 66 118 106 276 86 355 201 131 103 61 0 
0 103 192 87 51 88 119 18 276 44 380 41 176 130 67 362 127 213 229 66 118 106 276 86 355 201 131 103 61 0 

5533.0
1 0.0 0.0
2 505.0 29.0
3 502.0 25.0
4 688.0 28.0
5 601.0 31.0
6 514.0 22.0
7 575.0 24.0
8 609.0 30.0
9 414.0 29.0
10 639.0 36.0
11 631.0 36.0
12 174.0 0.0
13 458.0 33.0
14 257.0 11.0
15 348.0 13.0
16 360.0 11.0
17 261.0 8.0
18 332.0 12.0
19 212.0 14.0
20 256.0 16.0
21 352.0 11.0
22 319.0 8.0
23 225.0 3.0
24 264.0 2.0
25 227.0 16.0
26 275.0 10.0
27 243.0 11.0
28 359.0 13.0
29 129.0 15.0
30 337.0 4.0
