30 120 4

0 342 452 384 588 546 544 216 375 197 204 315 134 122 353 208 273 176 352 535 240 470 154 336 452 350 356 277 416 441 
342 0 104 199 364 156 495 130 283 353 303 473 260 455 192 490 393 175 338 580 519 535 468 431 213 405 236 281 383 185 
452 104 0 140 442 482 360 315 531 179 233 344 501 170 549 144 220 190 176 516 435 368 316 460 110 424 586 359 475 519 
384 199 140 0 420 335 315 578 336 504 568 483 152 137 128 252 563 554 169 181 201 294 193 219 575 338 538 303 297 131 
588 364 442 420 0 419 401 441 437 553 431 180 172 408 365 165 592 338 507 538 298 510 133 512 442 375 515 139 180 312 
546 156 482 335 419 0 462 226 374 476 540 397 503 575 324 252 283 115 425 141 524 345 237 571 497 520 133 261 481 277 
544 495 360 315 401 462 0 312 346 279 298 553 367 202 208 499 276 456 336 577 288 368 577 475 559 424 360 248 494 165 
216 130 315 578 441 226 312 0 282 484 561 266 455 414 250 248 240 184 175 250 194 563 298 447 238 491 432 285 498 566 
375 283 531 336 437 374 346 282 0 263 321 334 397 342 213 220 549 580 120 350 500 333 236 542 361 277 574 480 117 457 
197 353 179 504 553 476 279 484 263 0 417 564 140 535 233 114 532 484 212 206 501 446 460 310 390 581 237 228 240 386 
204 303 233 568 431 540 298 561 321 417 0 313 443 136 110 546 465 115 177 186 409 411 422 491 286 165 251 110 556 596 
315 473 344 483 180 397 553 266 334 564 313 0 471 566 121 532 572 191 517 218 352 145 411 160 164 171 131 560 384 200 
134 260 501 152 172 503 367 455 397 140 443 471 0 304 436 182 134 223 590 557 541 327 454 258 403 344 545 393 302 338 
122 455 170 137 408 575 202 414 342 535 136 566 304 0 579 494 192 215 470 248 224 281 570 396 360 139 341 323 295 440 
353 192 549 128 365 324 208 250 213 233 110 121 436 579 0 376 425 500 453 295 246 577 312 538 411 396 201 365 478 105 
208 490 144 252 165 252 499 248 220 114 546 532 182 494 376 0 502 220 307 513 235 260 571 118 499 553 516 387 431 117 
273 393 220 563 592 283 276 240 549 532 465 572 134 192 425 502 0 523 122 512 254 478 353 297 152 352 479 239 158 266 
176 175 190 554 338 115 456 184 580 484 115 191 223 215 500 220 523 0 421 100 407 430 554 179 177 204 539 178 498 562 
352 338 176 169 507 425 336 175 120 212 177 517 590 470 453 307 122 421 0 483 480 399 288 303 406 206 336 330 336 299 
535 580 516 181 538 141 577 250 350 206 186 218 557 248 295 513 512 100 483 0 232 433 117 399 373 322 290 422 328 170 
240 519 435 201 298 524 288 194 500 501 409 352 541 224 246 235 254 407 480 232 0 361 575 385 445 275 130 597 354 104 
470 535 368 294 510 345 368 563 333 446 411 145 327 281 577 260 478 430 399 433 361 0 251 398 541 328 390 237 430 325 
154 468 316 193 133 237 577 298 236 460 422 411 454 570 312 571 353 554 288 117 575 251 0 587 189 386 305 458 519 424 
336 431 460 219 512 571 475 447 542 310 491 160 258 396 538 118 297 179 303 399 385 398 587 0 558 275 204 122 340 101 
452 213 110 575 442 497 559 238 361 390 286 164 403 360 411 499 152 177 406 373 445 541 189 558 0 381 335 392 362 403 
350 405 424 338 375 520 424 491 277 581 165 171 344 139 396 553 352 204 206 322 275 328 386 275 381 0 383 373 481 168 
356 236 586 538 515 133 360 432 574 237 251 131 545 341 201 516 479 539 336 290 130 390 305 204 335 383 0 494 597 303 
277 281 359 303 139 261 248 285 480 228 110 560 393 323 365 387 239 178 330 422 597 237 458 122 392 373 494 0 217 325 
416 383 475 297 180 481 494 498 117 240 556 384 302 295 478 431 158 498 336 328 354 430 519 340 362 481 597 217 0 211 
441 185 519 131 312 277 165 566 457 386 596 200 338 440 105 117 266 562 299 170 104 325 424 101 403 168 303 325 211 0 

0 45 73 98 96 74 46 48 70 60 74 38 82 99 72 80 67 31 91 68 97 94 35 83 38 99 54 86 81 53 
45 0 31 43 55 70 62 40 73 85 93 68 55 36 66 97 90 41 79 65 43 66 87 42 84 33 99 88 87 46 
73 31 0 64 77 63 86 39 42 69 47 84 82 97 91 71 33 65 84 96 87 61 91 61 35 72 79 49 46 55 
98 43 64 0 45 83 30 44 56 80 42 96 48 50 88 67 46 60 32 82 73 39 72 69 90 74 65 83 43 34 
96 55 77 45 0 69 39 68 61 51 88 96 30 83 82 73 61 47 46 64 82 60 40 37 42 59 80 84 70 98 
74 70 63 83 69 0 54 44 84 44 44 64 34 87 56 39 31 73 75 86 54 86 62 69 60 73 79 37 50 51 
46 62 86 30 39 54 0 80 59 60 79 67 30 92 55 97 94 32 39 72 45 57 67 35 71 76 98 60 93 46 
48 40 39 44 68 44 80 0 35 63 95 97 70 63 84 59 93 69 71 47 43 47 32 34 72 40 97 35 57 67 
70 73 42 56 61 84 59 35 0 63 74 95 83 48 92 91 39 80 50 85 93 71 88 58 87 71 33 69 56 37 
60 85 69 80 51 44 60 63 63 0 83 63 50 45 49 96 64 77 80 63 72 47 73 97 36 51 91 38 62 47 
74 93 47 42 88 44 79 95 74 83 0 56 72 76 39 96 40 89 97 62 50 71 42 43 85 32 90 83 87 53 
38 68 84 96 96 64 67 97 95 63 56 0 82 69 78 59 36 93 51 48 42 48 97 43 30 54 68 67 75 43 
82 55 82 48 30 34 30 70 83 50 72 82 0 44 84 33 48 53 34 92 95 57 40 44 45 90 46 32 78 80 
99 36 97 50 83 87 92 63 48 45 76 69 44 0 97 47 85 37 68 43 59 35 72 52 42 95 70 63 73 32 
72 66 91 88 82 56 55 84 92 49 39 78 84 97 0 89 68 99 31 74 93 81 37 54 87 39 36 84 35 62 
80 97 71 67 73 39 97 59 91 96 96 59 33 47 89 0 65 57 92 89 81 76 48 92 56 34 68 64 74 55 
67 90 33 46 61 31 94 93 39 64 40 36 48 85 68 65 0 82 58 59 48 69 75 96 74 94 64 42 91 72 
31 41 65 60 47 73 32 69 80 77 89 93 53 37 99 57 82 0 41 64 46 56 76 90 41 42 85 65 67 78 
91 79 84 32 46 75 39 71 50 80 97 51 34 68 31 92 58 41 0 59 98 57 84 57 90 70 92 62 63 98 
68 65 96 82 64 86 72 47 85 63 62 48 92 43 74 89 59 64 59 0 79 63 78 32 93 83 48 97 90 39 
97 43 87 73 82 54 45 43 93 72 50 42 95 59 93 81 48 46 98 79 0 32 41 75 80 83 74 62 88 87 
94 66 61 39 60 86 57 47 71 47 71 48 57 35 81 76 69 56 57 63 32 0 87 53 34 91 76 48 60 50 
35 87 91 72 40 62 67 32 88 73 42 97 40 72 37 48 75 76 84 78 41 87 0 36 95 83 44 82 97 67 
83 42 61 69 37 69 35 34 58 97 43 43 44 52 54 92 96 90 57 32 75 53 36 0 88 68 49 56 92 41 
38 84 35 90 42 60 71 72 87 36 85 30 45 42 87 56 74 41 90 93 80 34 95 88 0 37 81 88 93 98 
99 33 72 74 59 73 76 40 71 51 32 54 90 95 39 34 94 42 70 83 83 91 83 68 37 0 84 40 31 41 
54 99 79 65 80 79 98 97 33 91 90 68 46 70 36 68 64 85 92 48 74 76 44 49 81 84 0 53 61 37 
86 88 49 83 84 37 60 35 69 38 83 67 32 63 84 64 42 65 62 97 62 48 82 56 88 40 53 0 74 61 
81 87 46 43 70 50 93 57 56 62 87 75 78 73 35 74 91 67 63 90 88 60 97 92 93 31 61 74 0 89 
53 46 55 34 98 51 46 67 37 47 53 43 80 32 62 55 72 78 98 39 87 50 67 41 98 41 37 61 89 0 

396.0 291.0 1 29
297.0 336.0 1 19
297.0 125.0 1 12
396.0 473.0 1 22
347.0 331.0 2 10
255.0 129.0 2 21
396.0 391.0 2 14
347.0 349.0 2 19
340.0 284.0 3 1
566.0 504.0 3 19
396.0 438.0 3 5
566.0 307.0 3 4
424.0 285.0 4 14
297.0 423.0 4 6
509.0 225.0 4 14
396.0 396.0 4 22
340.0 347.0 5 9
495.0 316.0 5 12
495.0 194.0 5 26
453.0 273.0 5 14
509.0 412.0 6 20
566.0 231.0 6 2
382.0 438.0 6 22
396.0 198.0 6 13
340.0 226.0 7 6
396.0 516.0 7 3
453.0 426.0 7 22
424.0 291.0 7 17
453.0 402.0 8 30
566.0 221.0 8 13
255.0 393.0 8 18
297.0 494.0 8 27
566.0 427.0 9 12
297.0 234.0 9 26
347.0 339.0 9 25
340.0 235.0 9 18
566.0 223.0 10 29
340.0 165.0 10 13
453.0 250.0 10 14
453.0 378.0 10 9
255.0 171.0 11 6
453.0 448.0 11 14
255.0 475.0 11 8
445.0 306.0 11 10
453.0 436.0 12 23
445.0 341.0 12 19
453.0 324.0 12 26
509.0 292.0 12 3
445.0 108.0 13 7
340.0 369.0 13 12
445.0 190.0 13 18
382.0 459.0 13 26
347.0 163.0 14 30
453.0 315.0 14 27
445.0 253.0 14 8
340.0 265.0 14 4
297.0 369.0 15 4
509.0 414.0 15 9
396.0 393.0 15 5
495.0 194.0 15 27
297.0 201.0 16 25
495.0 400.0 16 9
255.0 181.0 16 26
445.0 273.0 16 22
396.0 118.0 17 12
255.0 99.0 17 3
347.0 288.0 17 13
347.0 345.0 17 10
509.0 370.0 18 28
495.0 234.0 18 4
347.0 415.0 18 10
566.0 211.0 18 20
340.0 352.0 19 23
445.0 191.0 19 17
453.0 244.0 19 12
453.0 340.0 19 8
340.0 340.0 20 22
396.0 266.0 20 15
382.0 291.0 20 27
566.0 295.0 20 4
445.0 355.0 21 27
445.0 541.0 21 13
255.0 360.0 21 25
297.0 360.0 21 27
297.0 152.0 22 4
396.0 237.0 22 2
347.0 288.0 22 19
396.0 184.0 22 18
255.0 341.0 23 7
340.0 349.0 23 29
297.0 427.0 23 27
509.0 210.0 23 1
445.0 265.0 24 26
340.0 275.0 24 15
509.0 372.0 24 14
396.0 122.0 24 12
340.0 201.0 25 14
340.0 342.0 25 6
396.0 105.0 25 3
382.0 270.0 25 18
382.0 266.0 26 4
396.0 234.0 26 15
509.0 416.0 26 19
495.0 346.0 26 27
382.0 108.0 27 9
445.0 426.0 27 3
340.0 240.0 27 5
340.0 324.0 27 26
396.0 366.0 28 30
396.0 138.0 28 17
255.0 281.0 28 12
340.0 311.0 28 27
347.0 204.0 29 10
396.0 176.0 29 26
297.0 315.0 29 5
445.0 336.0 29 10
297.0 300.0 30 22
566.0 229.0 30 6
509.0 122.0 30 27
495.0 290.0 30 4

0 342 292 259 287 291 324 216 375 197 204 315 134 122 314 208 268 176 352 271 240 403 154 326 343 261 356 277 0 325 
0 342 292 259 287 291 324 216 375 197 204 315 134 122 314 0 268 176 352 271 240 403 154 326 343 261 356 277 416 325 
0 342 292 259 287 291 324 216 375 197 204 0 134 122 314 208 268 176 352 271 240 403 154 326 343 261 356 277 416 325 
0 342 292 259 287 291 324 216 375 197 204 315 134 122 314 208 268 176 352 271 240 403 154 326 343 261 356 0 416 325 
342 0 104 199 364 156 495 130 283 0 303 473 260 455 192 490 393 175 338 580 519 535 468 431 213 405 236 281 383 185 
342 0 104 199 364 156 495 130 283 353 303 473 260 455 192 490 393 175 338 580 0 535 468 431 213 405 236 281 383 185 
342 0 104 199 364 156 495 130 283 353 303 473 260 455 192 490 393 175 338 580 519 535 0 431 213 405 236 281 383 185 
342 0 104 199 364 156 495 130 283 353 303 473 260 455 192 0 393 175 338 580 519 535 468 431 213 405 236 281 383 185 
0 104 0 140 442 482 360 315 531 179 233 344 501 170 549 144 220 190 176 516 435 368 316 460 110 424 586 359 475 519 
452 104 0 140 442 482 360 315 531 179 233 344 501 170 549 144 220 190 0 516 435 368 316 460 110 424 586 359 475 519 
452 104 0 140 0 482 360 315 531 179 233 344 501 170 549 144 220 190 176 516 435 368 316 460 110 424 586 359 475 519 
452 104 0 0 442 482 360 315 531 179 233 344 501 170 549 144 220 190 176 516 435 368 316 460 110 424 586 359 475 519 
384 199 140 0 420 335 315 578 336 504 568 483 152 0 128 252 563 554 169 181 201 294 193 219 575 338 538 303 297 131 
384 199 140 0 420 0 315 578 336 504 568 483 152 137 128 252 563 554 169 181 201 294 193 219 575 338 538 303 297 131 
384 199 140 0 420 335 315 578 336 504 568 483 152 0 128 252 563 554 169 181 201 294 193 219 575 338 538 303 297 131 
384 199 140 0 420 335 315 578 336 504 568 483 152 137 0 252 563 554 169 181 201 294 193 219 575 338 538 303 297 131 
588 364 442 420 0 419 401 441 0 553 431 180 172 408 365 165 592 338 507 538 298 510 133 512 442 375 515 139 180 312 
588 364 442 420 0 419 401 441 437 553 431 0 172 408 365 165 592 338 507 538 298 510 133 512 442 375 515 139 180 312 
588 364 442 420 0 419 401 441 437 553 431 180 172 408 365 165 592 338 507 538 298 510 133 512 442 0 515 139 180 312 
588 364 442 420 0 419 401 441 437 553 431 180 172 0 365 165 592 338 507 538 298 510 133 512 442 375 515 139 180 312 
546 156 482 335 419 0 462 226 374 476 540 397 503 575 324 252 283 115 425 0 524 345 237 571 497 520 133 261 481 277 
546 0 482 335 419 0 462 226 374 476 540 397 503 575 324 252 283 115 425 141 524 345 237 571 497 520 133 261 481 277 
546 156 482 335 419 0 462 226 374 476 540 397 503 575 324 252 283 115 425 141 524 0 237 571 497 520 133 261 481 277 
546 156 482 335 419 0 462 226 374 476 540 397 503 575 324 252 283 115 425 141 524 345 237 571 497 520 133 261 481 0 
544 495 360 315 401 0 0 312 346 279 298 553 367 202 208 499 276 456 336 577 288 368 577 475 559 424 360 248 494 165 
544 495 0 315 401 462 0 312 346 279 298 553 367 202 208 499 276 456 336 577 288 368 577 475 559 424 360 248 494 165 
544 495 360 315 401 462 0 312 346 279 298 553 367 202 208 499 276 456 336 577 288 368 577 475 0 424 360 248 494 165 
544 495 360 315 401 0 0 312 346 279 298 553 367 202 208 499 276 456 336 577 288 368 577 475 559 424 360 248 494 165 
216 130 315 578 441 226 312 0 282 484 561 266 455 414 250 248 240 184 175 250 194 563 298 447 238 491 432 285 498 0 
216 130 315 578 441 226 312 0 282 484 561 266 455 414 250 248 240 184 175 250 194 563 298 447 238 491 432 285 498 0 
216 130 315 578 441 226 312 0 282 484 561 266 455 414 250 248 240 0 175 250 194 563 298 447 238 491 432 285 498 566 
216 130 315 578 441 226 312 0 282 484 561 266 455 414 250 248 240 184 175 250 194 563 298 447 238 491 0 285 498 566 
375 283 531 336 437 374 346 282 0 263 321 0 397 342 213 220 549 580 120 350 500 333 236 542 361 277 574 480 117 457 
375 283 531 336 437 374 346 282 0 263 321 334 397 342 213 220 549 580 120 350 500 333 236 542 361 0 574 480 117 457 
375 283 531 336 437 374 346 282 0 263 321 334 397 342 213 220 549 580 120 350 500 333 236 542 0 277 574 480 117 457 
375 283 531 336 437 374 346 282 0 263 321 334 397 342 213 220 549 580 120 350 500 333 236 542 361 277 574 480 0 457 
197 353 179 504 553 476 279 484 263 0 417 564 140 535 233 114 532 484 212 206 501 446 460 310 390 581 237 228 0 386 
197 353 179 504 553 476 279 484 263 0 417 564 0 535 233 114 532 484 212 206 501 446 460 310 390 581 237 228 240 386 
197 353 179 504 553 0 279 484 263 0 417 564 140 535 233 114 532 484 212 206 501 446 460 310 390 581 237 228 240 386 
197 353 179 504 553 476 279 484 0 0 417 564 140 535 233 114 532 484 212 206 501 446 460 310 390 581 237 228 240 386 
204 303 233 568 431 0 298 561 321 417 0 313 443 136 110 546 465 115 177 186 409 411 422 491 286 165 251 110 556 596 
204 303 233 568 431 540 298 561 321 417 0 313 443 136 110 546 465 115 177 186 409 411 422 491 286 165 251 0 556 596 
204 303 233 568 0 540 298 561 321 417 0 313 443 136 110 546 465 115 177 186 409 411 422 491 286 165 251 110 556 596 
204 303 233 568 431 540 298 561 321 417 0 313 443 136 110 546 465 115 177 186 409 411 422 491 0 165 251 110 556 596 
315 473 344 483 180 397 553 266 334 564 313 0 471 566 121 532 572 191 517 218 352 145 0 160 164 171 131 560 384 200 
315 473 344 483 180 397 553 266 334 564 313 0 471 566 121 532 572 191 517 218 352 145 411 160 164 171 131 0 384 200 
315 473 344 483 180 397 553 266 334 564 313 0 471 566 121 532 572 191 517 218 352 145 411 160 164 0 131 560 384 200 
315 473 344 483 180 397 553 266 334 564 313 0 471 566 121 532 572 191 517 218 352 145 411 160 164 171 131 560 0 200 
134 260 501 152 172 503 0 455 397 140 443 471 0 304 436 182 134 223 590 557 541 327 454 258 403 344 545 393 302 338 
134 260 501 152 172 503 367 455 397 140 443 0 0 304 436 182 134 223 590 557 541 327 454 258 403 344 545 393 302 338 
134 260 501 152 172 503 367 455 397 140 443 471 0 304 436 182 134 0 590 557 541 327 454 258 403 344 545 393 302 338 
134 260 501 152 172 503 367 455 397 140 443 471 0 304 436 182 134 223 590 557 541 327 454 258 403 0 545 393 302 338 
122 455 170 137 408 575 202 414 342 535 136 566 304 0 579 494 192 215 470 248 224 281 570 396 360 139 341 323 295 0 
122 455 170 137 408 575 202 414 342 535 136 566 304 0 579 494 192 215 470 248 224 281 570 396 360 139 0 323 295 440 
122 455 170 137 408 575 202 414 342 535 136 566 304 0 579 0 192 215 470 248 224 281 570 396 360 139 341 323 295 440 
122 455 170 137 408 575 202 414 342 535 136 566 304 0 579 494 192 215 470 248 224 281 570 0 360 139 341 323 295 440 
353 192 549 0 365 324 208 250 213 233 110 121 436 579 0 376 425 500 453 295 246 577 312 538 411 396 201 365 478 105 
353 192 549 128 365 324 208 250 0 233 110 121 436 579 0 376 425 500 453 295 246 577 312 538 411 396 201 365 478 105 
353 192 549 128 0 324 208 250 213 233 110 121 436 579 0 376 425 500 453 295 246 577 312 538 411 396 201 365 478 105 
353 192 549 128 365 324 208 250 213 233 110 121 436 579 0 376 425 500 453 295 246 577 312 538 411 396 0 365 478 105 
208 490 144 252 165 252 499 248 220 114 546 532 182 494 376 0 502 220 307 513 235 260 571 118 0 553 516 387 431 117 
208 490 144 252 165 252 499 248 220 114 546 532 182 494 0 0 502 220 307 513 235 260 571 118 499 553 516 387 431 117 
208 490 144 252 165 252 499 248 220 114 546 532 182 494 376 0 502 220 307 513 235 260 571 118 499 553 516 387 431 0 
208 490 144 252 165 252 499 248 220 114 546 532 182 494 376 0 502 220 307 513 235 0 571 118 499 553 516 387 431 117 
273 393 220 563 592 283 276 240 549 532 465 0 134 192 425 502 0 523 122 512 254 478 353 297 152 352 479 239 158 266 
273 393 0 563 592 283 276 240 549 532 465 572 134 192 425 502 0 523 122 512 254 478 353 297 152 352 479 239 158 266 
273 393 220 563 592 283 276 240 549 532 465 572 0 192 425 502 0 523 122 512 254 478 353 297 152 352 479 239 158 266 
273 393 220 563 592 283 276 240 549 0 465 572 134 192 425 502 0 523 122 512 254 478 353 297 152 352 479 239 158 266 
176 175 190 554 338 115 456 184 580 484 115 191 223 215 500 220 523 0 421 100 407 430 554 179 177 204 539 0 498 562 
176 175 190 0 338 115 456 184 580 484 115 191 223 215 500 220 523 0 421 100 407 430 554 179 177 204 539 178 498 562 
176 175 190 554 338 115 456 184 580 0 115 191 223 215 500 220 523 0 421 100 407 430 554 179 177 204 539 178 498 562 
176 175 190 554 338 115 456 184 580 484 115 191 223 215 500 220 523 0 421 0 407 430 554 179 177 204 539 178 498 562 
352 338 176 169 507 425 336 175 120 212 177 517 590 470 453 307 122 421 0 483 480 399 0 303 406 206 336 330 336 299 
352 338 176 169 507 425 336 175 120 212 177 517 590 470 453 307 0 421 0 483 480 399 288 303 406 206 336 330 336 299 
352 338 176 169 507 425 336 175 120 212 177 0 590 470 453 307 122 421 0 483 480 399 288 303 406 206 336 330 336 299 
352 338 176 169 507 425 336 175 120 212 177 517 590 470 453 307 122 421 0 483 480 399 288 303 406 206 336 330 0 299 
535 580 516 181 538 141 577 250 350 206 186 218 557 248 295 513 512 100 483 0 232 0 117 399 373 322 290 422 328 170 
535 580 516 181 538 141 577 250 350 206 186 218 557 248 0 513 512 100 483 0 232 433 117 399 373 322 290 422 328 170 
535 580 516 181 538 141 577 250 350 206 186 218 557 248 295 513 512 100 483 0 232 433 117 399 373 322 290 0 328 170 
535 580 516 0 538 141 577 250 350 206 186 218 557 248 295 513 512 100 483 0 232 433 117 399 373 322 290 422 328 170 
240 519 435 201 298 524 288 194 500 501 409 352 541 224 246 235 254 407 480 232 0 361 575 385 445 275 0 597 354 104 
240 519 435 201 298 524 288 194 500 501 409 352 0 224 246 235 254 407 480 232 0 361 575 385 445 275 130 597 354 104 
240 519 435 201 298 524 288 194 500 501 409 352 541 224 246 235 254 407 480 232 0 361 575 385 0 275 130 597 354 104 
240 519 435 201 298 524 288 194 500 501 409 352 541 224 246 235 254 407 480 232 0 361 575 0 445 275 130 597 354 104 
470 535 368 0 510 345 368 563 333 446 411 145 327 281 577 260 478 430 399 433 361 0 251 398 541 328 390 237 430 325 
470 0 368 294 510 345 368 563 333 446 411 145 327 281 577 260 478 430 399 433 361 0 251 398 541 328 390 237 430 325 
470 535 368 294 510 345 368 563 333 446 411 145 327 281 577 260 478 430 399 433 361 0 251 398 541 328 390 237 0 325 
470 535 368 294 510 345 368 563 333 446 411 145 327 281 577 260 478 0 399 433 361 0 251 398 541 328 390 237 430 325 
154 468 316 193 133 237 0 298 236 460 422 411 454 570 312 571 353 554 288 117 575 251 0 587 189 386 305 458 519 424 
154 468 316 193 133 237 577 298 236 460 422 411 454 570 312 571 353 554 288 117 575 251 0 587 189 386 305 458 0 424 
154 468 316 193 133 237 577 298 236 460 422 411 454 570 312 571 353 554 288 117 575 251 0 587 0 386 305 458 519 424 
0 468 316 193 133 237 577 298 236 460 422 411 454 570 312 571 353 554 288 117 575 251 0 587 189 386 305 458 519 424 
336 431 460 219 512 571 475 447 542 310 491 160 258 396 538 118 297 179 303 399 385 398 587 0 558 0 204 122 340 101 
336 431 460 219 512 571 475 447 542 310 491 160 258 396 0 118 297 179 303 399 385 398 587 0 558 275 204 122 340 101 
336 431 460 219 512 0 475 447 542 310 491 160 258 396 538 118 297 179 303 399 385 398 587 0 558 275 204 122 340 101 
336 431 460 219 0 571 475 447 542 310 491 160 258 396 538 118 297 179 303 399 385 398 587 0 558 275 204 122 340 101 
452 213 110 575 442 497 559 238 361 390 286 164 403 0 411 499 152 177 406 373 445 541 189 558 0 381 335 392 362 403 
452 213 110 575 442 0 559 238 361 390 286 164 403 360 411 499 152 177 406 373 445 541 189 558 0 381 335 392 362 403 
452 213 0 575 442 497 559 238 361 390 286 164 403 360 411 499 152 177 406 373 445 541 189 558 0 381 335 392 362 403 
452 213 110 575 442 0 559 238 361 390 286 164 403 360 411 499 152 177 406 373 445 541 189 558 0 381 335 392 362 403 
350 405 424 0 375 520 424 491 277 581 165 171 344 139 396 553 352 204 206 322 275 328 386 275 381 0 383 373 481 168 
350 405 424 338 375 520 424 491 277 581 165 171 344 139 0 553 352 204 206 322 275 328 386 275 381 0 383 373 481 168 
350 405 424 338 375 0 424 491 277 581 165 171 344 139 396 553 352 204 206 322 275 328 386 275 381 0 383 373 481 168 
350 405 424 338 375 520 424 491 277 581 165 171 344 139 396 553 352 204 206 322 275 328 386 0 381 0 383 373 481 168 
356 236 586 538 515 133 360 432 0 237 251 131 545 341 201 516 479 539 336 290 130 390 305 204 335 383 0 494 597 303 
356 236 0 538 515 133 360 432 574 237 251 131 545 341 201 516 479 539 336 290 130 390 305 204 335 383 0 494 597 303 
356 236 586 538 0 133 360 432 574 237 251 131 545 341 201 516 479 539 336 290 130 390 305 204 335 383 0 494 597 303 
356 236 586 538 515 133 360 432 574 237 0 131 545 341 201 516 479 539 336 290 130 390 305 204 335 383 0 494 597 303 
277 281 359 303 139 261 248 285 480 228 110 560 393 323 365 387 239 178 330 422 597 237 458 122 392 373 494 0 217 0 
277 281 359 303 139 261 248 285 480 228 110 560 393 323 365 387 0 178 330 422 597 237 458 122 392 373 494 0 217 325 
277 281 359 303 139 261 248 285 480 228 110 0 393 323 365 387 239 178 330 422 597 237 458 122 392 373 494 0 217 325 
277 281 359 303 139 261 248 285 480 228 110 560 393 323 365 387 239 178 330 422 597 237 458 122 392 373 494 0 217 0 
416 383 475 297 180 481 494 498 117 0 556 384 302 295 478 431 158 498 336 328 354 430 519 340 362 481 597 217 0 211 
416 383 475 297 180 481 494 498 117 240 556 384 302 295 478 431 158 498 336 328 354 430 519 340 362 0 597 217 0 211 
416 383 475 297 0 481 494 498 117 240 556 384 302 295 478 431 158 498 336 328 354 430 519 340 362 481 597 217 0 211 
416 383 475 297 0 481 494 498 117 240 556 384 302 295 478 431 158 498 336 328 354 430 519 340 362 481 597 217 0 211 
441 185 519 131 312 277 165 566 457 386 596 200 338 440 105 117 266 562 299 170 104 0 424 101 403 168 303 325 211 0 
441 185 519 131 312 0 165 566 457 386 596 200 338 440 105 117 266 562 299 170 104 325 424 101 403 168 303 325 211 0 
441 185 519 131 312 277 165 566 457 386 596 200 338 440 105 117 266 562 299 170 104 325 424 101 403 168 0 325 211 0 
441 185 519 131 312 0 165 566 457 386 596 200 338 440 105 117 266 562 299 170 104 325 424 101 403 168 303 325 211 0 

5077.0
1 0.0 0.0
2 518.0 10.0
3 206.0 4.0
4 324.0 8.0
5 579.0 9.0
6 488.0 28.0
7 226.0 27.0
8 336.0 33.0
9 172.0 26.0
10 152.0 24.0
11 508.0 20.0
12 318.0 8.0
13 319.0 30.0
14 132.0 16.0
15 519.0 20.0
16 390.0 32.0
17 149.0 10.0
18 164.0 24.0
19 348.0 3.0
20 221.0 0.0
21 579.0 30.0
22 325.0 23.0
23 403.0 34.0
24 430.0 24.0
25 387.0 38.0
26 278.0 22.0
27 149.0 34.0
28 493.0 8.0
29 514.0 4.0
30 527.0 7.0
