30 332 5

0 432 121 405 316 273 360 255 229 368 481 499 551 363 494 251 507 513 254 357 598 281 315 341 408 267 157 311 229 529 
432 0 511 237 218 442 414 450 179 105 460 259 551 486 147 351 396 541 325 174 130 566 280 318 254 518 186 329 136 372 
121 511 0 147 255 402 110 358 285 272 127 235 216 422 245 596 168 353 444 507 316 158 569 503 255 208 581 497 590 301 
405 237 147 0 150 510 548 308 164 364 135 194 438 588 436 200 280 196 571 205 293 549 370 521 106 575 556 342 286 344 
316 218 255 150 0 426 378 293 275 564 174 300 543 167 270 399 469 307 586 357 255 329 394 325 313 215 513 590 222 310 
273 442 402 510 426 0 101 486 428 582 343 384 173 332 236 380 308 118 345 132 364 425 472 472 548 172 334 360 375 597 
360 414 110 548 378 101 0 109 270 515 352 353 279 533 576 259 582 411 482 405 532 150 533 502 252 283 331 271 535 390 
255 450 358 308 293 486 109 0 147 267 572 199 500 200 594 586 411 335 562 116 565 346 144 343 347 220 527 295 251 541 
229 179 285 164 275 428 270 147 0 389 599 320 168 226 292 235 196 248 517 264 443 123 285 392 346 307 305 153 110 451 
368 105 272 364 564 582 515 267 389 0 202 392 467 354 247 599 112 525 196 499 386 211 251 393 270 457 112 186 227 347 
481 460 127 135 174 343 352 572 599 202 0 572 585 424 453 570 409 396 179 547 511 103 175 564 376 533 216 150 486 463 
499 259 235 194 300 384 353 199 320 392 572 0 372 370 349 337 183 379 262 512 159 193 428 396 376 268 553 102 309 382 
551 551 216 438 543 173 279 500 168 467 585 372 0 237 457 479 114 146 491 458 250 209 283 474 156 153 393 235 173 477 
363 486 422 588 167 332 533 200 226 354 424 370 237 0 565 499 511 464 478 250 437 581 363 300 129 125 593 433 261 369 
494 147 245 436 270 236 576 594 292 247 453 349 457 565 0 525 570 483 369 260 406 376 539 521 484 589 298 582 571 122 
251 351 596 200 399 380 259 586 235 599 570 337 479 499 525 0 291 555 350 514 241 103 307 435 133 309 526 178 173 329 
507 396 168 280 469 308 582 411 196 112 409 183 114 511 570 291 0 327 416 426 433 484 410 313 355 589 491 235 244 339 
513 541 353 196 307 118 411 335 248 525 396 379 146 464 483 555 327 0 592 213 229 132 135 299 482 293 377 397 217 318 
254 325 444 571 586 345 482 562 517 196 179 262 491 478 369 350 416 592 0 123 468 338 122 176 448 349 368 330 486 440 
357 174 507 205 357 132 405 116 264 499 547 512 458 250 260 514 426 213 123 0 345 382 150 576 465 497 111 507 482 133 
598 130 316 293 255 364 532 565 443 386 511 159 250 437 406 241 433 229 468 345 0 249 460 278 530 361 558 130 151 367 
281 566 158 549 329 425 150 346 123 211 103 193 209 581 376 103 484 132 338 382 249 0 210 290 277 510 201 401 339 150 
315 280 569 370 394 472 533 144 285 251 175 428 283 363 539 307 410 135 122 150 460 210 0 155 515 122 163 407 414 468 
341 318 503 521 325 472 502 343 392 393 564 396 474 300 521 435 313 299 176 576 278 290 155 0 443 155 276 244 504 526 
408 254 255 106 313 548 252 347 346 270 376 376 156 129 484 133 355 482 448 465 530 277 515 443 0 161 166 355 457 212 
267 518 208 575 215 172 283 220 307 457 533 268 153 125 589 309 589 293 349 497 361 510 122 155 161 0 342 149 572 187 
157 186 581 556 513 334 331 527 305 112 216 553 393 593 298 526 491 377 368 111 558 201 163 276 166 342 0 298 296 112 
311 329 497 342 590 360 271 295 153 186 150 102 235 433 582 178 235 397 330 507 130 401 407 244 355 149 298 0 557 453 
229 136 590 286 222 375 535 251 110 227 486 309 173 261 571 173 244 217 486 482 151 339 414 504 457 572 296 557 0 327 
529 372 301 344 310 597 390 541 451 347 463 382 477 369 122 329 339 318 440 133 367 150 468 526 212 187 112 453 327 0 

0 35 37 72 73 54 79 33 30 36 57 35 65 50 45 53 52 75 33 49 77 33 43 53 60 87 52 43 45 82 
35 0 85 67 67 42 76 57 56 39 53 44 54 67 94 66 70 37 77 35 50 30 88 51 47 35 79 62 69 42 
37 85 0 58 96 80 61 81 55 80 99 65 76 68 68 72 61 48 59 96 74 51 44 36 30 93 82 92 58 95 
72 67 58 0 60 79 34 41 48 91 38 69 49 69 64 80 69 52 47 81 65 69 82 60 74 58 37 69 48 63 
73 67 96 60 0 93 72 90 38 76 77 76 46 92 76 44 92 89 68 31 44 38 76 59 58 48 92 52 94 84 
54 42 80 79 93 0 69 85 53 63 79 66 31 44 57 33 49 94 96 65 99 84 49 71 85 49 90 67 70 41 
79 76 61 34 72 69 0 47 75 51 84 77 38 44 80 62 57 60 94 64 58 36 69 74 96 58 94 65 61 66 
33 57 81 41 90 85 47 0 53 87 41 37 66 57 48 52 32 81 37 66 85 54 77 76 94 35 53 38 43 87 
30 56 55 48 38 53 75 53 0 70 47 83 61 87 62 96 62 94 32 40 70 73 50 73 54 63 78 59 96 36 
36 39 80 91 76 63 51 87 70 0 69 55 66 59 64 43 66 72 48 38 91 40 62 73 84 53 68 70 85 54 
57 53 99 38 77 79 84 41 47 69 0 38 38 74 42 87 60 73 68 57 67 79 38 32 96 48 71 78 88 98 
35 44 65 69 76 66 77 37 83 55 38 0 64 79 95 75 42 70 31 87 61 87 34 44 64 84 54 35 57 48 
65 54 76 49 46 31 38 66 61 66 38 64 0 33 66 97 57 30 69 53 36 76 32 83 98 78 64 54 42 58 
50 67 68 69 92 44 44 57 87 59 74 79 33 0 30 40 71 85 57 87 77 66 58 77 50 90 93 88 50 60 
45 94 68 64 76 57 80 48 62 64 42 95 66 30 0 82 39 30 62 36 57 55 86 62 59 46 72 86 74 75 
53 66 72 80 44 33 62 52 96 43 87 75 97 40 82 0 97 50 84 62 70 45 95 81 68 38 32 56 97 44 
52 70 61 69 92 49 57 32 62 66 60 42 57 71 39 97 0 51 70 91 70 83 62 58 85 41 97 76 73 39 
75 37 48 52 89 94 60 81 94 72 73 70 30 85 30 50 51 0 80 95 70 33 43 73 66 89 83 84 33 78 
33 77 59 47 68 96 94 37 32 48 68 31 69 57 62 84 70 80 0 33 63 36 93 34 36 53 74 51 77 52 
49 35 96 81 31 65 64 66 40 38 57 87 53 87 36 62 91 95 33 0 44 72 40 81 44 61 96 93 90 94 
77 50 74 65 44 99 58 85 70 91 67 61 36 77 57 70 70 70 63 44 0 66 63 42 68 60 80 49 84 73 
33 30 51 69 38 84 36 54 73 40 79 87 76 66 55 45 83 33 36 72 66 0 41 54 32 39 56 90 81 72 
43 88 44 82 76 49 69 77 50 62 38 34 32 58 86 95 62 43 93 40 63 41 0 35 44 54 64 72 57 77 
53 51 36 60 59 71 74 76 73 73 32 44 83 77 62 81 58 73 34 81 42 54 35 0 55 88 73 90 52 48 
60 47 30 74 58 85 96 94 54 84 96 64 98 50 59 68 85 66 36 44 68 32 44 55 0 48 91 99 96 95 
87 35 93 58 48 49 58 35 63 53 48 84 78 90 46 38 41 89 53 61 60 39 54 88 48 0 41 50 42 43 
52 79 82 37 92 90 94 53 78 68 71 54 64 93 72 32 97 83 74 96 80 56 64 73 91 41 0 99 44 79 
43 62 92 69 52 67 65 38 59 70 78 35 54 88 86 56 76 84 51 93 49 90 72 90 99 50 99 0 59 34 
45 69 58 48 94 70 61 43 96 85 88 57 42 50 74 97 73 33 77 90 84 81 57 52 96 42 44 59 0 36 
82 42 95 63 84 41 66 87 36 54 98 48 58 60 75 44 39 78 52 94 73 72 77 48 95 43 79 34 36 0 

336.0 199.0 1 3
548.0 174.0 1 16
479.0 243.0 1 30
493.0 324.0 1 6
287.0 376.0 1 30
383.0 133.0 1 30
479.0 135.0 1 30
370.0 408.0 1 26
336.0 286.0 1 16
438.0 277.0 1 30
438.0 235.0 1 20
328.0 147.0 1 23
411.0 257.0 1 18
479.0 275.0 1 6
548.0 265.0 1 26
411.0 326.0 1 18
287.0 364.0 2 7
287.0 178.0 2 1
370.0 241.0 2 28
336.0 231.0 2 19
383.0 355.0 2 27
548.0 157.0 2 26
493.0 136.0 2 26
431.0 157.0 2 20
383.0 188.0 2 18
370.0 382.0 2 21
479.0 408.0 2 19
328.0 316.0 2 16
246.0 153.0 2 23
246.0 369.0 2 19
479.0 166.0 2 18
246.0 151.0 2 6
411.0 178.0 2 20
548.0 214.0 3 12
328.0 459.0 3 2
287.0 188.0 3 1
479.0 403.0 3 10
246.0 306.0 3 22
288.0 209.0 4 8
287.0 189.0 4 30
431.0 218.0 4 18
370.0 201.0 4 2
288.0 267.0 4 19
438.0 273.0 4 18
287.0 130.0 5 20
479.0 364.0 5 12
479.0 552.0 5 6
287.0 410.0 5 20
328.0 288.0 5 26
328.0 414.0 5 26
411.0 248.0 5 13
383.0 176.0 6 26
548.0 237.0 6 11
383.0 176.0 6 2
411.0 319.0 6 1
479.0 404.0 6 10
370.0 279.0 6 27
479.0 147.0 6 30
246.0 351.0 6 7
493.0 163.0 6 2
370.0 235.0 6 26
479.0 128.0 6 16
431.0 372.0 6 7
328.0 402.0 6 4
383.0 188.0 7 17
431.0 360.0 7 30
328.0 217.0 7 30
328.0 136.0 7 13
438.0 315.0 7 10
384.0 183.0 7 23
431.0 237.0 7 1
384.0 254.0 8 23
493.0 177.0 8 12
336.0 222.0 8 18
287.0 261.0 8 10
336.0 522.0 8 30
493.0 331.0 8 21
328.0 183.0 8 7
411.0 192.0 8 20
479.0 140.0 9 30
431.0 125.0 9 1
328.0 178.0 9 25
493.0 421.0 9 27
336.0 216.0 9 30
431.0 216.0 9 20
493.0 162.0 9 1
411.0 218.0 9 2
336.0 205.0 10 20
370.0 108.0 10 1
246.0 148.0 10 20
411.0 382.0 10 29
246.0 302.0 10 6
548.0 229.0 10 7
328.0 198.0 10 7
438.0 388.0 10 18
548.0 470.0 11 30
493.0 228.0 11 12
246.0 125.0 11 4
328.0 136.0 11 4
383.0 240.0 11 18
411.0 181.0 12 10
493.0 522.0 12 22
479.0 145.0 12 2
246.0 339.0 12 22
328.0 269.0 12 4
548.0 155.0 12 8
431.0 312.0 12 22
548.0 257.0 12 6
288.0 347.0 12 21
479.0 253.0 12 7
370.0 237.0 12 7
370.0 237.0 12 2
328.0 142.0 12 23
431.0 244.0 12 30
383.0 427.0 12 16
336.0 155.0 12 13
246.0 324.0 13 2
328.0 397.0 13 26
548.0 436.0 13 16
548.0 364.0 13 27
384.0 219.0 13 9
328.0 114.0 13 7
431.0 256.0 13 30
328.0 102.0 13 6
411.0 153.0 13 18
246.0 405.0 14 26
384.0 484.0 14 18
336.0 462.0 14 24
479.0 297.0 14 22
384.0 441.0 14 7
411.0 257.0 14 22
328.0 418.0 14 27
431.0 301.0 14 2
438.0 377.0 14 20
479.0 195.0 14 23
287.0 280.0 14 18
287.0 446.0 14 27
246.0 321.0 14 2
548.0 282.0 15 2
479.0 438.0 15 23
431.0 151.0 15 20
431.0 151.0 15 26
479.0 297.0 15 19
370.0 312.0 15 7
548.0 307.0 15 4
370.0 214.0 15 11
246.0 432.0 15 27
383.0 492.0 15 16
383.0 240.0 15 7
431.0 256.0 15 1
493.0 393.0 16 15
328.0 198.0 16 26
328.0 345.0 16 7
328.0 223.0 16 7
411.0 249.0 16 2
493.0 232.0 16 10
288.0 313.0 16 23
479.0 180.0 16 10
246.0 320.0 16 19
288.0 252.0 16 21
370.0 313.0 16 2
246.0 320.0 16 13
548.0 264.0 16 30
493.0 264.0 16 4
370.0 259.0 16 27
287.0 246.0 17 26
287.0 331.0 17 5
246.0 408.0 17 26
411.0 248.0 17 4
288.0 234.0 17 18
328.0 399.0 17 2
479.0 289.0 17 4
411.0 159.0 17 26
246.0 138.0 17 18
328.0 303.0 17 13
411.0 151.0 17 4
370.0 144.0 17 7
431.0 324.0 17 13
493.0 370.0 18 20
431.0 306.0 18 7
438.0 366.0 18 6
383.0 423.0 18 9
328.0 399.0 18 21
431.0 222.0 19 26
383.0 346.0 19 5
288.0 346.0 19 20
246.0 187.0 19 30
431.0 324.0 19 20
328.0 507.0 19 7
383.0 199.0 19 26
384.0 210.0 19 6
328.0 446.0 20 28
548.0 178.0 20 2
431.0 327.0 20 2
493.0 204.0 20 23
370.0 338.0 20 30
370.0 147.0 20 2
431.0 186.0 20 16
328.0 283.0 21 19
438.0 224.0 21 20
328.0 205.0 21 28
288.0 302.0 21 23
548.0 163.0 21 26
384.0 140.0 21 13
287.0 294.0 21 4
383.0 445.0 21 6
479.0 239.0 21 13
328.0 403.0 21 23
384.0 324.0 21 26
493.0 165.0 21 2
383.0 249.0 21 4
336.0 292.0 21 20
493.0 153.0 22 2
383.0 156.0 22 10
246.0 443.0 22 12
287.0 364.0 22 13
548.0 159.0 22 21
384.0 198.0 22 18
328.0 129.0 22 19
383.0 261.0 22 26
328.0 306.0 23 19
384.0 310.0 23 7
383.0 541.0 23 16
288.0 384.0 23 27
479.0 105.0 23 24
548.0 369.0 23 2
411.0 280.0 23 13
336.0 261.0 23 7
287.0 129.0 23 1
287.0 393.0 23 4
287.0 321.0 23 21
411.0 167.0 23 18
384.0 387.0 23 18
288.0 346.0 23 20
328.0 438.0 23 13
328.0 540.0 24 28
438.0 448.0 24 26
328.0 302.0 24 1
288.0 218.0 24 21
287.0 364.0 24 30
336.0 388.0 24 20
548.0 413.0 24 16
383.0 158.0 24 18
383.0 222.0 24 1
493.0 284.0 24 10
288.0 105.0 24 23
287.0 399.0 24 7
431.0 394.0 24 18
411.0 319.0 24 6
287.0 504.0 25 28
479.0 277.0 25 10
370.0 310.0 25 2
411.0 132.0 25 20
383.0 225.0 25 2
246.0 326.0 25 21
493.0 158.0 25 26
246.0 367.0 25 21
383.0 588.0 25 13
383.0 367.0 25 16
479.0 184.0 25 23
370.0 171.0 25 1
384.0 366.0 25 10
383.0 230.0 25 26
431.0 201.0 25 26
479.0 155.0 25 2
383.0 158.0 26 11
370.0 340.0 26 13
288.0 397.0 26 13
438.0 123.0 26 27
479.0 179.0 26 23
479.0 262.0 26 6
411.0 171.0 26 16
431.0 147.0 26 4
479.0 347.0 26 18
548.0 196.0 26 22
548.0 258.0 26 30
328.0 558.0 26 22
336.0 264.0 26 21
328.0 163.0 26 22
411.0 318.0 26 10
328.0 179.0 26 16
493.0 168.0 26 23
479.0 230.0 26 27
548.0 206.0 26 10
411.0 300.0 27 25
328.0 410.0 27 30
287.0 552.0 27 21
328.0 334.0 27 20
493.0 222.0 27 4
336.0 492.0 27 20
438.0 367.0 28 23
328.0 275.0 28 13
479.0 502.0 28 20
431.0 369.0 28 14
287.0 387.0 28 23
384.0 358.0 28 20
288.0 302.0 28 23
328.0 136.0 28 10
383.0 193.0 28 4
548.0 148.0 28 21
328.0 564.0 28 4
384.0 162.0 28 13
479.0 141.0 28 1
384.0 453.0 28 18
328.0 282.0 29 5
411.0 158.0 29 27
287.0 175.0 29 1
411.0 243.0 29 22
287.0 331.0 29 10
328.0 316.0 29 2
411.0 224.0 29 27
438.0 518.0 29 7
411.0 230.0 29 4
370.0 214.0 29 26
328.0 288.0 29 26
336.0 265.0 29 13
384.0 269.0 29 2
328.0 407.0 29 16
246.0 349.0 29 16
431.0 478.0 30 5
384.0 264.0 30 4
336.0 237.0 30 7
328.0 141.0 30 26
336.0 151.0 30 2
383.0 324.0 30 4
328.0 399.0 30 21
479.0 141.0 30 26
370.0 163.0 30 2
548.0 331.0 30 27
493.0 504.0 30 1
336.0 147.0 30 6
328.0 126.0 30 2

0 432 0 268 316 273 231 255 229 269 248 356 337 363 366 251 289 391 254 268 380 279 315 341 323 267 157 311 229 269 
0 432 121 268 316 273 231 255 229 269 248 356 337 363 366 0 289 391 254 268 380 279 315 341 323 267 157 311 229 269 
0 432 121 268 316 273 231 255 229 269 248 356 337 363 0 251 289 391 254 268 380 279 315 341 323 267 157 311 229 269 
0 432 121 268 316 0 231 255 229 269 248 356 337 363 366 251 289 391 254 268 380 279 315 341 323 267 157 311 229 269 
0 432 121 268 316 273 231 255 229 269 248 356 337 363 366 251 289 391 254 268 380 279 315 341 323 267 157 311 229 0 
0 432 0 268 316 273 231 255 229 269 248 356 337 363 366 251 289 391 254 268 380 279 315 341 323 267 157 311 229 269 
0 432 121 268 316 273 231 255 0 269 248 356 337 363 366 251 289 391 254 268 380 279 315 341 323 267 157 311 229 269 
0 432 121 268 316 273 231 255 229 269 248 356 337 363 366 251 289 391 254 268 380 279 315 341 323 0 157 311 229 269 
0 432 121 268 316 273 231 255 229 269 248 356 337 363 366 0 289 391 254 268 380 279 315 341 323 267 157 311 229 269 
0 432 121 268 316 273 231 255 229 269 248 356 337 363 366 251 289 391 254 268 380 279 315 341 323 267 157 311 229 0 
0 432 121 268 316 273 231 255 229 269 248 356 337 363 366 251 289 391 254 0 380 279 315 341 323 267 157 311 229 269 
0 432 121 268 316 273 231 255 229 269 248 0 337 363 366 251 289 391 254 268 380 279 315 341 323 267 157 311 229 269 
0 432 121 268 316 273 231 255 229 269 248 356 337 363 366 251 289 0 254 268 380 279 315 341 323 267 157 311 229 269 
0 432 121 268 316 0 231 255 229 269 248 356 337 363 366 251 289 391 254 268 380 279 315 341 323 267 157 311 229 269 
0 432 121 268 316 273 231 255 229 269 248 356 337 363 366 251 289 391 254 268 380 279 315 341 323 0 157 311 229 269 
0 432 121 268 0 273 231 255 229 269 248 356 337 363 366 251 289 391 254 268 380 279 315 341 323 267 157 311 229 269 
432 0 511 237 218 442 0 450 179 105 460 259 551 486 147 351 396 541 325 174 130 566 280 318 254 518 186 329 136 372 
0 0 511 237 218 442 414 450 179 105 460 259 551 486 147 351 396 541 325 174 130 566 280 318 254 518 186 329 136 372 
432 0 511 237 218 442 414 450 179 105 460 259 551 486 147 351 396 541 325 174 130 566 280 318 254 518 186 0 136 372 
432 0 511 237 218 442 414 450 179 105 460 259 551 486 147 351 396 541 0 174 130 566 280 318 254 518 186 329 136 372 
432 0 511 237 218 442 414 450 179 105 460 259 551 486 147 351 396 541 325 174 130 566 280 318 254 518 0 329 136 372 
432 0 511 237 218 442 414 450 179 105 460 259 551 486 147 351 396 541 325 174 130 566 280 318 254 0 186 329 136 372 
432 0 511 237 218 442 414 450 179 105 460 259 551 486 147 351 396 541 325 174 130 566 280 318 254 0 186 329 136 372 
432 0 511 237 218 442 414 450 179 105 460 259 551 486 147 351 396 541 325 0 130 566 280 318 254 518 186 329 136 372 
432 0 511 237 218 442 414 450 179 105 460 259 551 486 147 351 396 0 325 174 130 566 280 318 254 518 186 329 136 372 
432 0 0 237 218 442 414 450 179 105 460 259 551 486 147 351 396 541 325 174 130 566 280 318 254 518 186 329 136 372 
432 0 0 237 218 442 414 450 179 105 460 259 551 486 147 351 396 541 325 174 130 566 280 318 254 518 186 329 136 372 
432 0 511 237 218 442 414 450 179 105 460 259 551 486 147 0 396 541 325 174 130 566 280 318 254 518 186 329 136 372 
432 0 511 237 218 442 414 450 179 105 460 259 551 486 147 351 396 541 325 174 130 566 280 0 254 518 186 329 136 372 
432 0 511 237 218 442 414 450 179 105 460 259 551 486 147 351 396 541 0 174 130 566 280 318 254 518 186 329 136 372 
432 0 511 237 218 442 414 450 179 105 460 259 551 486 147 351 396 0 325 174 130 566 280 318 254 518 186 329 136 372 
432 0 511 237 218 0 414 450 179 105 460 259 551 486 147 351 396 541 325 174 130 566 280 318 254 518 186 329 136 372 
432 0 511 237 218 442 414 450 179 105 460 259 551 486 147 351 396 541 325 0 130 566 280 318 254 518 186 329 136 372 
121 511 0 147 255 402 110 358 285 272 127 0 216 422 245 596 168 353 444 507 316 158 569 503 255 208 581 497 590 301 
121 0 0 147 255 402 110 358 285 272 127 235 216 422 245 596 168 353 444 507 316 158 569 503 255 208 581 497 590 301 
0 511 0 147 255 402 110 358 285 272 127 235 216 422 245 596 168 353 444 507 316 158 569 503 255 208 581 497 590 301 
121 511 0 147 0 402 110 358 285 272 127 235 216 422 245 596 168 353 444 507 316 158 569 503 255 208 581 497 590 301 
121 511 0 147 255 402 110 358 285 272 127 235 216 422 245 596 168 353 444 507 316 0 569 503 255 208 581 497 590 301 
405 237 147 0 150 510 548 0 164 364 135 194 438 588 436 200 280 196 571 205 293 549 370 521 106 575 556 342 286 344 
405 237 147 0 150 510 548 308 164 364 135 194 438 588 436 200 280 196 571 205 293 549 370 521 106 575 556 342 286 0 
405 237 147 0 150 510 548 308 164 364 135 194 438 588 436 200 280 0 571 205 293 549 370 521 106 575 556 342 286 344 
405 0 147 0 150 510 548 308 164 364 135 194 438 588 436 200 280 196 571 205 293 549 370 521 106 575 556 342 286 344 
405 237 147 0 150 510 548 308 164 364 135 194 438 588 436 200 280 196 0 205 293 549 370 521 106 575 556 342 286 344 
405 237 147 0 150 510 548 308 164 364 135 194 438 588 436 200 280 196 571 205 293 549 370 521 106 575 556 342 0 344 
316 218 255 150 0 426 378 293 275 564 174 300 543 167 270 399 469 307 586 0 255 329 394 325 313 215 513 590 222 310 
316 218 255 150 0 426 378 293 275 564 174 0 543 167 270 399 469 307 586 357 255 329 394 325 313 215 513 590 222 310 
316 218 255 150 0 426 378 293 275 564 174 300 543 167 270 399 0 307 586 357 255 329 394 325 313 215 513 590 222 310 
316 218 255 150 0 426 378 293 275 564 174 300 543 167 0 399 469 307 586 357 255 329 394 325 313 215 513 590 222 310 
316 218 255 150 0 426 378 293 275 564 174 300 543 167 270 399 469 307 586 357 255 329 394 325 313 0 513 590 222 310 
316 218 255 150 0 426 378 293 275 564 174 300 543 0 270 399 469 307 586 357 255 329 394 325 313 215 513 590 222 310 
316 218 255 150 0 426 378 293 275 564 174 300 0 167 270 399 469 307 586 357 255 329 394 325 313 215 513 590 222 310 
273 442 402 510 426 0 101 486 428 582 343 384 173 332 236 380 308 118 345 132 364 425 472 472 548 0 334 360 375 597 
273 442 402 510 426 0 101 486 428 582 0 384 173 332 236 380 308 118 345 132 364 425 472 472 548 172 334 360 375 597 
273 0 402 510 426 0 101 486 428 582 343 384 173 332 236 380 308 118 345 132 364 425 472 472 548 172 334 360 375 597 
273 442 402 510 426 0 101 486 428 582 343 384 173 332 236 380 308 118 345 132 364 425 472 0 548 172 334 360 375 597 
273 442 402 510 426 0 101 486 428 582 343 384 173 332 236 380 308 118 345 132 364 425 472 0 548 172 334 360 375 597 
273 442 402 510 426 0 101 486 428 582 343 384 173 332 236 380 0 118 345 132 364 425 472 472 548 172 334 360 375 597 
273 442 402 510 426 0 101 486 428 582 343 384 173 332 236 380 308 118 345 132 364 425 472 472 548 172 334 360 375 0 
273 442 402 510 426 0 0 486 428 582 343 384 173 332 236 380 308 118 345 132 364 425 472 472 548 172 334 360 375 597 
273 0 402 510 426 0 101 486 428 582 343 384 173 332 236 380 308 118 345 132 364 425 472 472 548 172 334 360 375 597 
273 442 402 510 426 0 101 486 428 582 343 384 173 332 236 380 308 118 345 132 364 425 472 472 548 0 334 360 375 597 
273 442 402 510 426 0 101 486 428 582 343 384 173 332 236 0 308 118 345 132 364 425 472 472 548 172 334 360 375 597 
273 442 402 510 426 0 0 486 428 582 343 384 173 332 236 380 308 118 345 132 364 425 472 472 548 172 334 360 375 597 
273 442 402 0 426 0 101 486 428 582 343 384 173 332 236 380 308 118 345 132 364 425 472 472 548 172 334 360 375 597 
360 414 110 548 378 101 0 109 270 515 352 353 279 533 576 259 0 411 482 405 532 150 533 502 252 283 331 271 535 390 
360 414 110 548 378 101 0 109 0 515 352 353 279 533 576 259 582 411 482 405 532 150 533 502 252 283 331 271 535 390 
360 414 110 548 378 101 0 109 270 515 352 353 279 533 576 259 582 411 482 405 532 150 533 502 252 283 331 271 535 0 
360 414 110 548 378 101 0 109 270 515 352 353 0 533 576 259 582 411 482 405 532 150 533 502 252 283 331 271 535 390 
360 414 110 548 378 101 0 109 0 515 352 353 279 533 576 259 582 411 482 405 532 150 533 502 252 283 331 271 535 390 
360 414 0 548 378 101 0 109 270 515 352 353 279 533 576 259 582 411 482 405 532 150 533 502 252 283 331 271 535 390 
0 414 110 548 378 101 0 109 270 515 352 353 279 533 576 259 582 411 482 405 532 150 533 502 252 283 331 271 535 390 
255 450 358 308 293 486 109 0 147 267 572 199 500 200 594 586 411 335 562 116 565 346 0 343 347 220 527 295 251 541 
255 450 358 308 293 486 109 0 147 267 572 0 500 200 594 586 411 335 562 116 565 346 144 343 347 220 527 295 251 541 
255 450 358 308 293 486 109 0 0 267 572 199 500 200 594 586 411 335 562 116 565 346 144 343 347 220 527 295 251 541 
255 450 358 308 293 486 109 0 147 0 572 199 500 200 594 586 411 335 562 116 565 346 144 343 347 220 527 295 251 541 
255 450 358 308 293 486 109 0 147 267 572 199 500 200 594 586 411 335 562 116 565 346 144 343 347 220 527 295 251 0 
255 450 358 308 293 486 109 0 147 267 572 199 500 200 594 586 411 335 562 116 0 346 144 343 347 220 527 295 251 541 
255 450 358 308 293 486 0 0 147 267 572 199 500 200 594 586 411 335 562 116 565 346 144 343 347 220 527 295 251 541 
255 450 358 308 293 486 109 0 147 267 572 199 500 200 594 586 0 335 562 116 565 346 144 343 347 220 527 295 251 541 
229 179 285 164 275 428 270 147 0 389 599 320 168 226 292 235 196 248 517 264 443 123 285 392 346 307 305 153 110 0 
0 179 285 164 275 428 270 147 0 389 599 320 168 226 292 235 196 248 517 264 443 123 285 392 346 307 305 153 110 451 
229 179 285 164 275 428 270 147 0 389 599 320 168 226 292 235 196 248 517 264 443 123 285 392 0 307 305 153 110 451 
229 179 285 164 275 428 270 147 0 389 599 320 168 226 292 235 196 248 517 264 443 123 285 392 346 307 0 153 110 451 
229 179 285 164 275 428 270 147 0 389 599 320 168 226 292 235 196 248 517 264 443 123 285 392 346 307 305 153 110 0 
229 179 285 164 275 428 270 147 0 389 599 320 168 226 292 235 196 248 517 0 443 123 285 392 346 307 305 153 110 451 
229 179 285 164 275 428 270 147 0 389 599 320 168 226 292 235 196 248 517 264 443 123 285 392 0 307 305 153 110 451 
229 0 285 164 275 428 270 147 0 389 599 320 168 226 292 235 196 248 517 264 443 123 285 392 346 307 305 153 110 451 
368 105 272 364 564 582 515 267 389 0 202 392 467 354 247 599 112 525 196 0 386 211 251 393 270 457 112 186 227 347 
0 105 272 364 564 582 515 267 389 0 202 392 467 354 247 599 112 525 196 499 386 211 251 393 270 457 112 186 227 347 
368 105 272 364 564 582 515 267 389 0 202 392 467 354 247 599 112 525 196 0 386 211 251 393 270 457 112 186 227 347 
368 105 272 364 564 582 515 267 389 0 202 392 467 354 247 599 112 525 196 499 386 211 251 393 270 457 112 186 0 347 
368 105 272 364 564 0 515 267 389 0 202 392 467 354 247 599 112 525 196 499 386 211 251 393 270 457 112 186 227 347 
368 105 272 364 564 582 0 267 389 0 202 392 467 354 247 599 112 525 196 499 386 211 251 393 270 457 112 186 227 347 
368 105 272 364 564 582 0 267 389 0 202 392 467 354 247 599 112 525 196 499 386 211 251 393 270 457 112 186 227 347 
368 105 272 364 564 582 515 267 389 0 202 392 467 354 247 599 112 0 196 499 386 211 251 393 270 457 112 186 227 347 
481 460 127 135 174 343 352 572 599 202 0 572 585 424 453 570 409 396 179 547 511 103 175 564 376 533 216 150 486 0 
481 460 127 135 174 343 352 572 599 202 0 0 585 424 453 570 409 396 179 547 511 103 175 564 376 533 216 150 486 463 
481 460 127 0 174 343 352 572 599 202 0 572 585 424 453 570 409 396 179 547 511 103 175 564 376 533 216 150 486 463 
481 460 127 135 174 343 352 572 599 202 0 0 585 424 453 570 409 396 179 547 511 103 175 564 376 533 216 150 486 463 
481 460 127 135 174 343 352 572 599 202 0 572 585 424 453 570 409 0 179 547 511 103 175 564 376 533 216 150 486 463 
499 259 235 194 300 384 353 199 320 0 572 0 372 370 349 337 183 379 262 512 159 193 428 396 376 268 553 102 309 382 
499 259 235 194 300 384 353 199 320 392 572 0 372 370 349 337 183 379 262 512 159 0 428 396 376 268 553 102 309 382 
499 0 235 194 300 384 353 199 320 392 572 0 372 370 349 337 183 379 262 512 159 193 428 396 376 268 553 102 309 382 
499 259 235 194 300 384 353 199 320 392 572 0 372 370 349 337 183 379 262 512 159 0 428 396 376 268 553 102 309 382 
499 259 235 0 300 384 353 199 320 392 572 0 372 370 349 337 183 379 262 512 159 193 428 396 376 268 553 102 309 382 
499 259 235 194 300 384 353 0 320 392 572 0 372 370 349 337 183 379 262 512 159 193 428 396 376 268 553 102 309 382 
499 259 0 194 300 384 353 199 320 392 572 0 372 370 349 337 183 379 262 512 159 193 428 396 376 268 553 102 309 382 
499 259 235 194 300 0 353 199 320 392 572 0 372 370 349 337 183 379 262 512 159 193 428 396 376 268 553 102 309 382 
499 259 235 194 300 384 353 199 320 392 572 0 372 370 349 337 183 379 262 512 0 193 428 396 376 268 553 102 309 382 
499 259 0 194 300 384 353 199 320 392 572 0 372 370 349 337 183 379 262 512 159 193 428 396 376 268 553 102 309 382 
499 259 235 194 300 384 353 199 320 392 572 0 372 0 349 337 183 379 262 512 159 193 428 396 376 268 553 102 309 382 
499 259 235 194 300 384 353 199 320 392 572 0 372 0 349 337 183 379 262 512 159 193 428 396 376 268 553 102 309 382 
499 259 235 194 300 384 353 199 320 392 572 0 372 370 349 337 183 379 262 512 159 193 0 396 376 268 553 102 309 382 
499 259 235 194 300 384 353 199 320 392 572 0 372 370 349 337 183 379 262 512 159 193 428 396 376 268 553 102 309 0 
499 259 235 194 300 384 353 199 320 392 572 0 372 370 349 0 183 379 262 512 159 193 428 396 376 268 553 102 309 382 
499 259 235 194 300 384 353 0 320 392 572 0 372 370 349 337 183 379 262 512 159 193 428 396 376 268 553 102 309 382 
551 0 216 438 543 173 279 500 168 467 585 372 0 237 457 479 114 146 491 458 250 209 283 474 156 153 393 235 173 477 
551 551 216 438 543 173 279 500 168 467 585 372 0 237 457 479 114 146 491 458 250 209 283 474 156 0 393 235 173 477 
551 551 216 438 543 173 279 500 168 467 585 372 0 237 457 0 114 146 491 458 250 209 283 474 156 153 393 235 173 477 
551 551 216 438 543 173 279 500 168 467 585 372 0 237 457 479 114 146 491 458 250 209 283 474 156 153 0 235 173 477 
551 551 216 438 543 173 279 500 0 467 585 372 0 237 457 479 114 146 491 458 250 209 283 474 156 153 393 235 173 477 
551 551 216 438 543 173 0 500 168 467 585 372 0 237 457 479 114 146 491 458 250 209 283 474 156 153 393 235 173 477 
551 551 216 438 543 173 279 500 0 467 585 372 0 237 457 479 114 146 491 458 250 209 283 474 156 153 393 235 173 477 
551 551 216 438 543 0 279 500 168 467 585 372 0 237 457 479 114 146 491 458 250 209 283 474 156 153 393 235 173 477 
551 551 216 438 543 173 279 500 168 467 585 372 0 237 457 479 114 0 491 458 250 209 283 474 156 153 393 235 173 477 
363 486 422 588 167 332 533 200 226 354 424 370 237 0 565 499 511 464 478 250 437 581 363 300 129 0 593 433 261 369 
363 486 422 588 167 332 533 200 226 354 424 370 237 0 565 499 511 0 478 250 437 581 363 300 129 125 593 433 261 369 
363 486 422 588 167 332 533 200 226 354 424 370 237 0 565 499 511 464 478 250 437 581 363 0 129 125 593 433 261 369 
363 486 422 588 167 332 533 200 226 354 424 370 237 0 565 499 511 464 478 250 437 0 363 300 129 125 593 433 261 369 
363 486 422 588 0 332 533 200 226 354 424 370 237 0 565 499 511 464 478 250 437 581 363 300 129 125 593 433 261 369 
363 486 422 588 167 332 533 200 226 354 424 370 237 0 565 499 511 464 478 250 437 0 363 300 129 125 593 433 261 369 
363 486 422 588 167 332 533 200 226 354 424 370 237 0 565 499 511 464 478 250 437 581 363 300 129 125 0 433 261 369 
363 0 422 588 167 332 533 200 226 354 424 370 237 0 565 499 511 464 478 250 437 581 363 300 129 125 593 433 261 369 
363 486 422 588 167 332 533 200 226 354 0 370 237 0 565 499 511 464 478 250 437 581 363 300 129 125 593 433 261 369 
363 486 422 588 167 332 533 200 226 354 424 370 237 0 565 499 511 464 478 250 437 581 363 300 129 125 593 433 0 369 
363 486 422 588 167 332 533 200 226 354 424 370 237 0 565 499 511 0 478 250 437 581 363 300 129 125 593 433 261 369 
363 486 422 588 167 332 533 200 226 354 424 370 237 0 565 499 511 464 478 250 437 581 363 300 129 125 0 433 261 369 
363 0 422 588 167 332 533 200 226 354 424 370 237 0 565 499 511 464 478 250 437 581 363 300 129 125 593 433 261 369 
494 0 245 436 270 236 576 594 292 247 453 349 457 565 0 525 570 483 369 260 406 376 539 521 484 589 298 582 571 122 
494 147 245 436 270 236 576 594 292 247 453 349 457 565 0 525 570 483 369 260 406 376 0 521 484 589 298 582 571 122 
494 147 245 436 270 236 576 594 292 247 453 349 457 565 0 525 570 483 369 0 406 376 539 521 484 589 298 582 571 122 
494 147 245 436 270 236 576 594 292 247 453 349 457 565 0 525 570 483 369 260 406 376 539 521 484 0 298 582 571 122 
494 147 245 436 270 236 576 594 292 247 453 349 457 565 0 525 570 483 0 260 406 376 539 521 484 589 298 582 571 122 
494 147 245 436 270 236 0 594 292 247 453 349 457 565 0 525 570 483 369 260 406 376 539 521 484 589 298 582 571 122 
494 147 245 0 270 236 576 594 292 247 453 349 457 565 0 525 570 483 369 260 406 376 539 521 484 589 298 582 571 122 
494 147 245 436 270 236 576 594 292 247 0 349 457 565 0 525 570 483 369 260 406 376 539 521 484 589 298 582 571 122 
494 147 245 436 270 236 576 594 292 247 453 349 457 565 0 525 570 483 369 260 406 376 539 521 484 589 0 582 571 122 
494 147 245 436 270 236 576 594 292 247 453 349 457 565 0 0 570 483 369 260 406 376 539 521 484 589 298 582 571 122 
494 147 245 436 270 236 0 594 292 247 453 349 457 565 0 525 570 483 369 260 406 376 539 521 484 589 298 582 571 122 
0 147 245 436 270 236 576 594 292 247 453 349 457 565 0 525 570 483 369 260 406 376 539 521 484 589 298 582 571 122 
251 351 596 200 399 380 259 586 235 599 570 337 479 499 0 0 291 555 350 514 241 103 307 435 133 309 526 178 173 329 
251 351 596 200 0 380 259 586 235 599 570 337 479 499 525 0 291 555 350 514 241 103 307 435 133 309 526 178 173 329 
251 351 0 200 399 380 259 586 235 599 570 337 479 499 525 0 291 555 350 514 241 103 307 435 133 309 526 178 173 329 
251 351 596 200 399 380 0 586 235 599 570 337 479 499 525 0 291 555 350 514 241 103 307 435 133 309 526 178 173 329 
251 351 596 200 399 380 259 0 235 599 570 337 479 499 525 0 291 555 350 514 241 103 307 435 133 309 526 178 173 329 
251 351 596 200 399 380 259 586 235 0 570 337 479 499 525 0 291 555 350 514 241 103 307 435 133 309 526 178 173 329 
251 351 596 200 399 380 259 586 235 599 570 337 479 499 525 0 291 555 350 514 241 103 0 435 133 309 526 178 173 329 
251 351 596 200 399 380 259 586 235 0 570 337 479 499 525 0 291 555 350 514 241 103 307 435 133 309 526 178 173 329 
251 351 596 200 399 380 259 586 235 599 570 337 479 499 525 0 291 555 350 514 241 103 307 435 133 309 526 178 0 329 
251 351 596 200 399 380 259 586 235 599 570 337 479 499 525 0 291 555 350 514 0 103 307 435 133 309 526 178 173 329 
251 351 596 200 399 380 259 586 235 599 0 337 479 499 525 0 291 555 350 514 241 103 307 435 133 309 526 178 173 329 
251 351 596 200 399 380 259 586 235 599 570 337 0 499 525 0 291 555 350 514 241 103 307 435 133 309 526 178 173 329 
251 351 596 200 399 380 259 586 235 599 570 337 479 499 525 0 291 555 350 514 241 103 307 435 133 309 526 178 173 0 
251 351 596 0 399 380 259 586 235 599 570 337 479 499 525 0 291 555 350 514 241 103 307 435 133 309 526 178 173 329 
251 351 0 200 399 380 259 586 235 599 570 337 479 499 525 0 291 555 350 514 241 103 307 435 133 309 526 178 173 329 
507 396 168 280 469 308 582 411 196 112 409 183 114 511 570 291 0 327 416 426 433 484 410 313 355 0 491 235 244 339 
507 396 168 280 0 308 582 411 196 112 409 183 114 511 570 291 0 327 416 426 433 484 410 313 355 589 491 235 244 339 
507 396 168 280 469 308 582 411 196 112 409 183 114 511 570 291 0 327 416 426 433 484 410 313 0 589 491 235 244 339 
507 396 168 0 469 308 582 411 196 112 409 183 114 511 570 291 0 327 416 426 433 484 410 313 355 589 491 235 244 339 
507 396 168 280 469 308 582 411 196 112 409 183 114 511 0 291 0 327 416 426 433 484 410 313 355 589 491 235 244 339 
507 0 168 280 469 308 582 411 196 112 409 183 114 511 570 291 0 327 416 426 433 484 410 313 355 589 491 235 244 339 
507 396 168 0 469 308 582 411 196 112 409 183 114 511 570 291 0 327 416 426 433 484 410 313 355 589 491 235 244 339 
507 396 168 280 469 308 582 411 196 112 409 183 114 511 570 291 0 327 416 426 433 484 410 313 355 0 491 235 244 339 
507 396 168 280 469 308 582 411 196 112 409 0 114 511 570 291 0 327 416 426 433 484 410 313 355 589 491 235 244 339 
507 396 168 280 0 308 582 411 196 112 409 183 114 511 570 291 0 327 416 426 433 484 410 313 355 589 491 235 244 339 
507 396 168 280 469 308 582 411 196 112 409 0 114 511 570 291 0 327 416 426 433 484 410 313 355 589 491 235 244 339 
507 396 168 280 469 308 582 0 196 112 409 183 114 511 570 291 0 327 416 426 433 484 410 313 355 589 491 235 244 339 
507 396 168 280 469 308 582 411 196 112 409 183 0 511 570 291 0 327 416 426 433 484 410 313 355 589 491 235 244 339 
513 541 353 196 307 118 411 335 248 525 396 379 146 464 483 555 327 0 592 0 229 132 135 299 482 293 377 397 217 318 
513 541 353 196 307 118 0 335 248 525 396 379 146 464 483 555 327 0 592 213 229 132 135 299 482 293 377 397 217 318 
513 541 353 196 307 0 411 335 248 525 396 379 146 464 483 555 327 0 592 213 229 132 135 299 482 293 377 397 217 318 
513 541 353 196 307 118 411 335 0 525 396 379 146 464 483 555 327 0 592 213 229 132 135 299 482 293 377 397 217 318 
513 541 353 196 307 118 411 335 248 525 396 379 146 464 483 555 327 0 592 213 0 132 135 299 482 293 377 397 217 318 
254 325 444 571 586 345 482 562 517 196 179 262 491 478 369 350 416 592 0 123 468 338 122 176 448 0 368 330 486 440 
254 325 444 571 0 345 482 562 517 196 179 262 491 478 369 350 416 592 0 123 468 338 122 176 448 349 368 330 486 440 
254 325 444 571 0 345 482 562 517 196 179 262 491 478 369 350 416 592 0 123 468 338 122 176 448 349 368 330 486 440 
254 325 444 571 586 345 482 562 517 196 179 262 491 478 369 350 416 592 0 123 468 338 122 176 448 349 368 330 486 0 
254 325 444 571 586 345 482 562 517 196 179 262 491 0 369 350 416 592 0 123 468 338 122 176 448 349 368 330 486 440 
254 325 444 571 586 345 0 562 517 196 179 262 491 478 369 350 416 592 0 123 468 338 122 176 448 349 368 330 486 440 
254 325 444 571 586 345 482 0 517 196 179 262 491 478 369 350 416 592 0 123 468 338 122 176 448 349 368 330 486 440 
254 325 444 571 586 345 482 562 517 196 179 262 491 478 369 350 0 592 0 123 468 338 122 176 448 349 368 330 486 440 
357 174 507 205 357 132 405 116 264 499 547 512 458 250 260 514 426 213 123 0 345 382 150 576 465 497 111 0 482 133 
357 0 507 205 357 132 405 116 264 499 547 512 458 250 260 514 426 213 123 0 345 382 150 576 465 497 111 507 482 133 
357 174 507 205 357 132 405 116 264 499 547 512 458 250 260 514 0 213 123 0 345 382 150 576 465 497 111 507 482 133 
357 174 507 205 357 132 405 116 264 499 547 512 458 250 260 514 426 213 123 0 345 382 0 576 465 497 111 507 482 133 
357 174 507 205 357 132 405 116 264 499 547 512 458 250 260 514 426 213 123 0 345 382 150 576 465 497 111 507 482 0 
357 0 507 205 357 132 405 116 264 499 547 512 458 250 260 514 426 213 123 0 345 382 150 576 465 497 111 507 482 133 
357 174 507 205 357 132 405 116 264 499 547 512 458 250 260 0 426 213 123 0 345 382 150 576 465 497 111 507 482 133 
598 130 316 293 255 364 532 565 443 386 511 159 250 437 406 241 433 229 0 345 0 249 460 278 530 361 558 130 151 367 
598 130 316 293 255 364 532 565 443 386 511 159 250 437 406 241 433 229 468 0 0 249 460 278 530 361 558 130 151 367 
598 130 316 293 255 364 532 565 443 386 511 159 250 437 406 241 433 229 468 345 0 249 460 278 530 361 558 0 151 367 
598 130 316 293 255 364 532 565 443 386 511 159 250 437 406 241 433 229 468 345 0 249 0 278 530 361 558 130 151 367 
598 130 316 293 255 364 532 565 443 386 511 159 250 437 406 241 433 229 468 345 0 249 460 0 530 361 558 130 151 367 
598 130 316 293 255 364 532 565 443 386 511 159 0 437 406 241 433 229 468 345 0 249 460 278 530 361 558 130 151 367 
598 130 316 293 255 364 532 565 0 386 511 159 250 437 406 241 433 229 468 345 0 249 460 278 530 361 558 130 151 367 
598 130 316 293 255 0 532 565 443 386 511 159 250 437 406 241 433 229 468 345 0 249 460 278 530 361 558 130 151 367 
598 130 316 293 255 364 532 565 443 386 511 159 250 437 0 241 433 229 468 345 0 249 460 278 530 361 558 130 151 367 
598 130 316 293 255 364 532 565 443 386 511 159 250 437 406 241 433 229 468 345 0 249 460 278 530 361 558 130 0 367 
598 130 316 293 255 364 532 565 443 386 511 159 250 437 406 241 433 229 468 345 0 249 460 278 530 0 558 130 151 367 
598 0 316 293 255 364 532 565 443 386 511 159 250 437 406 241 433 229 468 345 0 249 460 278 530 361 558 130 151 367 
598 130 316 293 255 364 532 565 443 386 511 159 250 437 406 241 433 229 468 345 0 249 460 278 530 361 558 0 151 367 
598 130 316 293 255 364 532 565 443 386 511 0 250 437 406 241 433 229 468 345 0 249 460 278 530 361 558 130 151 367 
281 0 158 549 329 425 150 346 123 211 103 193 209 581 376 103 484 132 338 382 249 0 210 290 277 510 201 401 339 150 
281 566 158 549 329 425 150 346 123 0 103 193 209 581 376 103 484 132 338 382 249 0 210 290 277 510 201 401 339 150 
281 566 158 549 329 425 150 346 123 211 103 0 209 581 376 103 484 132 338 382 249 0 210 290 277 510 201 401 339 150 
281 566 158 549 329 425 150 346 123 211 103 193 0 581 376 103 484 132 338 382 249 0 210 290 277 510 201 401 339 150 
281 566 158 549 0 425 150 346 123 211 103 193 209 581 376 103 484 132 338 382 249 0 210 290 277 510 201 401 339 150 
281 566 158 549 329 425 150 346 123 211 103 193 209 581 376 103 484 0 338 382 249 0 210 290 277 510 201 401 339 150 
281 566 158 549 329 425 150 346 123 211 103 193 209 581 376 103 484 132 0 382 249 0 210 290 277 510 201 401 339 150 
281 566 158 549 329 425 150 346 123 211 103 0 209 581 376 103 484 132 338 382 249 0 210 290 277 510 201 401 339 150 
315 280 569 370 394 472 533 144 285 251 175 428 283 363 539 307 410 135 0 150 460 210 0 155 515 122 163 407 414 468 
315 280 569 370 394 472 0 144 285 251 175 428 283 363 539 307 410 135 122 150 460 210 0 155 515 122 163 407 414 468 
315 280 569 370 394 472 533 144 285 251 175 428 283 363 539 0 410 135 122 150 460 210 0 155 515 122 163 407 414 468 
315 280 569 370 394 472 533 144 285 251 175 428 283 363 539 307 410 135 122 150 460 210 0 155 515 122 0 407 414 468 
315 280 569 370 394 472 533 144 285 251 175 428 283 363 539 307 410 135 122 150 460 210 0 0 515 122 163 407 414 468 
315 0 569 370 394 472 533 144 285 251 175 428 283 363 539 307 410 135 122 150 460 210 0 155 515 122 163 407 414 468 
315 280 569 370 394 472 533 144 285 251 175 428 283 363 539 307 410 135 122 150 460 210 0 155 515 122 163 0 414 468 
315 280 569 370 394 472 533 144 285 251 175 428 283 0 539 307 410 135 122 150 460 210 0 155 515 122 163 407 414 468 
0 280 569 370 394 472 533 144 285 251 175 428 283 363 539 307 410 135 122 150 460 210 0 155 515 122 163 407 414 468 
315 280 569 0 394 472 533 144 285 251 175 428 283 363 539 307 410 135 122 150 460 210 0 155 515 122 163 407 414 468 
315 280 569 370 394 472 533 144 285 251 175 428 283 363 539 307 410 135 122 150 0 210 0 155 515 122 163 407 414 468 
315 280 569 370 394 472 533 144 285 251 175 428 283 363 539 307 410 0 122 150 460 210 0 155 515 122 163 407 414 468 
315 280 569 370 0 472 533 144 285 251 175 428 283 363 539 307 410 135 122 150 460 210 0 155 515 122 163 407 414 468 
315 280 569 370 394 472 533 0 285 251 175 428 283 363 539 307 410 135 122 150 460 210 0 155 515 122 163 407 414 468 
315 280 569 370 394 472 533 0 285 251 175 428 283 363 539 307 410 135 122 150 460 210 0 155 515 122 163 407 414 468 
341 318 503 521 325 472 502 343 392 393 564 396 474 300 521 435 313 299 176 576 278 290 155 0 443 155 276 0 504 526 
341 318 503 521 325 472 502 343 392 393 564 396 474 300 521 435 313 299 176 576 278 290 155 0 443 0 276 244 504 526 
0 318 503 521 325 472 502 343 392 393 564 396 474 300 521 435 313 299 176 576 278 290 155 0 443 155 276 244 504 526 
