30 223 5

0 147 420 292 457 135 617 230 565 578 249 502 368 641 158 398 571 557 618 539 279 117 110 636 569 699 517 202 464 148 
147 0 360 289 231 489 414 635 483 443 263 374 122 219 557 484 142 200 184 489 549 529 492 282 294 330 250 632 546 131 
420 360 0 480 227 501 164 381 331 224 621 405 354 516 673 605 302 628 331 484 354 463 561 295 356 305 261 511 681 558 
292 289 480 0 467 488 125 258 404 169 591 448 640 467 232 140 395 479 604 583 254 441 369 127 494 131 220 528 186 583 
457 231 227 467 0 164 651 309 613 110 202 284 501 695 245 234 514 320 468 254 364 347 281 102 455 620 624 509 117 147 
135 489 501 488 164 0 247 608 597 254 476 422 246 116 128 317 268 276 542 178 661 347 287 664 641 308 581 226 396 609 
617 414 164 125 651 247 0 466 595 538 152 300 562 157 130 447 196 422 109 240 297 510 336 386 425 639 615 295 503 572 
230 635 381 258 309 608 466 0 220 331 411 185 597 608 502 129 526 346 406 122 611 103 434 199 543 413 263 530 539 687 
565 483 331 404 613 597 595 220 0 208 627 686 389 684 402 506 392 201 245 551 375 431 382 417 688 264 436 373 382 299 
578 443 224 169 110 254 538 331 208 0 237 497 540 351 501 361 667 117 637 525 534 590 499 503 215 291 297 427 589 300 
249 263 621 591 202 476 152 411 627 237 0 413 104 277 104 261 691 690 251 284 178 643 646 125 654 471 447 251 121 303 
502 374 405 448 284 422 300 185 686 497 413 0 425 187 655 128 215 600 482 123 578 496 477 627 475 559 450 371 137 128 
368 122 354 640 501 246 562 597 389 540 104 425 0 295 481 307 403 314 123 338 200 462 156 686 247 622 403 417 169 349 
641 219 516 467 695 116 157 608 684 351 277 187 295 0 649 232 182 616 661 125 380 308 485 570 288 481 243 336 429 504 
158 557 673 232 245 128 130 502 402 501 104 655 481 649 0 394 405 646 249 179 500 417 308 560 302 131 145 484 191 458 
398 484 605 140 234 317 447 129 506 361 261 128 307 232 394 0 188 622 340 146 248 152 663 479 564 536 205 604 506 386 
571 142 302 395 514 268 196 526 392 667 691 215 403 182 405 188 0 551 119 124 215 484 657 130 143 512 301 558 479 645 
557 200 628 479 320 276 422 346 201 117 690 600 314 616 646 622 551 0 587 201 606 384 338 398 402 335 624 116 274 678 
618 184 331 604 468 542 109 406 245 637 251 482 123 661 249 340 119 587 0 207 465 503 176 415 137 444 675 153 214 255 
539 489 484 583 254 178 240 122 551 525 284 123 338 125 179 146 124 201 207 0 420 695 177 587 362 334 615 163 182 261 
279 549 354 254 364 661 297 611 375 534 178 578 200 380 500 248 215 606 465 420 0 240 517 344 653 184 561 517 196 360 
117 529 463 441 347 347 510 103 431 590 643 496 462 308 417 152 484 384 503 695 240 0 197 332 319 631 302 328 172 153 
110 492 561 369 281 287 336 434 382 499 646 477 156 485 308 663 657 338 176 177 517 197 0 245 591 186 450 435 154 669 
636 282 295 127 102 664 386 199 417 503 125 627 686 570 560 479 130 398 415 587 344 332 245 0 444 491 277 569 691 307 
569 294 356 494 455 641 425 543 688 215 654 475 247 288 302 564 143 402 137 362 653 319 591 444 0 230 171 202 621 402 
699 330 305 131 620 308 639 413 264 291 471 559 622 481 131 536 512 335 444 334 184 631 186 491 230 0 175 663 472 555 
517 250 261 220 624 581 615 263 436 297 447 450 403 243 145 205 301 624 675 615 561 302 450 277 171 175 0 345 185 686 
202 632 511 528 509 226 295 530 373 427 251 371 417 336 484 604 558 116 153 163 517 328 435 569 202 663 345 0 134 627 
464 546 681 186 117 396 503 539 382 589 121 137 169 429 191 506 479 274 214 182 196 172 154 691 621 472 185 134 0 370 
148 131 558 583 147 609 572 687 299 300 303 128 349 504 458 386 645 678 255 261 360 153 669 307 402 555 686 627 370 0 

0 73 40 66 53 96 39 95 25 51 75 33 82 49 90 34 50 53 33 33 98 97 66 23 34 56 30 82 58 96 
73 0 90 97 71 43 47 29 50 49 89 72 66 67 25 30 74 70 70 52 44 49 46 97 61 69 98 55 42 73 
40 90 0 23 94 48 87 33 94 82 31 50 62 27 21 40 62 35 73 29 85 46 59 80 80 88 81 40 24 53 
66 97 23 0 39 57 71 77 34 63 30 28 41 47 62 80 48 37 33 59 66 56 60 81 50 98 68 59 62 52 
53 71 94 39 0 65 26 89 54 99 87 60 27 48 70 96 35 88 36 90 98 85 85 99 22 42 32 43 61 86 
96 43 48 57 65 0 63 50 45 69 45 27 62 60 60 69 90 95 55 78 36 88 74 31 54 94 34 94 44 56 
39 47 87 71 26 63 0 22 44 46 92 76 36 84 73 49 84 57 93 64 92 50 76 52 48 32 46 73 43 32 
95 29 33 77 89 50 22 0 83 76 50 92 29 50 42 83 42 70 31 91 37 76 42 71 48 27 93 35 48 32 
25 50 94 34 54 45 44 83 0 70 52 45 21 31 21 21 48 70 92 20 63 38 35 33 42 96 50 64 49 87 
51 49 82 63 99 69 46 76 70 0 65 39 20 95 27 96 42 81 47 26 56 46 24 44 99 85 68 55 33 91 
75 89 31 30 87 45 92 50 52 65 0 58 63 74 62 84 38 52 86 84 77 36 49 75 56 56 57 61 60 88 
33 72 50 28 60 27 76 92 45 39 58 0 27 88 47 78 79 50 20 83 55 58 42 24 54 39 48 94 71 70 
82 66 62 41 27 62 36 29 21 20 63 27 0 96 21 71 23 61 97 64 86 26 67 59 95 48 28 32 74 75 
49 67 27 47 48 60 84 50 31 95 74 88 96 0 36 69 79 42 56 73 59 97 57 44 72 53 81 69 50 59 
90 25 21 62 70 60 73 42 21 27 62 47 21 36 0 33 47 38 85 62 57 29 74 35 89 78 65 23 68 26 
34 30 40 80 96 69 49 83 21 96 84 78 71 69 33 0 74 22 68 65 73 94 46 26 55 24 63 31 23 22 
50 74 62 48 35 90 84 42 48 42 38 79 23 79 47 74 0 20 87 98 60 26 21 64 87 32 93 52 34 47 
53 70 35 37 88 95 57 70 70 81 52 50 61 42 38 22 20 0 55 66 31 26 68 55 50 88 29 69 89 52 
33 70 73 33 36 55 93 31 92 47 86 20 97 56 85 68 87 55 0 60 50 32 85 42 84 34 47 79 99 89 
33 52 29 59 90 78 64 91 20 26 84 83 64 73 62 65 98 66 60 0 53 55 67 38 88 66 52 92 73 92 
98 44 85 66 98 36 92 37 63 56 77 55 86 59 57 73 60 31 50 53 0 87 31 87 51 88 26 38 96 67 
97 49 46 56 85 88 50 76 38 46 36 58 26 97 29 94 26 26 32 55 87 0 86 92 68 36 94 81 67 79 
66 46 59 60 85 74 76 42 35 24 49 42 67 57 74 46 21 68 85 67 31 86 0 87 50 78 32 38 74 34 
23 97 80 81 99 31 52 71 33 44 75 24 59 44 35 26 64 55 42 38 87 92 87 0 49 33 62 46 30 79 
34 61 80 50 22 54 48 48 42 99 56 54 95 72 89 55 87 50 84 88 51 68 50 49 0 99 75 69 35 47 
56 69 88 98 42 94 32 27 96 85 56 39 48 53 78 24 32 88 34 66 88 36 78 33 99 0 60 31 51 56 
30 98 81 68 32 34 46 93 50 68 57 48 28 81 65 63 93 29 47 52 26 94 32 62 75 60 0 76 78 32 
82 55 40 59 43 94 73 35 64 55 61 94 32 69 23 31 52 69 79 92 38 81 38 46 69 31 76 0 77 22 
58 42 24 62 61 44 43 48 49 33 60 71 74 50 68 23 34 89 99 73 96 67 74 30 35 51 78 77 0 91 
96 73 53 52 86 56 32 32 87 91 88 70 75 59 26 22 47 52 89 92 67 79 34 79 47 56 32 22 91 0 

408.0 222.0 1 18
306.0 124.0 1 24
510.0 288.0 1 23
305.0 285.0 1 30
305.0 336.0 1 21
349.0 312.0 1 28
262.0 306.0 1 23
349.0 163.0 1 16
408.0 319.0 1 26
524.0 237.0 2 25
305.0 273.0 2 18
408.0 189.0 2 29
524.0 399.0 2 19
262.0 210.0 2 19
262.0 330.0 2 28
408.0 87.0 3 20
349.0 264.0 3 26
262.0 328.0 3 19
357.0 267.0 3 27
262.0 180.0 3 28
510.0 480.0 3 25
408.0 186.0 3 17
306.0 328.0 3 19
393.0 480.0 3 25
466.0 291.0 4 24
459.0 111.0 4 18
408.0 230.0 4 17
437.0 318.0 4 20
583.0 265.0 4 30
349.0 459.0 5 23
408.0 331.0 5 23
437.0 294.0 5 21
408.0 594.0 5 24
393.0 140.0 5 19
262.0 290.0 5 18
408.0 226.0 5 26
466.0 360.0 6 15
349.0 444.0 6 23
524.0 541.0 6 18
357.0 142.0 6 27
306.0 178.0 6 25
466.0 530.0 7 19
262.0 210.0 7 1
357.0 294.0 7 16
393.0 386.0 7 21
510.0 273.0 7 18
349.0 324.0 7 18
349.0 296.0 7 24
305.0 154.0 7 29
306.0 285.0 7 22
305.0 154.0 7 29
306.0 518.0 8 20
510.0 153.0 8 30
408.0 201.0 8 17
305.0 187.0 8 25
349.0 234.0 8 24
408.0 399.0 8 18
583.0 63.0 9 16
459.0 239.0 9 25
524.0 307.0 9 28
524.0 201.0 9 17
408.0 264.0 9 21
262.0 69.0 9 15
408.0 364.0 9 28
349.0 273.0 9 17
262.0 417.0 9 30
583.0 126.0 9 16
524.0 224.0 10 27
510.0 211.0 10 24
262.0 491.0 10 30
459.0 248.0 10 22
349.0 124.0 10 20
393.0 168.0 10 21
583.0 300.0 11 21
393.0 292.0 11 28
437.0 297.0 11 15
466.0 252.0 11 25
459.0 327.0 11 16
583.0 302.0 11 26
349.0 504.0 11 16
466.0 210.0 12 18
459.0 282.0 12 28
510.0 163.0 12 23
262.0 282.0 12 15
357.0 237.0 12 17
466.0 310.0 12 28
524.0 338.0 12 28
305.0 165.0 12 18
437.0 158.0 12 27
357.0 138.0 12 23
437.0 369.0 13 1
262.0 421.0 13 29
408.0 288.0 13 26
524.0 427.0 13 25
393.0 369.0 13 1
393.0 194.0 14 21
357.0 249.0 14 1
583.0 264.0 14 1
459.0 364.0 14 27
349.0 224.0 14 24
262.0 254.0 14 26
349.0 150.0 14 29
357.0 184.0 14 24
357.0 461.0 14 27
408.0 324.0 15 1
357.0 158.0 15 16
393.0 333.0 15 23
349.0 214.0 15 27
357.0 342.0 15 21
459.0 326.0 15 29
357.0 357.0 15 19
408.0 273.0 15 21
408.0 124.0 16 29
357.0 92.0 16 30
349.0 89.0 16 29
349.0 93.0 16 26
408.0 276.0 16 23
524.0 310.0 16 17
262.0 220.0 16 23
393.0 390.0 16 20
459.0 310.0 16 22
357.0 102.0 16 1
305.0 60.0 17 18
349.0 287.0 17 19
408.0 183.0 17 15
583.0 163.0 17 29
510.0 93.0 17 22
306.0 172.0 17 26
524.0 230.0 17 24
466.0 78.0 17 22
408.0 529.0 17 20
583.0 588.0 17 20
262.0 422.0 18 26
408.0 176.0 18 21
459.0 267.0 18 29
466.0 234.0 18 30
466.0 318.0 18 1
357.0 343.0 18 26
524.0 193.0 18 15
437.0 433.0 19 23
437.0 198.0 19 1
262.0 450.0 19 28
393.0 445.0 19 29
408.0 165.0 19 21
305.0 240.0 19 21
524.0 474.0 19 28
583.0 168.0 19 1
583.0 484.0 19 15
510.0 297.0 20 15
510.0 249.0 20 27
510.0 475.0 20 25
306.0 390.0 20 16
357.0 288.0 20 19
459.0 396.0 20 26
393.0 216.0 20 19
306.0 187.0 20 27
459.0 139.0 21 23
306.0 470.0 21 1
357.0 120.0 21 23
349.0 183.0 21 25
357.0 261.0 21 22
583.0 120.0 21 18
408.0 378.0 22 1
459.0 461.0 22 28
524.0 437.0 22 28
349.0 109.0 22 18
466.0 361.0 22 29
408.0 96.0 23 27
466.0 396.0 23 1
510.0 357.0 23 19
408.0 361.0 23 22
262.0 331.0 23 19
306.0 193.0 23 16
583.0 90.0 24 29
510.0 384.0 24 17
583.0 552.0 24 22
357.0 303.0 24 22
349.0 109.0 24 16
306.0 255.0 25 18
349.0 126.0 25 29
357.0 428.0 25 19
583.0 165.0 25 16
262.0 297.0 25 16
524.0 285.0 25 18
306.0 302.0 26 1
437.0 120.0 26 28
408.0 142.0 26 19
305.0 168.0 26 24
262.0 129.0 26 16
524.0 176.0 26 28
393.0 351.0 26 15
459.0 214.0 26 29
393.0 201.0 26 1
306.0 264.0 26 18
357.0 337.0 27 25
305.0 171.0 27 20
349.0 113.0 27 18
262.0 174.0 27 18
437.0 282.0 27 22
583.0 468.0 27 29
408.0 153.0 27 1
408.0 144.0 27 1
437.0 163.0 27 23
349.0 310.0 27 22
466.0 364.0 28 27
349.0 130.0 28 26
408.0 89.0 28 15
306.0 182.0 28 23
524.0 437.0 28 22
408.0 290.0 29 26
305.0 333.0 29 23
357.0 191.0 29 1
510.0 90.0 29 24
349.0 193.0 29 17
408.0 373.0 30 19
459.0 534.0 30 19
583.0 237.0 30 22
459.0 235.0 30 26
466.0 432.0 30 1
262.0 171.0 30 18
349.0 66.0 30 16
510.0 327.0 30 29
583.0 163.0 30 27

0 14 168 116 59 81 28 132 44 155 49 27 159 150 94 26 57 0 28 114 167 11 66 35 161 57 121 20 52 59 
0 14 168 116 59 81 28 132 44 155 49 27 159 150 94 26 57 63 28 114 167 11 66 0 161 57 121 20 52 59 
0 14 168 116 59 81 28 132 44 155 49 27 159 150 94 26 57 63 28 114 167 11 0 35 161 57 121 20 52 59 
0 14 168 116 59 81 28 132 44 155 49 27 159 150 94 26 57 63 28 114 167 11 66 35 161 57 121 20 52 0 
0 14 168 116 59 81 28 132 44 155 49 27 159 150 94 26 57 63 28 114 0 11 66 35 161 57 121 20 52 59 
0 14 168 116 59 81 28 132 44 155 49 27 159 150 94 26 57 63 28 114 167 11 66 35 161 57 121 0 52 59 
0 14 168 116 59 81 28 132 44 155 49 27 159 150 94 26 57 63 28 114 167 11 0 35 161 57 121 20 52 59 
0 14 168 116 59 81 28 132 44 155 49 27 159 150 94 0 57 63 28 114 167 11 66 35 161 57 121 20 52 59 
0 14 168 116 59 81 28 132 44 155 49 27 159 150 94 26 57 63 28 114 167 11 66 35 161 0 121 20 52 59 
58 0 216 28 92 48 248 254 48 265 26 74 24 87 222 193 28 40 36 97 109 211 49 28 0 33 150 63 218 78 
58 0 216 28 92 48 248 254 48 265 26 74 24 87 222 193 28 0 36 97 109 211 49 28 29 33 150 63 218 78 
58 0 216 28 92 48 248 254 48 265 26 74 24 87 222 193 28 40 36 97 109 211 49 28 29 33 150 63 0 78 
58 0 216 28 92 48 248 254 48 265 26 74 24 87 222 193 28 40 0 97 109 211 49 28 29 33 150 63 218 78 
58 0 216 28 92 48 248 254 48 265 26 74 24 87 222 193 28 40 0 97 109 211 49 28 29 33 150 63 218 78 
58 0 216 28 92 48 248 254 48 265 26 74 24 87 222 193 28 40 36 97 109 211 49 28 29 33 150 0 218 78 
168 144 0 96 136 50 65 228 198 22 62 81 141 309 67 60 120 125 198 0 212 277 56 118 213 61 156 306 136 55 
168 144 0 96 136 50 65 228 198 22 62 81 141 309 67 60 120 125 198 193 212 277 56 118 213 0 156 306 136 55 
168 144 0 96 136 50 65 228 198 22 62 81 141 309 67 60 120 125 0 193 212 277 56 118 213 61 156 306 136 55 
168 144 0 96 136 50 65 228 198 22 62 81 141 309 67 60 120 125 198 193 212 277 56 118 213 61 0 306 136 55 
168 144 0 96 136 50 65 228 198 22 62 81 141 309 67 60 120 125 198 193 212 277 56 118 213 61 156 0 136 55 
168 144 0 96 136 50 65 228 198 22 62 81 141 309 67 60 120 125 198 193 212 277 56 118 0 61 156 306 136 55 
168 144 0 96 136 50 65 228 198 22 62 81 141 309 67 60 0 125 198 193 212 277 56 118 213 61 156 306 136 55 
168 144 0 96 136 50 65 228 198 22 62 81 141 309 67 60 120 125 0 193 212 277 56 118 213 61 156 306 136 55 
168 144 0 96 136 50 65 228 198 22 62 81 141 309 67 60 120 125 198 193 212 277 56 118 0 61 156 306 136 55 
58 28 48 0 46 97 75 25 242 16 354 179 384 93 46 84 237 47 362 349 25 264 221 0 296 26 132 211 74 349 
58 28 48 0 46 97 75 25 242 16 354 179 384 93 46 84 237 0 362 349 25 264 221 12 296 26 132 211 74 349 
58 28 48 0 46 97 75 25 242 16 354 179 384 93 46 84 0 47 362 349 25 264 221 12 296 26 132 211 74 349 
58 28 48 0 46 97 75 25 242 16 354 179 384 93 46 84 237 47 362 0 25 264 221 12 296 26 132 211 74 349 
58 28 48 0 46 97 75 25 242 16 354 179 384 93 46 84 237 47 362 349 25 264 221 12 296 26 132 211 74 0 
182 92 90 93 0 98 65 185 61 11 80 113 100 417 49 23 205 128 46 152 145 208 0 20 182 124 249 203 11 14 
182 92 90 93 0 98 65 185 61 11 80 113 100 417 49 23 205 128 46 152 145 208 0 20 182 124 249 203 11 14 
182 92 90 93 0 98 65 185 61 11 80 113 100 417 49 23 205 128 46 152 0 208 28 20 182 124 249 203 11 14 
182 92 90 93 0 98 65 185 61 11 80 113 100 417 49 23 205 128 46 152 145 208 28 0 182 124 249 203 11 14 
182 92 90 93 0 98 65 185 61 11 80 113 100 417 49 23 205 128 0 152 145 208 28 20 182 124 249 203 11 14 
182 92 90 93 0 98 65 185 61 11 80 113 100 417 49 23 205 0 46 152 145 208 28 20 182 124 249 203 11 14 
182 92 90 93 0 98 65 185 61 11 80 113 100 417 49 23 205 128 46 152 145 208 28 20 182 0 249 203 11 14 
81 195 100 292 98 0 49 243 358 25 47 168 24 11 0 190 160 55 108 71 264 208 114 66 64 61 58 135 158 365 
81 195 100 292 98 0 49 243 358 25 47 168 24 11 25 190 160 55 108 71 264 208 0 66 64 61 58 135 158 365 
81 195 100 292 98 0 49 243 358 25 47 168 24 11 25 190 160 0 108 71 264 208 114 66 64 61 58 135 158 365 
81 195 100 292 98 0 49 243 358 25 47 168 24 11 25 190 160 55 108 71 264 208 114 66 64 61 0 135 158 365 
81 195 100 292 98 0 49 243 358 25 47 168 24 11 25 190 160 55 108 71 264 208 114 66 0 61 58 135 158 365 
246 165 32 25 390 148 0 186 357 322 15 120 112 94 13 44 39 253 0 48 29 102 134 154 85 383 369 118 301 57 
0 165 32 25 390 148 0 186 357 322 15 120 112 94 13 44 39 253 43 48 29 102 134 154 85 383 369 118 301 57 
246 165 32 25 390 148 0 186 357 322 15 120 112 94 13 0 39 253 43 48 29 102 134 154 85 383 369 118 301 57 
246 165 32 25 390 148 0 186 357 322 15 120 112 94 13 44 39 253 43 48 0 102 134 154 85 383 369 118 301 57 
246 165 32 25 390 148 0 186 357 322 15 120 112 94 13 44 39 0 43 48 29 102 134 154 85 383 369 118 301 57 
246 165 32 25 390 148 0 186 357 322 15 120 112 94 13 44 39 0 43 48 29 102 134 154 85 383 369 118 301 57 
246 165 32 25 390 148 0 186 357 322 15 120 112 94 13 44 39 253 43 48 29 102 134 0 85 383 369 118 301 57 
246 165 32 25 390 148 0 186 357 322 15 120 112 94 13 44 39 253 43 48 29 102 134 154 85 383 369 118 0 57 
246 165 32 25 390 148 0 186 357 322 15 120 112 94 13 44 39 253 43 48 29 0 134 154 85 383 369 118 301 57 
246 165 32 25 390 148 0 186 357 322 15 120 112 94 13 44 39 253 43 48 29 102 134 154 85 383 369 118 0 57 
46 254 76 25 61 364 46 0 88 132 41 111 358 364 100 77 210 207 243 0 61 61 86 19 217 165 26 212 323 68 
46 254 76 25 61 364 46 0 88 132 41 111 358 364 100 77 210 207 243 12 61 61 86 19 217 165 26 212 323 0 
46 254 76 25 61 364 46 0 88 132 41 111 358 364 100 77 0 207 243 12 61 61 86 19 217 165 26 212 323 68 
46 254 76 25 61 364 46 0 88 132 41 111 358 364 100 77 210 207 243 12 61 61 86 19 0 165 26 212 323 68 
46 254 76 25 61 364 46 0 88 132 41 111 358 364 100 77 210 207 243 12 61 61 86 0 217 165 26 212 323 68 
46 254 76 25 61 364 46 0 88 132 41 111 358 364 100 77 210 0 243 12 61 61 86 19 217 165 26 212 323 68 
226 289 198 80 367 358 59 22 0 83 250 68 233 273 80 0 156 20 98 55 75 258 38 250 412 105 261 149 229 119 
226 289 198 80 367 358 59 22 0 83 250 68 233 273 80 101 156 20 98 55 75 258 38 250 0 105 261 149 229 119 
226 289 198 80 367 358 59 22 0 83 250 68 233 273 80 101 156 20 98 55 75 258 38 250 412 105 261 0 229 119 
226 289 198 80 367 358 59 22 0 83 250 68 233 273 80 101 0 20 98 55 75 258 38 250 412 105 261 149 229 119 
226 289 198 80 367 358 59 22 0 83 250 68 233 273 80 101 156 20 98 55 0 258 38 250 412 105 261 149 229 119 
226 289 198 80 367 358 59 22 0 83 250 68 233 273 0 101 156 20 98 55 75 258 38 250 412 105 261 149 229 119 
226 289 198 80 367 358 59 22 0 83 250 68 233 273 80 101 156 20 98 55 75 258 38 250 412 105 261 0 229 119 
226 289 198 80 367 358 59 22 0 83 250 68 233 273 80 101 0 20 98 55 75 258 38 250 412 105 261 149 229 119 
226 289 198 80 367 358 59 22 0 83 250 68 233 273 80 101 156 20 98 55 75 258 38 250 412 105 261 149 229 0 
226 289 198 80 367 358 59 22 0 83 250 68 233 273 80 0 156 20 98 55 75 258 38 250 412 105 261 149 229 119 
231 265 22 67 11 50 322 33 83 0 94 99 216 35 100 36 133 70 127 105 213 354 49 301 21 58 0 170 117 120 
231 265 22 67 11 50 322 33 83 0 94 99 216 35 100 36 133 70 127 105 213 354 49 0 21 58 29 170 117 120 
231 265 22 67 11 50 322 33 83 0 94 99 216 35 100 36 133 70 127 105 213 354 49 301 21 58 29 170 117 0 
231 265 22 67 11 50 322 33 83 0 94 99 216 35 100 36 133 70 127 105 213 0 49 301 21 58 29 170 117 120 
231 265 22 67 11 50 322 33 83 0 94 99 216 35 100 36 133 70 127 0 213 354 49 301 21 58 29 170 117 120 
231 265 22 67 11 50 322 33 83 0 94 99 216 35 100 36 133 70 127 105 0 354 49 301 21 58 29 170 117 120 
149 157 124 118 80 190 30 164 125 47 0 247 62 55 62 52 69 69 50 56 0 64 258 75 65 94 89 150 24 30 
149 157 124 118 80 190 30 164 125 47 0 247 62 55 62 52 69 69 50 56 106 64 258 75 65 94 89 0 24 30 
149 157 124 118 80 190 30 164 125 47 0 247 62 55 0 52 69 69 50 56 106 64 258 75 65 94 89 150 24 30 
149 157 124 118 80 190 30 164 125 47 0 247 62 55 62 52 69 69 50 56 106 64 258 75 0 94 89 150 24 30 
149 157 124 118 80 190 30 164 125 47 0 247 62 55 62 0 69 69 50 56 106 64 258 75 65 94 89 150 24 30 
149 157 124 118 80 190 30 164 125 47 0 247 62 55 62 52 69 69 50 56 106 64 258 75 65 0 89 150 24 30 
149 157 124 118 80 190 30 164 125 47 0 247 62 55 62 0 69 69 50 56 106 64 258 75 65 94 89 150 24 30 
301 37 162 268 56 42 30 74 68 49 165 0 85 74 262 76 21 0 48 24 231 198 47 125 285 55 180 37 54 76 
301 37 162 268 56 42 30 74 68 49 165 0 85 74 262 76 21 120 48 24 231 198 47 125 285 55 180 0 54 76 
301 37 162 268 56 42 30 74 68 49 165 0 85 74 262 76 21 120 48 24 231 198 0 125 285 55 180 37 54 76 
301 37 162 268 56 42 30 74 68 49 165 0 85 74 0 76 21 120 48 24 231 198 47 125 285 55 180 37 54 76 
301 37 162 268 56 42 30 74 68 49 165 0 85 74 262 76 0 120 48 24 231 198 47 125 285 55 180 37 54 76 
301 37 162 268 56 42 30 74 68 49 165 0 85 74 262 76 21 120 48 24 231 198 47 125 285 55 180 0 54 76 
301 37 162 268 56 42 30 74 68 49 165 0 85 74 262 76 21 120 48 24 231 198 47 125 285 55 180 0 54 76 
301 37 162 268 56 42 30 74 68 49 165 0 85 74 262 76 21 0 48 24 231 198 47 125 285 55 180 37 54 76 
301 37 162 268 56 42 30 74 68 49 165 0 85 74 262 76 21 120 48 24 231 198 47 125 285 55 0 37 54 76 
301 37 162 268 56 42 30 74 68 49 165 0 85 74 262 76 21 120 48 24 231 198 0 125 285 55 180 37 54 76 
0 48 35 384 50 24 337 119 77 54 20 170 0 177 48 122 241 188 24 67 120 92 15 68 98 124 80 250 16 34 
147 48 35 384 50 24 337 119 77 54 20 170 0 177 48 122 241 188 24 67 120 92 15 68 98 124 80 250 0 34 
147 48 35 384 50 24 337 119 77 54 20 170 0 177 48 122 241 188 24 67 120 92 15 68 98 0 80 250 16 34 
147 48 35 384 50 24 337 119 77 54 20 170 0 177 48 122 241 188 24 67 120 92 15 68 0 124 80 250 16 34 
0 48 35 384 50 24 337 119 77 54 20 170 0 177 48 122 241 188 24 67 120 92 15 68 98 124 80 250 16 34 
128 87 103 93 417 46 31 60 68 70 110 112 118 0 259 139 72 369 396 75 0 184 97 57 57 96 48 201 85 201 
0 87 103 93 417 46 31 60 68 70 110 112 118 0 259 139 72 369 396 75 228 184 97 57 57 96 48 201 85 201 
0 87 103 93 417 46 31 60 68 70 110 112 118 0 259 139 72 369 396 75 228 184 97 57 57 96 48 201 85 201 
128 87 103 93 417 46 31 60 68 70 110 112 118 0 259 139 72 369 396 75 228 184 97 57 57 96 0 201 85 201 
128 87 103 93 417 46 31 60 68 70 110 112 118 0 259 139 72 369 396 75 228 184 97 0 57 96 48 201 85 201 
128 87 103 93 417 46 31 60 68 70 110 112 118 0 259 139 72 369 396 75 228 184 97 57 57 0 48 201 85 201 
128 87 103 93 417 46 31 60 68 70 110 112 118 0 259 139 72 369 396 75 228 184 97 57 57 96 48 201 0 201 
128 87 103 93 417 46 31 60 68 70 110 112 118 0 259 139 72 369 396 75 228 184 97 0 57 96 48 201 85 201 
128 87 103 93 417 46 31 60 68 70 110 112 118 0 259 139 72 369 396 75 228 184 97 57 57 96 0 201 85 201 
0 111 67 139 147 51 13 301 241 100 10 131 192 259 0 78 81 258 24 35 100 41 61 224 30 13 14 48 76 91 
31 111 67 139 147 51 13 301 241 100 10 131 192 259 0 0 81 258 24 35 100 41 61 224 30 13 14 48 76 91 
31 111 67 139 147 51 13 301 241 100 10 131 192 259 0 78 81 258 24 35 100 41 0 224 30 13 14 48 76 91 
31 111 67 139 147 51 13 301 241 100 10 131 192 259 0 78 81 258 24 35 100 41 61 224 30 13 0 48 76 91 
31 111 67 139 147 51 13 301 241 100 10 131 192 259 0 78 81 258 24 35 0 41 61 224 30 13 14 48 76 91 
31 111 67 139 147 51 13 301 241 100 10 131 192 259 0 78 81 258 24 35 100 41 61 224 30 13 14 48 0 91 
31 111 67 139 147 51 13 301 241 100 10 131 192 259 0 78 81 258 0 35 100 41 61 224 30 13 14 48 76 91 
31 111 67 139 147 51 13 301 241 100 10 131 192 259 0 78 81 258 24 35 0 41 61 224 30 13 14 48 76 91 
39 193 363 84 23 126 89 25 303 36 104 76 61 46 157 0 18 373 68 58 99 60 132 47 56 53 20 241 0 231 
39 193 363 84 23 126 89 25 303 36 104 76 61 46 157 0 18 373 68 58 99 60 132 47 56 53 20 241 303 0 
39 193 363 84 23 126 89 25 303 36 104 76 61 46 157 0 18 373 68 58 99 60 132 47 56 53 20 241 0 231 
39 193 363 84 23 126 89 25 303 36 104 76 61 46 157 0 18 373 68 58 99 60 132 47 56 0 20 241 303 231 
39 193 363 84 23 126 89 25 303 36 104 76 61 46 157 0 18 373 68 58 99 60 0 47 56 53 20 241 303 231 
39 193 363 84 23 126 89 25 303 36 104 76 61 46 157 0 0 373 68 58 99 60 132 47 56 53 20 241 303 231 
39 193 363 84 23 126 89 25 303 36 104 76 61 46 157 0 18 373 68 58 99 60 0 47 56 53 20 241 303 231 
39 193 363 84 23 126 89 25 303 36 104 76 61 46 157 0 18 373 68 0 99 60 132 47 56 53 20 241 303 231 
39 193 363 84 23 126 89 25 303 36 104 76 61 46 157 0 18 373 68 58 99 0 132 47 56 53 20 241 303 231 
0 193 363 84 23 126 89 25 303 36 104 76 61 46 157 0 18 373 68 58 99 60 132 47 56 53 20 241 303 231 
342 14 30 158 205 53 39 210 39 400 138 21 241 18 243 112 0 0 47 74 43 48 394 52 85 307 120 111 47 387 
342 14 30 158 205 53 39 210 39 400 138 21 241 18 243 112 0 330 0 74 43 48 394 52 85 307 120 111 47 387 
342 14 30 158 205 53 39 210 39 400 138 21 241 18 0 112 0 330 47 74 43 48 394 52 85 307 120 111 47 387 
342 14 30 158 205 53 39 210 39 400 138 21 241 18 243 112 0 330 47 74 43 48 394 52 85 307 120 111 0 387 
342 14 30 158 205 53 39 210 39 400 138 21 241 18 243 112 0 330 47 74 43 0 394 52 85 307 120 111 47 387 
342 14 30 158 205 53 39 210 39 400 138 21 241 18 243 112 0 330 47 74 43 48 394 52 85 0 120 111 47 387 
342 14 30 158 205 53 39 210 39 400 138 21 241 18 243 112 0 330 47 74 43 48 394 0 85 307 120 111 47 387 
342 14 30 158 205 53 39 210 39 400 138 21 241 18 243 112 0 330 47 74 43 0 394 52 85 307 120 111 47 387 
342 14 30 158 205 53 39 210 39 400 138 21 241 18 243 112 0 330 47 0 43 48 394 52 85 307 120 111 47 387 
342 14 30 158 205 53 39 210 39 400 138 21 241 18 243 112 0 330 47 0 43 48 394 52 85 307 120 111 47 387 
111 40 376 287 64 165 42 138 80 46 69 120 62 246 387 124 330 0 117 20 60 153 67 39 160 0 374 46 27 135 
111 40 376 287 64 165 42 138 80 46 69 120 62 246 387 124 330 0 117 20 0 153 67 39 160 201 374 46 27 135 
111 40 376 287 64 165 42 138 80 46 69 120 62 246 387 124 330 0 117 20 60 153 67 39 160 201 374 46 0 135 
111 40 376 287 64 165 42 138 80 46 69 120 62 246 387 124 330 0 117 20 60 153 67 39 160 201 374 46 27 0 
0 40 376 287 64 165 42 138 80 46 69 120 62 246 387 124 330 0 117 20 60 153 67 39 160 201 374 46 27 135 
111 40 376 287 64 165 42 138 80 46 69 120 62 246 387 124 330 0 117 20 60 153 67 39 160 0 374 46 27 135 
111 40 376 287 64 165 42 138 80 46 69 120 62 246 0 124 330 0 117 20 60 153 67 39 160 201 374 46 27 135 
123 110 132 362 46 325 21 243 147 382 100 192 49 132 149 204 47 117 0 41 279 50 0 249 82 44 270 30 42 51 
0 110 132 362 46 325 21 243 147 382 100 192 49 132 149 204 47 117 0 41 279 50 105 249 82 44 270 30 42 51 
123 110 132 362 46 325 21 243 147 382 100 192 49 132 149 204 47 117 0 41 279 50 105 249 82 44 270 0 42 51 
123 110 132 362 46 325 21 243 147 382 100 192 49 132 149 204 47 117 0 41 279 50 105 249 82 44 270 30 0 51 
123 110 132 362 46 325 21 243 147 382 100 192 49 132 149 204 47 117 0 41 0 50 105 249 82 44 270 30 42 51 
123 110 132 362 46 325 21 243 147 382 100 192 49 132 149 204 47 117 0 41 0 50 105 249 82 44 270 30 42 51 
123 110 132 362 46 325 21 243 147 382 100 192 49 132 149 204 47 117 0 41 279 50 105 249 82 44 270 0 42 51 
0 110 132 362 46 325 21 243 147 382 100 192 49 132 149 204 47 117 0 41 279 50 105 249 82 44 270 30 42 51 
123 110 132 362 46 325 21 243 147 382 100 192 49 132 0 204 47 117 0 41 279 50 105 249 82 44 270 30 42 51 
53 48 290 58 50 17 48 48 55 210 28 49 33 12 0 87 49 120 41 0 252 69 70 234 72 33 246 16 18 26 
53 48 290 58 50 17 48 48 55 210 28 49 33 12 71 87 49 120 41 0 252 69 70 234 72 33 0 16 18 26 
53 48 290 58 50 17 48 48 55 210 28 49 33 12 71 87 49 120 41 0 252 69 70 234 0 33 246 16 18 26 
53 48 290 58 50 17 48 48 55 210 28 49 33 12 71 0 49 120 41 0 252 69 70 234 72 33 246 16 18 26 
53 48 290 58 50 17 48 48 55 210 28 49 33 12 71 87 49 120 0 0 252 69 70 234 72 33 246 16 18 26 
53 48 290 58 50 17 48 48 55 210 28 49 33 12 71 87 49 120 41 0 252 69 70 234 72 0 246 16 18 26 
53 48 290 58 50 17 48 48 55 210 28 49 33 12 71 87 49 120 0 0 252 69 70 234 72 33 246 16 18 26 
53 48 290 58 50 17 48 48 55 210 28 49 33 12 71 87 49 120 41 0 252 69 70 234 72 33 0 16 18 26 
55 219 212 50 72 264 178 366 225 213 106 231 20 228 50 148 21 121 186 252 0 48 0 206 261 110 224 103 117 144 
0 219 212 50 72 264 178 366 225 213 106 231 20 228 50 148 21 121 186 252 0 48 206 206 261 110 224 103 117 144 
55 219 212 50 72 264 178 366 225 213 106 231 20 228 50 148 21 121 186 252 0 48 0 206 261 110 224 103 117 144 
55 219 212 50 72 264 178 366 225 213 106 231 20 228 50 148 21 121 186 252 0 48 206 206 0 110 224 103 117 144 
55 219 212 50 72 264 178 366 225 213 106 231 20 228 50 148 21 121 186 252 0 0 206 206 261 110 224 103 117 144 
55 219 212 50 72 264 178 366 225 213 106 231 20 228 50 148 21 0 186 252 0 48 206 206 261 110 224 103 117 144 
0 105 185 264 208 69 102 41 32 59 64 49 277 184 250 15 96 76 201 69 96 0 19 66 63 63 120 196 103 61 
11 105 185 264 208 69 102 41 32 59 64 49 277 184 250 15 96 76 201 69 96 0 19 66 63 63 120 0 103 61 
11 105 185 264 208 69 102 41 32 59 64 49 277 184 250 15 96 76 201 69 96 0 19 66 63 63 120 0 103 61 
11 105 185 264 208 69 102 41 32 59 64 49 277 184 250 15 96 0 201 69 96 0 19 66 63 63 120 196 103 61 
11 105 185 264 208 69 102 41 32 59 64 49 277 184 250 15 96 76 201 69 96 0 19 66 63 63 120 196 0 61 
66 295 56 36 112 172 33 86 229 199 64 190 93 48 30 66 65 135 17 106 310 19 0 49 236 18 0 43 15 401 
0 295 56 36 112 172 33 86 229 199 64 190 93 48 30 66 65 135 17 106 310 19 0 49 236 18 270 43 15 401 
66 295 56 36 112 172 33 86 229 199 64 190 93 48 30 66 65 135 0 106 310 19 0 49 236 18 270 43 15 401 
66 295 56 36 112 172 33 86 229 199 64 190 93 48 30 66 65 135 17 106 310 0 0 49 236 18 270 43 15 401 
66 295 56 36 112 172 33 86 229 199 64 190 93 48 30 66 65 135 0 106 310 19 0 49 236 18 270 43 15 401 
66 295 56 36 112 172 33 86 229 199 64 190 93 48 30 0 65 135 17 106 310 19 0 49 236 18 270 43 15 401 
63 56 29 76 61 66 77 79 166 301 50 62 411 114 112 95 26 238 83 352 68 132 98 0 88 98 166 341 0 61 
63 56 29 76 61 66 77 79 166 301 50 62 411 114 112 95 0 238 83 352 68 132 98 0 88 98 166 341 138 61 
63 56 29 76 61 66 77 79 166 301 50 62 411 114 112 95 26 238 83 352 68 0 98 0 88 98 166 341 138 61 
63 56 29 76 61 66 77 79 166 301 50 62 411 114 112 95 26 238 83 352 68 0 98 0 88 98 166 341 138 61 
63 56 29 76 61 66 77 79 166 301 50 62 411 114 112 0 26 238 83 352 68 132 98 0 88 98 166 341 138 61 
113 176 142 98 273 384 255 325 137 21 130 190 24 115 120 225 14 0 27 144 130 63 354 266 0 46 102 40 124 40 
113 176 142 98 273 384 255 325 137 21 130 190 24 115 120 225 14 160 27 144 130 63 354 266 0 46 102 40 0 40 
113 176 142 98 273 384 255 325 137 21 130 190 24 115 120 225 14 160 0 144 130 63 354 266 0 46 102 40 124 40 
113 176 142 98 273 384 255 325 137 21 130 190 24 115 120 0 14 160 27 144 130 63 354 266 0 46 102 40 124 40 
113 176 142 98 273 384 255 325 137 21 130 190 24 115 120 0 14 160 27 144 130 63 354 266 0 46 102 40 124 40 
113 176 142 98 273 384 255 325 137 21 130 190 24 115 120 225 14 0 27 144 130 63 354 266 0 46 102 40 124 40 
0 132 183 78 124 30 383 82 158 29 188 111 62 288 78 53 51 134 88 133 36 378 18 294 92 0 35 397 188 333 
69 132 183 78 124 30 383 82 158 29 188 111 62 288 78 53 51 134 88 133 36 378 18 294 92 0 35 0 188 333 
69 132 183 78 124 30 383 82 158 29 188 111 62 288 78 53 51 134 0 133 36 378 18 294 92 0 35 397 188 333 
69 132 183 78 124 30 383 82 158 29 188 111 62 288 78 53 51 134 88 133 36 378 18 0 92 0 35 397 188 333 
69 132 183 78 124 30 383 82 158 29 188 111 62 288 78 0 51 134 88 133 36 378 18 294 92 0 35 397 188 333 
69 132 183 78 124 30 383 82 158 29 188 111 62 288 78 53 51 134 88 133 36 378 18 294 92 0 35 0 188 333 
69 132 183 78 124 30 383 82 158 29 188 111 62 288 0 53 51 134 88 133 36 378 18 294 92 0 35 397 188 333 
69 132 183 78 124 30 383 82 158 29 188 111 62 288 78 53 51 134 88 133 36 378 18 294 92 0 35 397 0 333 
0 132 183 78 124 30 383 82 158 29 188 111 62 288 78 53 51 134 88 133 36 378 18 294 92 0 35 397 188 333 
69 132 183 78 124 30 383 82 158 29 188 111 62 288 78 53 51 0 88 133 36 378 18 294 92 0 35 397 188 333 
103 150 104 22 374 348 246 105 87 178 89 180 161 48 87 20 120 62 405 246 336 120 270 110 0 35 0 69 18 274 
103 150 104 22 374 348 246 105 87 178 89 180 161 48 87 20 120 62 405 0 336 120 270 110 17 35 0 69 18 274 
103 150 104 22 374 348 246 105 87 178 89 180 161 48 87 20 120 0 405 246 336 120 270 110 17 35 0 69 18 274 
103 150 104 22 374 348 246 105 87 178 89 180 161 48 87 20 120 0 405 246 336 120 270 110 17 35 0 69 18 274 
103 150 104 22 374 348 246 105 87 178 89 180 161 48 87 20 120 62 405 246 336 0 270 110 17 35 0 69 18 274 
103 150 104 22 374 348 246 105 87 178 89 180 161 48 87 20 120 62 405 246 336 120 270 110 17 35 0 69 0 274 
0 150 104 22 374 348 246 105 87 178 89 180 161 48 87 20 120 62 405 246 336 120 270 110 17 35 0 69 18 274 
0 150 104 22 374 348 246 105 87 178 89 180 161 48 87 20 120 62 405 246 336 120 270 110 17 35 0 69 18 274 
103 150 104 22 374 348 246 105 87 178 89 180 161 48 87 20 120 62 405 246 336 120 0 110 17 35 0 69 18 274 
103 150 104 22 374 348 246 105 87 178 89 180 161 48 87 20 120 62 405 246 336 0 270 110 17 35 0 69 18 274 
40 126 102 316 305 45 29 212 223 170 25 74 83 134 193 241 55 46 15 32 103 32 43 113 80 397 0 0 13 250 
40 126 102 316 305 45 29 212 223 170 25 74 83 134 193 241 55 46 15 32 103 32 43 113 80 0 138 0 13 250 
40 126 102 316 305 45 29 212 223 170 25 74 83 134 0 241 55 46 15 32 103 32 43 113 80 397 138 0 13 250 
40 126 102 316 305 45 29 212 223 170 25 74 83 134 193 241 55 46 15 32 103 32 0 113 80 397 138 0 13 250 
40 126 102 316 305 45 29 212 223 170 25 74 83 134 193 241 55 46 15 32 103 0 43 113 80 397 138 0 13 250 
46 54 408 111 23 39 100 215 152 235 12 13 67 42 76 101 191 164 42 18 117 34 61 276 248 0 37 26 0 222 
46 54 408 111 23 39 100 215 152 235 12 13 67 42 76 101 191 164 42 18 117 34 0 276 248 283 37 26 0 222 
0 54 408 111 23 39 100 215 152 235 12 13 67 42 76 101 191 164 42 18 117 34 61 276 248 283 37 26 0 222 
46 54 408 111 23 39 100 215 152 235 12 13 67 42 76 101 191 164 42 18 117 34 61 0 248 283 37 26 0 222 
46 54 408 111 23 39 100 215 152 235 12 13 67 42 76 101 0 164 42 18 117 34 61 276 248 283 37 26 0 222 
29 26 55 58 29 121 228 412 179 30 181 25 209 50 45 38 129 271 0 156 36 15 133 184 80 333 274 125 37 0 
29 26 55 58 29 121 228 412 179 30 181 25 209 50 45 38 129 271 0 156 36 15 133 184 80 333 274 125 37 0 
29 26 55 58 29 121 228 412 179 30 181 25 209 50 45 38 129 271 153 156 36 0 133 184 80 333 274 125 37 0 
29 26 55 58 29 121 228 412 179 30 181 25 209 50 45 38 129 271 153 156 36 15 133 184 80 0 274 125 37 0 
0 26 55 58 29 121 228 412 179 30 181 25 209 50 45 38 129 271 153 156 36 15 133 184 80 333 274 125 37 0 
29 26 55 58 29 121 228 412 179 30 181 25 209 50 45 38 129 0 153 156 36 15 133 184 80 333 274 125 37 0 
29 26 55 58 29 121 228 412 179 30 181 25 209 50 45 0 129 271 153 156 36 15 133 184 80 333 274 125 37 0 
29 26 55 58 29 121 228 412 179 30 181 25 209 50 45 38 129 271 153 156 36 15 133 184 80 333 274 125 0 0 
29 26 55 58 29 121 228 412 179 30 181 25 209 50 45 38 129 271 153 156 36 15 133 184 80 333 0 125 37 0 

5529.5
1 0.0 0.0
2 694.0 20.0
3 580.0 35.0
4 629.0 33.0
5 591.0 28.0
6 682.0 28.0
7 571.0 28.0
8 638.0 26.0
9 459.0 34.0
10 604.0 24.0
11 405.0 24.0
12 578.0 35.0
13 568.0 21.0
14 674.0 28.0
15 224.0 14.0
16 101.0 19.0
17 116.0 18.0
18 283.0 1.0
19 262.0 14.0
20 148.0 7.0
21 289.0 12.0
22 313.0 13.0
23 268.0 0.0
24 266.0 1.0
25 155.0 16.0
26 100.0 16.0
27 160.0 5.0
28 316.0 7.0
29 157.0 12.0
30 228.0 8.0
