30 195 4

0 475 185 423 143 368 162 671 675 492 516 113 654 425 261 632 551 271 124 173 217 450 161 121 575 388 419 272 627 682 
475 0 577 502 134 582 314 657 121 153 561 642 467 218 247 345 675 680 628 332 613 696 296 435 458 627 372 420 503 462 
185 577 0 422 198 408 391 369 388 197 298 435 296 266 301 184 688 237 686 315 218 665 111 277 152 199 603 342 168 460 
423 502 422 0 392 408 139 525 617 268 464 230 598 492 324 683 298 103 352 654 249 531 294 575 348 236 257 490 355 411 
143 134 198 392 0 265 401 325 242 296 138 223 259 548 644 615 664 473 379 251 486 642 275 443 347 572 465 336 686 320 
368 582 408 408 265 0 244 127 309 466 282 318 241 426 248 666 471 439 570 563 408 243 168 180 191 447 665 307 282 635 
162 314 391 139 401 244 0 393 241 538 538 110 270 549 520 520 180 307 497 615 502 245 424 479 582 361 456 622 248 226 
671 657 369 525 325 127 393 0 115 502 350 149 508 533 608 662 699 577 615 320 372 282 655 252 628 200 335 537 138 515 
675 121 388 617 242 309 241 115 0 486 474 214 130 156 381 681 643 450 351 208 648 367 173 462 251 672 133 188 208 346 
492 153 197 268 296 466 538 502 486 0 115 592 193 679 103 448 463 515 356 689 308 314 124 376 541 393 310 652 492 245 
516 561 298 464 138 282 538 350 474 115 0 570 407 109 147 163 199 358 197 195 453 425 350 244 224 182 434 458 119 137 
113 642 435 230 223 318 110 149 214 592 570 0 629 335 410 659 695 166 291 661 232 385 303 655 470 118 683 214 192 284 
654 467 296 598 259 241 270 508 130 193 407 629 0 364 260 445 340 447 233 358 298 602 375 309 570 141 387 585 327 416 
425 218 266 492 548 426 549 533 156 679 109 335 364 0 599 207 678 691 501 438 410 292 118 423 193 360 569 503 676 217 
261 247 301 324 644 248 520 608 381 103 147 410 260 599 0 535 251 323 280 626 311 151 288 350 171 153 431 648 698 463 
632 345 184 683 615 666 520 662 681 448 163 659 445 207 535 0 593 179 224 343 578 313 367 116 504 518 422 182 307 697 
551 675 688 298 664 471 180 699 643 463 199 695 340 678 251 593 0 663 542 426 460 683 198 115 322 109 559 271 656 360 
271 680 237 103 473 439 307 577 450 515 358 166 447 691 323 179 663 0 244 272 180 309 404 199 578 629 293 678 678 407 
124 628 686 352 379 570 497 615 351 356 197 291 233 501 280 224 542 244 0 348 367 659 606 249 463 554 666 446 123 430 
173 332 315 654 251 563 615 320 208 689 195 661 358 438 626 343 426 272 348 0 554 624 629 620 147 247 435 105 424 176 
217 613 218 249 486 408 502 372 648 308 453 232 298 410 311 578 460 180 367 554 0 508 531 222 409 352 641 105 628 299 
450 696 665 531 642 243 245 282 367 314 425 385 602 292 151 313 683 309 659 624 508 0 670 441 341 477 649 635 206 297 
161 296 111 294 275 168 424 655 173 124 350 303 375 118 288 367 198 404 606 629 531 670 0 376 349 386 232 691 218 549 
121 435 277 575 443 180 479 252 462 376 244 655 309 423 350 116 115 199 249 620 222 441 376 0 481 445 166 194 320 636 
575 458 152 348 347 191 582 628 251 541 224 470 570 193 171 504 322 578 463 147 409 341 349 481 0 575 375 528 146 456 
388 627 199 236 572 447 361 200 672 393 182 118 141 360 153 518 109 629 554 247 352 477 386 445 575 0 203 190 348 427 
419 372 603 257 465 665 456 335 133 310 434 683 387 569 431 422 559 293 666 435 641 649 232 166 375 203 0 672 188 663 
272 420 342 490 336 307 622 537 188 652 458 214 585 503 648 182 271 678 446 105 105 635 691 194 528 190 672 0 489 587 
627 503 168 355 686 282 248 138 208 492 119 192 327 676 698 307 656 678 123 424 628 206 218 320 146 348 188 489 0 334 
682 462 460 411 320 635 226 515 346 245 137 284 416 217 463 697 360 407 430 176 299 297 549 636 456 427 663 587 334 0 

0 47 75 34 71 81 80 46 33 48 55 67 44 34 78 43 25 79 60 84 99 34 92 95 39 37 56 73 24 52 
47 0 52 27 71 50 97 52 92 89 50 31 51 93 62 71 45 31 26 70 34 32 66 53 48 59 92 30 35 37 
75 52 0 58 77 57 24 74 21 65 99 43 71 71 61 70 28 94 32 95 68 27 83 86 88 73 56 70 65 31 
34 27 58 0 36 50 75 42 20 95 28 64 37 34 71 42 60 94 85 29 92 42 99 30 77 77 94 47 98 55 
71 71 77 36 0 83 59 91 61 75 97 81 96 51 32 40 43 42 96 94 55 36 80 50 86 44 34 96 48 62 
81 50 57 50 83 0 63 65 76 50 72 62 95 36 66 37 50 40 45 29 27 66 73 92 91 20 22 96 71 34 
80 97 24 75 59 63 0 55 97 37 31 81 61 37 26 30 70 73 50 40 22 67 38 52 34 66 34 21 93 63 
46 52 74 42 91 65 55 0 92 42 99 90 53 53 54 29 35 25 53 89 98 63 40 77 50 85 65 32 92 20 
33 92 21 20 61 76 97 92 0 20 31 87 92 63 63 55 30 20 81 77 21 75 61 57 98 20 60 91 75 75 
48 89 65 95 75 50 37 42 20 0 94 50 88 20 68 44 42 54 92 28 63 92 71 89 22 22 96 27 27 70 
55 50 99 28 97 72 31 99 31 94 0 27 48 96 87 71 93 89 64 65 32 26 77 71 98 79 30 22 90 80 
67 31 43 64 81 62 81 90 87 50 27 0 41 81 28 30 59 70 89 46 84 22 64 58 41 65 58 70 90 68 
44 51 71 37 96 95 61 53 92 88 48 41 0 67 62 43 80 21 97 80 80 46 73 90 55 65 58 38 75 58 
34 93 71 34 51 36 37 53 63 20 96 81 67 0 53 61 34 51 33 22 47 76 68 39 97 71 51 26 57 89 
78 62 61 71 32 66 26 54 63 68 87 28 62 53 0 44 84 86 85 44 97 78 90 74 99 83 53 47 42 47 
43 71 70 42 40 37 30 29 55 44 71 30 43 61 44 0 33 96 69 70 34 89 78 95 58 56 44 78 75 43 
25 45 28 60 43 50 70 35 30 42 93 59 80 34 84 33 0 34 57 43 23 21 61 77 95 98 20 67 53 78 
79 31 94 94 42 40 73 25 20 54 89 70 21 51 86 96 34 0 69 73 88 79 41 78 26 55 69 52 44 50 
60 26 32 85 96 45 50 53 81 92 64 89 97 33 85 69 57 69 0 73 94 48 21 91 33 27 22 49 75 45 
84 70 95 29 94 29 40 89 77 28 65 46 80 22 44 70 43 73 73 0 26 58 24 22 65 87 36 71 54 83 
99 34 68 92 55 27 22 98 21 63 32 84 80 47 97 34 23 88 94 26 0 59 58 90 35 91 31 89 52 91 
34 32 27 42 36 66 67 63 75 92 26 22 46 76 78 89 21 79 48 58 59 0 21 36 73 53 49 37 94 78 
92 66 83 99 80 73 38 40 61 71 77 64 73 68 90 78 61 41 21 24 58 21 0 61 98 20 71 40 72 32 
95 53 86 30 50 92 52 77 57 89 71 58 90 39 74 95 77 78 91 22 90 36 61 0 44 30 72 74 74 28 
39 48 88 77 86 91 34 50 98 22 98 41 55 97 99 58 95 26 33 65 35 73 98 44 0 39 79 21 74 24 
37 59 73 77 44 20 66 85 20 22 79 65 65 71 83 56 98 55 27 87 91 53 20 30 39 0 68 70 85 36 
56 92 56 94 34 22 34 65 60 96 30 58 58 51 53 44 20 69 22 36 31 49 71 72 79 68 0 56 60 48 
73 30 70 47 96 96 21 32 91 27 22 70 38 26 47 78 67 52 49 71 89 37 40 74 21 70 56 0 26 20 
24 35 65 98 48 71 93 92 75 27 90 90 75 57 42 75 53 44 75 54 52 94 72 74 74 85 60 26 0 98 
52 37 31 55 62 34 63 20 75 70 80 68 58 89 47 43 78 50 45 83 91 78 32 28 24 36 48 20 98 0 

494.0 405.0 1 3
297.0 168.0 1 11
494.0 118.0 1 17
346.0 326.0 1 25
494.0 218.0 1 20
297.0 177.0 1 26
297.0 220.0 1 30
346.0 195.0 2 6
565.0 318.0 2 26
346.0 108.0 2 28
297.0 78.0 2 19
424.0 210.0 2 20
494.0 331.0 3 29
452.0 195.0 3 10
424.0 249.0 3 23
452.0 405.0 3 1
396.0 214.0 3 29
297.0 331.0 3 11
424.0 408.0 4 19
509.0 352.0 4 29
255.0 366.0 4 18
396.0 171.0 4 24
340.0 153.0 4 14
494.0 105.0 4 30
255.0 151.0 4 18
382.0 165.0 5 21
297.0 366.0 5 9
424.0 172.0 5 15
382.0 234.0 5 29
297.0 282.0 5 20
452.0 277.0 5 21
445.0 153.0 6 21
565.0 316.0 6 22
297.0 270.0 6 30
396.0 270.0 6 16
396.0 441.0 6 24
339.0 298.0 6 30
339.0 298.0 6 21
565.0 166.0 7 10
565.0 162.0 7 16
382.0 210.0 7 17
339.0 139.0 7 11
396.0 261.0 7 20
509.0 328.0 7 18
297.0 281.0 7 19
396.0 324.0 8 12
445.0 142.0 8 18
396.0 174.0 8 21
494.0 120.0 8 23
382.0 253.0 8 27
382.0 126.0 8 26
396.0 270.0 9 27
445.0 307.0 9 24
445.0 438.0 9 20
382.0 315.0 9 19
346.0 436.0 9 28
445.0 558.0 9 25
424.0 114.0 9 4
424.0 107.0 9 21
396.0 105.0 10 26
396.0 239.0 10 17
339.0 552.0 10 22
509.0 453.0 10 19
297.0 331.0 10 19
494.0 111.0 10 29
255.0 404.0 10 23
565.0 112.0 10 26
494.0 339.0 11 15
452.0 276.0 11 16
340.0 432.0 11 30
297.0 165.0 11 2
339.0 456.0 11 30
445.0 255.0 11 16
445.0 261.0 11 15
494.0 260.0 11 26
297.0 297.0 12 6
346.0 486.0 12 30
340.0 220.0 12 20
565.0 336.0 12 28
494.0 486.0 12 20
346.0 180.0 12 16
340.0 270.0 12 29
396.0 408.0 12 30
565.0 456.0 13 21
452.0 523.0 13 19
452.0 240.0 13 20
297.0 386.0 13 9
297.0 258.0 13 16
424.0 151.0 13 30
382.0 370.0 13 15
255.0 414.0 13 15
340.0 204.0 14 1
494.0 239.0 14 21
452.0 153.0 14 1
565.0 201.0 14 13
382.0 168.0 14 19
340.0 277.0 15 17
424.0 282.0 15 30
424.0 490.0 15 18
565.0 234.0 15 1
396.0 244.0 15 10
297.0 250.0 15 20
340.0 159.0 15 17
297.0 174.0 16 8
297.0 132.0 16 21
509.0 125.0 16 1
509.0 204.0 16 26
509.0 507.0 16 1
424.0 145.0 16 15
396.0 214.0 16 25
255.0 163.0 16 23
565.0 254.0 17 29
297.0 189.0 17 10
297.0 212.0 17 28
494.0 112.0 17 1
424.0 245.0 17 20
452.0 480.0 17 29
297.0 369.0 17 24
396.0 453.0 18 11
346.0 316.0 18 21
297.0 219.0 18 7
509.0 422.0 18 21
297.0 534.0 18 11
297.0 461.0 19 9
509.0 156.0 19 21
565.0 174.0 19 21
452.0 382.0 19 24
494.0 518.0 19 24
452.0 128.0 19 28
424.0 320.0 19 30
396.0 192.0 20 7
565.0 85.0 20 23
509.0 253.0 20 25
509.0 228.0 20 26
396.0 326.0 21 3
255.0 226.0 21 23
494.0 300.0 21 1
396.0 330.0 21 25
445.0 465.0 21 15
297.0 122.0 21 16
424.0 386.0 21 28
565.0 546.0 21 30
494.0 191.0 22 27
340.0 105.0 22 3
340.0 351.0 22 30
382.0 206.0 22 26
565.0 340.0 22 20
424.0 151.0 22 24
452.0 235.0 22 27
396.0 85.0 22 30
382.0 319.0 23 10
297.0 364.0 23 30
424.0 219.0 23 27
255.0 228.0 23 30
339.0 259.0 23 29
452.0 180.0 24 5
445.0 171.0 24 26
445.0 145.0 24 25
565.0 387.0 24 17
396.0 513.0 24 16
494.0 216.0 24 28
382.0 516.0 24 19
452.0 340.0 24 11
509.0 382.0 25 23
509.0 331.0 25 20
494.0 69.0 25 28
452.0 158.0 25 24
509.0 355.0 25 27
565.0 144.0 25 2
339.0 438.0 25 11
494.0 90.0 26 9
340.0 264.0 26 18
509.0 448.0 26 15
340.0 78.0 26 23
382.0 285.0 27 28
339.0 388.0 27 24
339.0 552.0 27 2
396.0 273.0 27 25
340.0 220.0 27 20
346.0 414.0 27 23
339.0 234.0 28 16
396.0 464.0 28 9
396.0 328.0 28 1
339.0 79.0 28 11
382.0 284.0 28 1
382.0 225.0 29 9
396.0 367.0 29 23
509.0 382.0 29 30
297.0 144.0 29 27
339.0 282.0 29 16
297.0 302.0 29 23
340.0 114.0 30 8
255.0 421.0 30 17
297.0 174.0 30 21
396.0 397.0 30 17

0 475 0 301 143 301 162 262 327 285 281 113 357 279 261 237 236 271 124 173 217 407 161 121 320 231 287 272 247 349 
0 475 185 301 143 301 162 262 327 285 281 0 357 279 261 237 236 271 124 173 217 407 161 121 320 231 287 272 247 349 
0 475 185 301 143 301 162 262 0 285 281 113 357 279 261 237 236 271 124 173 217 407 161 121 320 231 287 272 247 349 
0 475 185 301 0 301 162 262 327 285 281 113 357 279 261 237 236 271 124 173 217 407 161 121 320 231 287 272 247 349 
0 475 185 301 143 301 162 262 327 285 281 113 357 279 261 237 236 271 124 0 217 407 161 121 320 231 287 272 247 349 
0 475 185 301 143 301 162 262 327 285 281 113 357 279 261 237 236 271 124 173 217 407 161 121 320 0 287 272 247 349 
0 475 185 301 143 301 162 0 327 285 281 113 357 279 261 237 236 271 124 173 217 407 161 121 320 231 287 272 247 349 
475 0 577 502 134 0 314 657 121 153 561 642 467 218 247 345 675 680 628 332 613 696 296 435 458 627 372 420 503 462 
475 0 577 502 134 582 314 657 121 153 561 642 467 218 247 345 675 680 628 332 613 696 296 435 458 0 372 420 503 462 
475 0 577 502 134 582 314 657 121 153 561 642 467 218 247 345 675 680 628 332 613 696 296 435 458 627 372 0 503 462 
475 0 577 502 134 582 314 657 121 153 561 642 467 218 247 345 675 680 0 332 613 696 296 435 458 627 372 420 503 462 
475 0 577 502 134 582 314 657 121 153 561 642 467 218 247 345 675 680 628 0 613 696 296 435 458 627 372 420 503 462 
185 577 0 422 198 408 391 369 388 197 298 435 296 266 301 184 688 237 686 315 218 665 111 277 152 199 603 342 0 460 
185 577 0 422 198 408 391 369 388 0 298 435 296 266 301 184 688 237 686 315 218 665 111 277 152 199 603 342 168 460 
185 577 0 422 198 408 391 369 388 197 298 435 296 266 301 184 688 237 686 315 218 665 0 277 152 199 603 342 168 460 
0 577 0 422 198 408 391 369 388 197 298 435 296 266 301 184 688 237 686 315 218 665 111 277 152 199 603 342 168 460 
185 577 0 422 198 408 391 369 388 197 298 435 296 266 301 184 688 237 686 315 218 665 111 277 152 199 603 342 0 460 
185 577 0 422 198 408 391 369 388 0 298 435 296 266 301 184 688 237 686 315 218 665 111 277 152 199 603 342 168 460 
423 502 422 0 392 408 139 525 617 268 464 230 598 492 324 683 298 103 0 654 249 531 294 575 348 236 257 490 355 411 
423 502 422 0 392 408 139 525 617 268 464 230 598 492 324 683 298 103 352 654 249 531 294 575 348 236 257 490 0 411 
423 502 422 0 392 408 139 525 617 268 464 230 598 492 324 683 298 0 352 654 249 531 294 575 348 236 257 490 355 411 
423 502 422 0 392 408 139 525 617 268 464 230 598 492 324 683 298 103 352 654 249 531 294 0 348 236 257 490 355 411 
423 502 422 0 392 408 139 525 617 268 464 230 598 0 324 683 298 103 352 654 249 531 294 575 348 236 257 490 355 411 
423 0 422 0 392 408 139 525 617 268 464 230 598 492 324 683 298 103 352 654 249 531 294 575 348 236 257 490 355 411 
423 502 422 0 0 408 139 525 617 268 464 230 598 492 324 683 298 103 352 654 249 531 294 575 348 236 257 490 355 411 
143 134 198 392 0 265 401 325 242 296 138 223 259 548 644 615 664 473 379 251 0 642 275 443 347 572 465 336 686 320 
143 134 198 392 0 265 401 325 0 296 138 223 259 548 644 615 664 473 379 251 486 642 275 443 347 572 465 336 686 320 
143 134 198 392 0 265 401 325 242 296 138 223 259 548 0 615 664 473 379 251 486 642 275 443 347 572 465 336 686 320 
143 0 198 392 0 265 401 325 242 296 138 223 259 548 644 615 664 473 379 251 486 642 275 443 347 572 465 336 686 320 
143 134 198 392 0 265 401 325 242 296 138 223 259 548 644 615 664 473 379 0 486 642 275 443 347 572 465 336 686 320 
143 134 0 392 0 265 401 325 242 296 138 223 259 548 644 615 664 473 379 251 486 642 275 443 347 572 465 336 686 320 
368 582 408 408 265 0 244 127 309 466 282 318 241 426 248 666 471 439 570 563 0 243 168 180 191 447 665 307 282 635 
368 582 408 408 265 0 244 127 309 466 282 318 241 426 248 666 471 439 570 563 408 0 168 180 191 447 665 307 282 635 
368 0 408 408 265 0 244 127 309 466 282 318 241 426 248 666 471 439 570 563 408 243 168 180 191 447 665 307 282 635 
368 582 408 0 265 0 244 127 309 466 282 318 241 426 248 666 471 439 570 563 408 243 168 180 191 447 665 307 282 635 
368 582 408 408 265 0 244 127 309 466 282 318 241 426 248 666 471 439 570 563 408 243 168 0 191 447 665 307 282 635 
368 582 408 408 0 0 244 127 309 466 282 318 241 426 248 666 471 439 570 563 408 243 168 180 191 447 665 307 282 635 
368 582 408 408 0 0 244 127 309 466 282 318 241 426 248 666 471 439 570 563 408 243 168 180 191 447 665 307 282 635 
162 314 391 139 401 244 0 393 241 0 538 110 270 549 520 520 180 307 497 615 502 245 424 479 582 361 456 622 248 226 
162 314 391 139 401 244 0 393 241 538 538 110 270 549 520 0 180 307 497 615 502 245 424 479 582 361 456 622 248 226 
162 314 391 139 401 244 0 393 241 538 538 110 270 549 520 520 0 307 497 615 502 245 424 479 582 361 456 622 248 226 
162 314 391 139 401 244 0 393 241 538 0 110 270 549 520 520 180 307 497 615 502 245 424 479 582 361 456 622 248 226 
162 314 391 139 401 244 0 393 241 538 538 110 270 549 520 520 180 307 497 615 502 0 424 479 582 361 456 622 248 226 
162 314 391 139 401 244 0 393 241 538 538 110 270 549 520 520 180 0 497 615 502 245 424 479 582 361 456 622 248 226 
162 314 391 139 401 244 0 393 241 538 538 110 270 549 520 520 180 307 497 615 502 0 424 479 582 361 456 622 248 226 
671 657 369 525 325 127 393 0 115 502 350 0 508 533 608 662 699 577 615 320 372 282 655 252 628 200 335 537 138 515 
671 657 369 525 325 127 393 0 115 502 350 149 508 533 608 662 699 0 615 320 372 282 655 252 628 200 335 537 138 515 
671 657 369 525 325 127 393 0 115 502 350 149 0 533 608 662 699 577 615 320 372 282 655 252 628 200 335 537 138 515 
671 657 369 525 325 127 393 0 115 502 350 149 508 533 608 662 699 577 615 320 372 282 0 252 628 200 335 537 138 515 
671 657 369 525 325 127 393 0 115 502 350 149 508 533 608 662 699 577 615 320 372 282 655 252 628 200 0 537 138 515 
671 657 369 525 325 127 393 0 115 0 350 149 508 533 608 662 699 577 615 320 372 282 655 252 628 200 335 537 138 515 
675 121 388 617 242 309 241 115 0 486 474 214 130 156 381 681 643 450 351 208 648 367 173 462 251 672 0 188 208 346 
675 121 388 617 242 309 241 115 0 486 474 214 130 156 381 681 643 450 351 208 648 367 173 0 251 672 133 188 208 346 
675 121 388 617 242 309 241 115 0 486 474 214 130 156 381 681 643 450 351 0 648 367 173 462 251 672 133 188 208 346 
675 121 388 617 242 309 241 115 0 486 474 214 130 156 381 681 643 450 0 208 648 367 173 462 251 672 133 188 208 346 
675 121 388 617 242 309 241 115 0 486 474 214 130 156 381 681 643 450 351 208 648 367 173 462 251 672 133 0 208 346 
675 121 388 617 242 309 241 115 0 486 474 214 130 156 381 681 643 450 351 208 648 367 173 462 0 672 133 188 208 346 
675 121 388 0 242 309 241 115 0 486 474 214 130 156 381 681 643 450 351 208 648 367 173 462 251 672 133 188 208 346 
675 121 388 617 242 309 241 115 0 486 474 214 130 156 381 681 643 450 351 208 0 367 173 462 251 672 133 188 208 346 
492 153 197 268 296 466 538 502 486 0 115 592 193 679 103 448 463 515 356 689 308 314 124 376 541 0 310 652 492 245 
492 153 197 268 296 466 538 502 486 0 115 592 193 679 103 448 0 515 356 689 308 314 124 376 541 393 310 652 492 245 
492 153 197 268 296 466 538 502 486 0 115 592 193 679 103 448 463 515 356 689 308 0 124 376 541 393 310 652 492 245 
492 0 197 268 296 466 538 502 486 0 115 592 193 679 103 448 463 515 356 689 308 314 124 376 541 393 310 652 492 245 
492 153 197 268 296 466 538 502 486 0 115 592 193 679 103 448 463 515 356 689 308 0 124 376 541 393 310 652 492 245 
492 153 197 268 296 466 0 502 486 0 115 592 193 679 103 448 463 515 356 689 308 314 124 376 541 393 310 652 492 245 
492 153 197 268 296 466 538 502 486 0 115 592 193 679 103 448 463 515 356 689 308 314 0 376 541 393 310 652 492 245 
492 153 197 268 296 466 538 502 486 0 115 592 193 679 103 448 463 515 356 689 308 314 124 376 541 0 310 652 492 245 
516 561 298 464 138 282 538 350 474 115 0 570 407 109 0 163 199 358 197 195 453 425 350 244 224 182 434 458 119 137 
516 561 298 464 138 282 538 350 474 115 0 570 407 109 147 0 199 358 197 195 453 425 350 244 224 182 434 458 119 137 
516 561 298 464 138 282 538 350 474 115 0 570 407 109 147 163 199 358 197 195 453 425 350 244 224 182 434 458 119 0 
516 0 298 464 138 282 538 350 474 115 0 570 407 109 147 163 199 358 197 195 453 425 350 244 224 182 434 458 119 137 
516 561 298 464 138 282 538 350 474 115 0 570 407 109 147 163 199 358 197 195 453 425 350 244 224 182 434 458 119 0 
516 561 298 464 138 282 538 350 474 115 0 570 407 109 147 0 199 358 197 195 453 425 350 244 224 182 434 458 119 137 
516 561 298 464 138 282 538 350 474 115 0 570 407 109 0 163 199 358 197 195 453 425 350 244 224 182 434 458 119 137 
516 561 298 464 138 282 538 350 474 115 0 570 407 109 147 163 199 358 197 195 453 425 350 244 224 0 434 458 119 137 
113 642 435 230 223 0 110 149 214 592 570 0 629 335 410 659 695 166 291 661 232 385 303 655 470 118 683 214 192 284 
113 642 435 230 223 318 0 149 214 592 570 0 629 335 410 659 695 166 291 661 232 385 303 655 470 118 683 214 192 284 
113 642 435 230 223 318 110 149 214 592 570 0 629 335 410 659 695 166 291 0 232 385 303 655 470 118 683 214 192 284 
113 642 435 230 223 318 110 149 214 592 570 0 629 335 410 659 695 166 291 661 232 385 303 655 470 118 683 0 192 284 
113 642 435 230 223 318 110 149 214 592 570 0 629 0 410 659 695 166 291 661 232 385 303 655 470 118 683 214 192 284 
113 642 435 230 223 318 110 149 214 592 570 0 629 335 410 0 695 166 291 661 232 385 303 655 470 118 683 214 192 284 
113 642 435 230 223 318 110 149 214 592 570 0 629 335 410 659 695 166 291 661 232 385 303 655 470 118 683 214 0 284 
113 642 435 230 223 318 110 149 214 592 570 0 629 335 410 659 695 166 291 661 232 385 303 655 470 118 683 214 192 0 
654 467 296 598 259 241 270 508 130 193 407 629 0 364 260 445 340 447 233 358 0 602 375 309 570 141 387 585 327 416 
654 467 296 598 259 241 270 508 130 193 407 629 0 364 260 445 340 447 0 358 298 602 375 309 570 141 387 585 327 416 
654 467 296 598 259 241 270 508 130 193 407 629 0 364 260 445 340 447 233 0 298 602 375 309 570 141 387 585 327 416 
654 467 296 598 259 241 270 508 0 193 407 629 0 364 260 445 340 447 233 358 298 602 375 309 570 141 387 585 327 416 
654 467 296 598 259 241 270 508 130 193 407 629 0 364 260 0 340 447 233 358 298 602 375 309 570 141 387 585 327 416 
654 467 296 598 259 241 270 508 130 193 407 629 0 364 260 445 340 447 233 358 298 0 375 309 570 141 387 585 327 416 
654 467 296 598 259 0 270 508 130 193 407 629 0 364 260 445 340 447 233 358 298 602 375 309 570 141 387 585 327 416 
654 467 296 598 259 241 270 508 0 193 407 629 0 364 260 445 340 447 233 358 298 602 375 309 570 141 387 585 327 416 
0 218 266 492 548 426 549 533 156 679 109 335 364 0 599 207 678 691 501 438 410 292 118 423 193 360 569 503 676 217 
425 218 266 492 548 426 549 533 156 679 109 335 364 0 599 207 678 691 501 438 0 292 118 423 193 360 569 503 676 217 
0 218 266 492 548 426 549 533 156 679 109 335 364 0 599 207 678 691 501 438 410 292 118 423 193 360 569 503 676 217 
425 218 266 492 548 426 549 533 156 679 109 335 0 0 599 207 678 691 501 438 410 292 118 423 193 360 569 503 676 217 
425 218 266 492 548 426 549 533 156 679 109 335 364 0 599 207 678 691 0 438 410 292 118 423 193 360 569 503 676 217 
261 247 301 324 644 248 520 608 381 103 147 410 260 599 0 535 0 323 280 626 311 151 288 350 171 153 431 648 698 463 
261 247 301 324 644 248 520 608 381 103 147 410 260 599 0 535 251 323 280 626 311 151 288 350 171 153 431 648 698 0 
261 247 301 324 644 248 520 608 381 103 147 410 260 599 0 535 251 0 280 626 311 151 288 350 171 153 431 648 698 463 
0 247 301 324 644 248 520 608 381 103 147 410 260 599 0 535 251 323 280 626 311 151 288 350 171 153 431 648 698 463 
261 247 301 324 644 248 520 608 381 0 147 410 260 599 0 535 251 323 280 626 311 151 288 350 171 153 431 648 698 463 
261 247 301 324 644 248 520 608 381 103 147 410 260 599 0 535 251 323 280 0 311 151 288 350 171 153 431 648 698 463 
261 247 301 324 644 248 520 608 381 103 147 0 260 599 0 535 251 323 280 626 311 151 288 350 171 153 431 648 698 463 
632 345 184 683 615 666 520 0 681 448 163 659 445 207 535 0 593 179 224 343 578 313 367 116 504 518 422 182 307 697 
632 345 184 683 615 666 520 662 681 448 163 659 445 207 535 0 593 179 224 343 0 313 367 116 504 518 422 182 307 697 
632 345 184 683 615 666 0 662 681 448 163 659 445 207 535 0 593 179 224 343 578 313 367 116 504 518 422 182 307 697 
632 345 184 683 0 666 520 662 681 448 163 659 445 207 535 0 593 179 224 343 578 313 367 116 504 518 422 182 307 697 
632 345 184 683 615 666 520 662 681 448 163 659 445 207 535 0 593 179 224 343 578 0 367 116 504 518 422 182 307 697 
632 345 184 683 615 666 520 662 681 448 163 659 445 207 0 0 593 179 224 343 578 313 367 116 504 518 422 182 307 697 
632 345 184 683 615 666 520 662 0 448 163 659 445 207 535 0 593 179 224 343 578 313 367 116 504 518 422 182 307 697 
632 345 184 0 615 666 520 662 681 448 163 659 445 207 535 0 593 179 224 343 578 313 367 116 504 518 422 182 307 697 
551 675 688 298 664 471 180 699 643 463 199 695 340 678 251 593 0 663 542 426 460 683 198 115 322 109 559 271 0 360 
551 675 688 298 664 471 180 699 643 0 199 695 340 678 251 593 0 663 542 426 460 683 198 115 322 109 559 271 656 360 
551 675 688 298 664 471 180 699 643 463 199 0 340 678 251 593 0 663 542 426 460 683 198 115 322 109 559 271 656 360 
0 675 688 298 664 471 180 699 643 463 199 695 340 678 251 593 0 663 542 426 460 683 198 115 322 109 559 271 656 360 
551 675 688 298 664 471 180 699 643 463 199 695 340 678 251 593 0 663 542 0 460 683 198 115 322 109 559 271 656 360 
551 675 688 298 664 471 180 699 643 463 199 695 0 678 251 593 0 663 542 426 460 683 198 115 322 109 559 271 656 360 
551 675 688 298 664 471 180 699 643 463 199 695 340 678 251 593 0 663 542 426 460 683 198 0 322 109 559 271 656 360 
271 680 237 103 473 439 307 577 450 515 0 166 447 691 323 179 663 0 244 272 180 309 404 199 578 629 293 678 678 407 
271 680 237 103 473 439 307 577 450 515 358 166 447 691 323 179 663 0 244 272 0 309 404 199 578 629 293 678 678 407 
271 680 237 103 473 439 0 577 450 515 358 166 447 691 323 179 663 0 244 272 180 309 404 199 578 629 293 678 678 407 
271 680 237 103 473 439 307 577 450 515 358 166 447 691 323 179 663 0 244 272 0 309 404 199 578 629 293 678 678 407 
271 680 237 103 473 439 307 577 450 515 0 166 447 691 323 179 663 0 244 272 180 309 404 199 578 629 293 678 678 407 
124 628 686 352 379 570 497 615 0 356 197 291 233 501 280 224 542 244 0 348 367 659 606 249 463 554 666 446 123 430 
124 0 686 352 379 570 497 615 351 356 197 291 233 501 280 224 542 244 0 348 367 659 606 249 463 554 666 446 123 430 
124 628 686 352 379 570 497 0 351 356 197 291 233 501 280 224 542 244 0 348 367 659 606 249 463 554 666 446 123 430 
124 628 686 352 379 570 497 615 351 356 197 291 233 501 280 224 542 244 0 348 367 659 606 0 463 554 666 446 123 430 
124 628 686 352 379 570 497 615 351 356 197 291 233 501 280 224 542 244 0 348 367 659 606 0 463 554 666 446 123 430 
124 628 686 352 379 570 497 615 351 356 197 291 233 0 280 224 542 244 0 348 367 659 606 249 463 554 666 446 123 430 
124 628 686 352 379 570 497 615 351 356 197 0 233 501 280 224 542 244 0 348 367 659 606 249 463 554 666 446 123 430 
173 332 315 654 251 563 0 320 208 689 195 661 358 438 626 343 426 272 348 0 554 624 629 620 147 247 435 105 424 176 
173 332 315 654 251 563 615 320 208 689 195 661 358 0 626 343 426 272 348 0 554 624 629 620 147 247 435 105 424 176 
173 332 315 654 251 563 615 320 208 689 195 661 358 438 626 343 426 272 348 0 554 624 629 620 0 247 435 105 424 176 
173 332 315 654 251 563 0 320 208 689 195 661 358 438 626 343 426 272 348 0 554 624 629 620 147 247 435 105 424 176 
217 613 0 249 486 408 502 372 648 308 453 232 298 410 311 578 460 180 367 554 0 508 531 222 409 352 641 105 628 299 
217 613 218 249 486 408 502 372 648 308 453 232 298 410 311 578 460 180 367 554 0 508 0 222 409 352 641 105 628 299 
217 613 218 249 486 408 502 372 648 308 453 232 298 410 311 578 460 180 367 554 0 0 531 222 409 352 641 105 628 299 
217 613 218 249 0 408 502 372 648 308 453 232 298 410 311 578 460 180 367 554 0 508 531 222 409 352 641 105 628 299 
217 613 218 249 486 408 502 372 648 308 453 232 298 410 0 578 460 180 367 554 0 508 531 222 409 352 641 105 628 299 
217 613 218 249 486 408 502 372 648 308 453 232 298 410 311 0 460 180 367 554 0 508 531 222 409 352 641 105 628 299 
217 613 218 0 486 408 502 372 648 308 453 232 298 410 311 578 460 180 367 554 0 508 531 222 409 352 641 105 628 299 
217 613 218 249 486 408 502 372 648 308 453 232 298 410 311 578 460 180 367 554 0 508 531 222 409 352 641 105 628 0 
450 696 665 531 642 243 245 282 367 314 425 385 602 292 151 313 683 309 659 624 508 0 670 441 341 477 0 635 206 297 
450 696 0 531 642 243 245 282 367 314 425 385 602 292 151 313 683 309 659 624 508 0 670 441 341 477 649 635 206 297 
450 696 665 531 642 243 245 282 367 314 425 385 602 292 151 313 683 309 659 624 508 0 670 441 341 477 649 635 206 0 
450 696 665 531 642 243 245 282 367 314 425 385 602 292 151 313 683 309 659 624 508 0 670 441 341 0 649 635 206 297 
450 696 665 531 642 243 245 0 367 314 425 385 602 292 151 313 683 309 659 624 508 0 670 441 341 477 649 635 206 297 
450 696 665 531 642 243 245 282 367 314 425 385 602 292 151 313 683 309 659 624 508 0 670 0 341 477 649 635 206 297 
450 696 665 531 642 243 245 282 367 314 425 385 602 292 151 313 683 309 659 624 508 0 670 441 341 477 0 635 206 297 
450 696 665 531 642 243 245 282 367 314 425 0 602 292 151 313 683 309 659 624 508 0 670 441 341 477 649 635 206 297 
161 296 111 294 275 168 424 655 173 0 350 303 375 118 288 367 198 404 606 629 531 670 0 376 349 386 232 691 218 549 
161 296 111 294 275 168 424 655 173 124 350 0 375 118 288 367 198 404 606 629 531 670 0 376 349 386 232 691 218 549 
161 296 111 294 275 168 424 655 173 124 350 303 0 118 288 367 198 404 606 629 531 670 0 376 349 386 232 691 218 549 
161 296 111 294 275 168 0 655 173 124 350 303 375 118 288 367 198 404 606 629 531 670 0 376 349 386 232 691 218 549 
161 296 111 294 275 168 424 655 173 124 350 303 375 118 288 367 198 404 606 629 531 670 0 376 349 386 232 691 0 549 
121 435 277 575 0 180 479 252 462 376 244 655 309 423 350 116 115 199 249 620 222 441 376 0 481 445 166 194 320 636 
121 435 277 575 443 180 479 252 462 376 244 655 309 423 350 116 115 199 249 620 222 441 376 0 481 0 166 194 320 636 
121 435 277 575 443 180 479 252 462 376 244 655 309 423 350 116 115 199 249 620 222 441 376 0 0 445 166 194 320 636 
121 435 0 575 443 180 479 252 462 376 244 655 309 423 350 116 115 199 249 620 222 441 376 0 481 445 166 194 320 636 
121 435 277 575 443 180 479 252 462 376 244 655 309 423 350 0 115 199 249 620 222 441 376 0 481 445 166 194 320 636 
121 435 277 575 443 180 479 252 462 376 244 655 309 423 350 116 115 199 249 620 222 0 376 0 481 445 166 194 320 636 
121 435 0 575 443 180 479 252 462 376 244 655 309 423 350 116 115 199 249 620 222 441 376 0 481 445 166 194 320 636 
121 435 277 575 443 180 479 252 462 376 0 655 309 423 350 116 115 199 249 620 222 441 376 0 481 445 166 194 320 636 
575 458 152 348 347 191 582 628 251 541 224 470 570 193 171 504 322 578 463 147 409 341 0 481 0 575 375 528 146 456 
575 458 152 348 347 191 582 628 251 541 224 470 570 193 171 504 322 578 463 0 409 341 349 481 0 575 375 528 146 456 
575 458 152 348 347 191 582 628 251 541 224 470 570 193 171 504 322 578 463 147 409 341 349 481 0 575 375 0 146 456 
575 458 152 348 347 191 582 628 251 541 224 470 570 193 171 504 322 578 463 147 409 341 349 0 0 575 375 528 146 456 
575 458 152 348 347 191 582 628 251 541 224 470 570 193 171 504 322 578 463 147 409 341 349 481 0 575 0 528 146 456 
575 0 152 348 347 191 582 628 251 541 224 470 570 193 171 504 322 578 463 147 409 341 349 481 0 575 375 528 146 456 
575 458 152 0 347 191 582 628 251 541 224 470 570 193 171 504 322 578 463 147 409 341 349 481 0 575 375 528 146 456 
388 627 199 236 572 447 361 200 0 393 182 118 141 360 153 518 109 629 554 247 352 477 386 445 575 0 203 190 348 427 
388 627 199 236 572 447 361 200 672 393 182 118 141 360 153 518 109 0 554 247 352 477 386 445 575 0 203 190 348 427 
388 627 199 236 572 447 361 200 672 393 182 118 141 360 0 518 109 629 554 247 352 477 386 445 575 0 203 190 348 427 
388 627 199 236 572 447 361 200 0 393 182 118 141 360 153 518 109 629 554 247 352 477 386 445 575 0 203 190 348 427 
419 372 603 257 465 665 456 335 133 310 434 683 387 569 431 422 559 293 666 435 641 649 232 166 375 203 0 0 188 663 
419 372 603 257 465 665 456 335 133 310 434 683 387 569 431 422 559 293 666 435 641 649 232 0 375 203 0 672 188 663 
419 0 603 257 465 665 456 335 133 310 434 683 387 569 431 422 559 293 666 435 641 649 232 166 375 203 0 672 188 663 
419 372 603 257 465 665 456 0 133 310 434 683 387 569 431 422 559 293 666 435 641 649 232 166 375 203 0 672 188 663 
419 372 603 257 465 665 456 335 133 310 434 683 387 569 431 422 559 293 666 435 641 0 232 166 375 203 0 672 188 663 
419 0 603 257 465 665 456 335 133 310 434 683 387 569 431 422 559 293 666 435 641 649 232 166 375 203 0 672 188 663 
272 420 342 490 336 307 622 537 188 652 458 214 585 503 648 0 271 678 446 105 105 635 691 194 528 190 672 0 489 587 
272 420 342 490 336 307 622 537 0 652 458 214 585 503 648 182 271 678 446 105 105 635 691 194 528 190 672 0 489 587 
0 420 342 490 336 307 622 537 188 652 458 214 585 503 648 182 271 678 446 105 105 635 691 194 528 190 672 0 489 587 
272 420 342 490 336 307 622 537 188 652 0 214 585 503 648 182 271 678 446 105 105 635 691 194 528 190 672 0 489 587 
0 420 342 490 336 307 622 537 188 652 458 214 585 503 648 182 271 678 446 105 105 635 691 194 528 190 672 0 489 587 
627 503 168 355 686 282 248 138 0 492 119 192 327 676 698 307 656 678 123 424 628 206 218 320 146 348 188 489 0 334 
627 503 168 355 686 282 248 138 208 492 119 192 327 676 698 307 656 678 123 424 628 206 0 320 146 348 188 489 0 334 
627 503 168 0 686 282 248 138 208 492 119 192 327 676 698 307 656 678 123 424 628 206 218 320 146 348 188 489 0 334 
627 503 168 355 0 282 248 138 208 492 119 192 327 676 698 307 656 678 123 424 628 206 218 320 146 348 188 489 0 334 
627 503 168 355 686 282 248 138 208 492 119 192 327 676 698 307 656 678 123 424 628 0 218 320 146 348 188 489 0 334 
627 503 168 355 686 282 248 138 208 492 119 192 327 676 698 307 656 678 123 424 628 206 0 320 146 348 188 489 0 334 
682 462 460 411 320 635 226 0 346 245 137 284 416 217 463 697 360 407 430 176 299 297 549 636 456 427 663 587 334 0 
682 462 460 411 320 635 226 515 346 245 137 284 416 217 463 697 0 407 430 176 299 297 549 636 456 427 663 587 334 0 
682 462 460 411 320 635 226 515 346 245 137 284 0 217 463 697 360 407 430 176 299 297 549 636 456 427 663 587 334 0 
682 462 460 411 320 635 226 515 346 245 137 284 416 217 463 697 0 407 430 176 299 297 549 636 456 427 663 587 334 0 

5403.5
1 0.0 0.0
2 547.0 33.0
3 461.0 24.0
4 500.0 24.0
5 611.0 29.0
6 597.0 25.0
7 505.0 32.0
8 675.0 34.0
9 665.0 38.0
10 634.0 29.0
11 306.0 3.0
12 656.0 36.0
13 538.0 30.0
14 430.0 28.0
15 269.0 17.0
16 189.0 5.0
17 180.0 2.0
18 150.0 13.0
19 321.0 9.0
20 285.0 6.0
21 251.0 5.0
22 393.0 2.0
23 336.0 9.0
24 184.0 6.0
25 192.0 16.0
26 247.0 15.0
27 162.0 6.0
28 113.0 1.0
29 185.0 16.0
30 225.0 13.0
