30 90 3

0 338 439 117 282 184 107 512 284 341 450 182 165 402 543 483 574 353 299 441 285 501 453 317 566 226 455 518 466 497 
338 0 283 583 477 261 247 536 587 447 198 457 107 106 443 363 163 239 335 124 559 339 325 310 116 415 237 287 515 180 
439 283 0 115 204 207 361 180 268 452 246 495 240 537 219 380 434 433 202 481 575 376 266 415 399 405 308 479 415 576 
117 583 115 0 588 514 229 163 382 484 488 194 256 536 317 301 557 285 240 271 455 217 569 374 328 379 307 197 382 364 
282 477 204 588 0 411 498 102 519 477 575 308 193 597 225 134 119 241 589 167 383 515 311 190 327 145 462 288 234 260 
184 261 207 514 411 0 546 210 245 538 140 384 382 434 439 376 131 479 368 583 177 232 540 599 113 375 562 241 268 468 
107 247 361 229 498 546 0 224 474 264 553 172 561 126 192 508 596 207 569 419 384 256 598 103 586 117 218 104 444 375 
512 536 180 163 102 210 224 0 182 423 282 260 367 484 443 332 497 374 364 419 131 112 443 486 401 125 120 457 315 262 
284 587 268 382 519 245 474 182 0 381 298 225 472 412 227 301 213 296 242 167 143 205 566 456 552 233 446 589 386 127 
341 447 452 484 477 538 264 423 381 0 430 128 458 438 270 155 465 415 543 453 491 368 165 573 176 151 323 592 194 575 
450 198 246 488 575 140 553 282 298 430 0 575 171 460 377 333 127 520 430 135 582 103 485 232 475 159 121 517 114 120 
182 457 495 194 308 384 172 260 225 128 575 0 322 253 253 228 345 201 231 496 565 464 312 119 488 521 434 477 291 559 
165 107 240 256 193 382 561 367 472 458 171 322 0 579 326 347 151 295 387 285 176 165 362 369 464 561 325 252 471 122 
402 106 537 536 597 434 126 484 412 438 460 253 579 0 180 163 129 187 188 540 190 320 369 476 397 331 524 578 595 144 
543 443 219 317 225 439 192 443 227 270 377 253 326 180 0 358 124 421 447 148 580 560 481 283 182 110 270 389 565 569 
483 363 380 301 134 376 508 332 301 155 333 228 347 163 358 0 597 167 263 194 425 499 247 180 169 254 398 167 376 159 
574 163 434 557 119 131 596 497 213 465 127 345 151 129 124 597 0 182 316 179 426 128 413 348 287 460 483 483 583 423 
353 239 433 285 241 479 207 374 296 415 520 201 295 187 421 167 182 0 532 380 328 577 548 284 478 461 519 373 279 522 
299 335 202 240 589 368 569 364 242 543 430 231 387 188 447 263 316 532 0 492 374 140 203 282 384 171 243 528 547 540 
441 124 481 271 167 583 419 419 167 453 135 496 285 540 148 194 179 380 492 0 280 316 396 240 459 529 572 144 121 445 
285 559 575 455 383 177 384 131 143 491 582 565 176 190 580 425 426 328 374 280 0 226 550 396 250 543 512 128 213 503 
501 339 376 217 515 232 256 112 205 368 103 464 165 320 560 499 128 577 140 316 226 0 270 349 397 419 211 599 538 206 
453 325 266 569 311 540 598 443 566 165 485 312 362 369 481 247 413 548 203 396 550 270 0 571 406 146 505 503 480 245 
317 310 415 374 190 599 103 486 456 573 232 119 369 476 283 180 348 284 282 240 396 349 571 0 304 462 487 497 395 456 
566 116 399 328 327 113 586 401 552 176 475 488 464 397 182 169 287 478 384 459 250 397 406 304 0 388 366 405 507 186 
226 415 405 379 145 375 117 125 233 151 159 521 561 331 110 254 460 461 171 529 543 419 146 462 388 0 196 585 313 461 
455 237 308 307 462 562 218 120 446 323 121 434 325 524 270 398 483 519 243 572 512 211 505 487 366 196 0 171 191 481 
518 287 479 197 288 241 104 457 589 592 517 477 252 578 389 167 483 373 528 144 128 599 503 497 405 585 171 0 404 427 
466 515 415 382 234 268 444 315 386 194 114 291 471 595 565 376 583 279 547 121 213 538 480 395 507 313 191 404 0 221 
497 180 576 364 260 468 375 262 127 575 120 559 122 144 569 159 423 522 540 445 503 206 245 456 186 461 481 427 221 0 

0 43 98 36 55 42 84 48 43 35 49 82 45 91 63 84 92 73 47 98 33 46 65 66 46 55 71 49 36 31 
43 0 75 39 68 83 77 94 75 81 31 57 57 75 51 72 92 37 32 64 75 71 82 42 32 97 54 47 75 42 
98 75 0 48 65 70 31 74 51 99 53 89 40 53 85 35 55 94 45 86 79 52 79 75 58 78 65 36 93 97 
36 39 48 0 45 45 79 57 36 46 30 38 90 91 99 61 76 72 50 41 72 98 53 56 89 59 38 42 65 31 
55 68 65 45 0 70 92 70 36 47 91 38 40 49 70 66 71 77 67 84 84 86 41 58 97 92 61 96 95 78 
42 83 70 45 70 0 98 46 62 92 34 46 88 93 77 65 40 48 55 48 40 57 49 52 82 75 62 38 65 68 
84 77 31 79 92 98 0 64 58 72 93 52 39 75 50 83 75 88 81 44 34 39 76 64 79 55 67 57 95 69 
48 94 74 57 70 46 64 0 35 55 49 45 42 55 65 46 73 86 82 99 66 50 47 83 97 59 91 66 47 70 
43 75 51 36 36 62 58 35 0 52 32 91 31 91 30 97 83 83 34 73 41 69 45 79 84 33 39 36 86 87 
35 81 99 46 47 92 72 55 52 0 70 35 89 64 68 80 70 31 40 90 52 88 35 44 69 72 94 51 71 67 
49 31 53 30 91 34 93 49 32 70 0 45 82 89 79 45 98 48 56 87 42 52 93 41 30 96 50 48 94 69 
82 57 89 38 38 46 52 45 91 35 45 0 46 92 73 49 44 74 80 71 85 61 78 54 33 50 77 80 43 60 
45 57 40 90 40 88 39 42 31 89 82 46 0 65 71 41 56 31 61 69 43 69 41 75 94 66 86 59 76 91 
91 75 53 91 49 93 75 55 91 64 89 92 65 0 98 81 87 82 62 73 48 71 96 60 70 81 89 70 85 79 
63 51 85 99 70 77 50 65 30 68 79 73 71 98 0 35 77 45 48 62 45 46 53 68 47 63 32 57 44 66 
84 72 35 61 66 65 83 46 97 80 45 49 41 81 35 0 74 81 85 67 64 43 67 95 89 93 96 31 65 88 
92 92 55 76 71 40 75 73 83 70 98 44 56 87 77 74 0 39 72 80 59 54 53 50 66 65 60 73 44 43 
73 37 94 72 77 48 88 86 83 31 48 74 31 82 45 81 39 0 68 42 72 54 33 49 81 39 78 63 92 92 
47 32 45 50 67 55 81 82 34 40 56 80 61 62 48 85 72 68 0 68 93 84 88 42 77 92 83 86 37 97 
98 64 86 41 84 48 44 99 73 90 87 71 69 73 62 67 80 42 68 0 90 51 45 42 66 75 55 43 67 98 
33 75 79 72 84 40 34 66 41 52 42 85 43 48 45 64 59 72 93 90 0 85 99 31 45 32 93 33 81 83 
46 71 52 98 86 57 39 50 69 88 52 61 69 71 46 43 54 54 84 51 85 0 47 88 63 86 37 32 55 87 
65 82 79 53 41 49 76 47 45 35 93 78 41 96 53 67 53 33 88 45 99 47 0 92 73 45 82 83 91 74 
66 42 75 56 58 52 64 83 79 44 41 54 75 60 68 95 50 49 42 42 31 88 92 0 58 62 69 39 82 85 
46 32 58 89 97 82 79 97 84 69 30 33 94 70 47 89 66 81 77 66 45 63 73 58 0 86 38 40 92 96 
55 97 78 59 92 75 55 59 33 72 96 50 66 81 63 93 65 39 92 75 32 86 45 62 86 0 68 33 96 61 
71 54 65 38 61 62 67 91 39 94 50 77 86 89 32 96 60 78 83 55 93 37 82 69 38 68 0 53 97 65 
49 47 36 42 96 38 57 66 36 51 48 80 59 70 57 31 73 63 86 43 33 32 83 39 40 33 53 0 82 52 
36 75 93 65 95 65 95 47 86 71 94 43 76 85 44 65 44 92 37 67 81 55 91 82 92 96 97 82 0 37 
31 42 97 31 78 68 69 70 87 67 69 60 91 79 66 88 43 92 97 98 83 87 74 85 96 61 65 52 37 0 

332.0 470.0 1 20
373.0 428.0 1 3
498.0 205.0 1 4
249.0 148.0 2 11
332.0 448.0 2 19
332.0 362.0 2 22
436.0 257.0 3 26
415.0 366.0 3 2
485.0 523.0 3 28
373.0 259.0 4 21
291.0 347.0 4 25
436.0 159.0 4 23
249.0 420.0 5 15
485.0 125.0 5 12
443.0 524.0 5 16
388.0 298.0 6 2
332.0 151.0 6 1
443.0 448.0 6 13
291.0 558.0 7 6
498.0 502.0 7 12
436.0 302.0 7 1
332.0 225.0 8 29
249.0 330.0 8 10
249.0 295.0 8 19
443.0 237.0 9 24
436.0 139.0 9 13
291.0 402.0 9 24
388.0 234.0 10 21
443.0 275.0 10 28
443.0 244.0 10 28
498.0 336.0 11 10
339.0 336.0 11 19
388.0 300.0 11 5
332.0 408.0 12 19
415.0 226.0 12 24
485.0 392.0 12 27
291.0 141.0 13 21
498.0 102.0 13 18
373.0 450.0 13 24
373.0 306.0 14 6
291.0 334.0 14 19
388.0 409.0 14 4
388.0 244.0 15 10
436.0 298.0 15 13
291.0 255.0 15 7
373.0 280.0 16 2
291.0 370.0 16 29
332.0 168.0 16 4
485.0 316.0 17 25
373.0 331.0 17 1
373.0 524.0 17 1
373.0 244.0 18 6
249.0 140.0 18 8
291.0 410.0 18 21
415.0 484.0 19 16
387.0 361.0 19 28
373.0 231.0 19 25
443.0 352.0 20 5
388.0 504.0 20 8
498.0 202.0 20 23
291.0 408.0 21 12
415.0 237.0 21 3
291.0 124.0 21 1
332.0 210.0 22 7
436.0 331.0 22 9
339.0 290.0 22 20
291.0 432.0 23 14
332.0 524.0 23 24
291.0 162.0 23 20
415.0 492.0 24 29
415.0 178.0 24 12
387.0 260.0 24 22
291.0 282.0 25 13
387.0 564.0 25 13
249.0 216.0 25 28
415.0 336.0 26 8
291.0 265.0 26 8
291.0 168.0 26 28
498.0 341.0 27 7
373.0 275.0 27 2
339.0 331.0 27 30
291.0 247.0 28 13
249.0 246.0 28 29
291.0 244.0 28 10
339.0 214.0 29 4
249.0 426.0 29 10
436.0 319.0 29 24
373.0 193.0 30 17
373.0 222.0 30 13
498.0 414.0 30 7

0 338 232 117 282 184 107 280 284 310 324 182 165 233 299 378 315 314 299 0 285 330 370 210 297 224 325 211 438 287 
0 338 0 117 282 184 107 280 284 310 324 182 165 233 299 378 315 314 299 355 285 330 370 210 297 224 325 211 438 287 
0 338 232 0 282 184 107 280 284 310 324 182 165 233 299 378 315 314 299 355 285 330 370 210 297 224 325 211 438 287 
338 0 283 583 477 261 247 536 587 447 0 457 107 106 443 363 163 239 335 124 559 339 325 310 116 415 237 287 515 180 
338 0 283 583 477 0 247 536 587 447 198 457 107 106 443 363 163 239 335 124 559 339 325 310 116 415 237 287 515 180 
338 0 283 583 477 261 247 536 587 447 198 457 107 106 443 363 163 239 335 124 559 0 325 310 116 415 237 287 515 180 
439 283 0 115 204 207 361 180 268 452 246 495 240 537 219 380 434 433 202 481 575 376 266 415 399 0 308 479 415 576 
439 283 0 115 204 207 361 180 268 452 246 495 240 537 219 380 434 0 202 481 575 376 266 415 399 405 308 479 415 576 
439 283 0 115 204 207 361 180 268 452 246 495 240 537 219 380 434 433 202 481 575 376 266 415 399 405 308 479 415 0 
117 583 115 0 588 514 229 163 382 484 488 194 256 536 317 301 557 285 240 271 0 217 569 374 328 379 307 197 382 364 
117 583 115 0 588 514 229 163 382 484 488 194 256 536 317 301 557 285 240 271 455 217 569 374 0 379 307 197 382 364 
117 583 115 0 588 514 229 163 382 484 488 194 256 536 317 301 557 285 240 271 455 217 0 374 328 379 307 197 382 364 
282 477 204 588 0 411 498 102 519 477 575 308 193 597 0 134 119 241 589 167 383 515 311 190 327 145 462 288 234 260 
282 477 204 588 0 411 498 102 519 477 575 0 193 597 225 134 119 241 589 167 383 515 311 190 327 145 462 288 234 260 
282 477 204 588 0 411 498 102 519 477 575 308 193 597 225 134 119 241 589 167 383 515 311 190 327 0 462 288 234 260 
184 0 207 514 411 0 546 210 245 538 140 384 382 434 439 376 131 479 368 583 177 232 540 599 113 375 562 241 268 468 
0 261 207 514 411 0 546 210 245 538 140 384 382 434 439 376 131 479 368 583 177 232 540 599 113 375 562 241 268 468 
184 261 207 514 411 0 546 210 245 538 140 384 0 434 439 376 131 479 368 583 177 232 540 599 113 375 562 241 268 468 
107 247 361 229 498 0 0 224 474 264 553 172 561 126 192 271 596 207 569 419 384 256 598 103 586 117 218 104 444 375 
107 247 361 229 498 546 0 224 474 264 0 172 561 126 192 271 596 207 569 419 384 256 598 103 586 117 218 104 444 375 
0 247 361 229 498 546 0 224 474 264 553 172 561 126 192 271 596 207 569 419 384 256 598 103 586 117 218 104 444 375 
512 536 180 163 102 210 224 0 182 423 282 260 367 484 443 332 497 374 364 419 131 112 443 486 401 125 120 457 0 262 
512 536 180 163 102 210 224 0 182 0 282 260 367 484 443 332 497 374 364 419 131 112 443 486 401 125 120 457 315 262 
512 536 180 163 102 210 224 0 182 423 282 260 367 484 443 332 497 374 0 419 131 112 443 486 401 125 120 457 315 262 
284 587 268 382 519 245 474 182 0 381 298 225 472 412 227 301 213 296 242 167 143 205 566 0 552 233 446 589 386 127 
284 587 268 382 519 245 474 182 0 381 298 225 0 412 227 301 213 296 242 167 143 205 566 456 552 233 446 589 386 127 
284 587 268 382 519 245 474 182 0 381 298 225 472 412 227 301 213 296 242 167 143 205 566 0 552 233 446 589 386 127 
341 447 452 484 477 538 264 423 381 0 430 128 458 438 270 155 465 415 543 453 0 368 165 573 176 151 323 592 194 575 
341 447 452 484 477 538 264 423 381 0 430 128 458 438 270 155 465 415 543 453 491 368 165 573 176 151 323 0 194 575 
341 447 452 484 477 538 264 423 381 0 430 128 458 438 270 155 465 415 543 453 491 368 165 573 176 151 323 0 194 575 
450 198 246 488 575 140 553 282 298 0 0 575 171 460 377 333 127 520 430 135 582 103 485 232 475 159 121 517 114 120 
450 198 246 488 575 140 553 282 298 430 0 575 171 460 377 333 127 520 0 135 582 103 485 232 475 159 121 517 114 120 
450 198 246 488 0 140 553 282 298 430 0 575 171 460 377 333 127 520 430 135 582 103 485 232 475 159 121 517 114 120 
182 457 495 194 308 384 172 260 225 128 575 0 322 253 253 228 345 201 0 496 565 464 312 119 488 521 434 477 291 559 
182 457 495 194 308 384 172 260 225 128 575 0 322 253 253 228 345 201 231 496 565 464 312 0 488 521 434 477 291 559 
182 457 495 194 308 384 172 260 225 128 575 0 322 253 253 228 345 201 231 496 565 464 312 119 488 521 0 477 291 559 
165 107 240 256 193 382 561 367 472 458 171 322 0 579 326 347 151 295 387 285 0 165 362 369 464 561 325 252 471 122 
165 107 240 256 193 382 561 367 472 458 171 322 0 579 326 347 151 0 387 285 176 165 362 369 464 561 325 252 471 122 
165 107 240 256 193 382 561 367 472 458 171 322 0 579 326 347 151 295 387 285 176 165 362 0 464 561 325 252 471 122 
402 106 537 536 597 0 126 484 412 438 460 253 579 0 180 163 129 187 188 540 190 320 369 476 397 331 524 578 595 144 
402 106 537 536 597 434 126 484 412 438 460 253 579 0 180 163 129 187 0 540 190 320 369 476 397 331 524 578 595 144 
402 106 537 0 597 434 126 484 412 438 460 253 579 0 180 163 129 187 188 540 190 320 369 476 397 331 524 578 595 144 
543 443 219 317 225 439 192 443 227 0 377 253 326 180 0 358 124 421 447 148 580 560 481 283 182 110 270 389 565 569 
543 443 219 317 225 439 192 443 227 270 377 253 0 180 0 358 124 421 447 148 580 560 481 283 182 110 270 389 565 569 
543 443 219 317 225 439 0 443 227 270 377 253 326 180 0 358 124 421 447 148 580 560 481 283 182 110 270 389 565 569 
483 0 380 301 134 376 508 332 301 155 333 228 347 163 358 0 597 167 263 194 425 499 247 180 169 254 398 167 376 159 
483 363 380 301 134 376 508 332 301 155 333 228 347 163 358 0 597 167 263 194 425 499 247 180 169 254 398 167 0 159 
483 363 380 301 134 376 508 332 301 155 333 228 347 163 0 0 597 167 263 194 425 499 247 180 169 254 398 167 376 159 
574 163 434 557 119 131 596 497 213 465 127 345 151 129 124 597 0 182 316 179 426 128 413 348 0 460 483 483 583 423 
0 163 434 557 119 131 596 497 213 465 127 345 151 129 124 597 0 182 316 179 426 128 413 348 287 460 483 483 583 423 
0 163 434 557 119 131 596 497 213 465 127 345 151 129 124 597 0 182 316 179 426 128 413 348 287 460 483 483 583 423 
353 239 433 285 241 0 207 374 296 415 520 201 295 187 421 167 182 0 532 380 328 577 548 284 478 461 519 373 279 522 
353 239 433 285 241 479 207 374 296 415 520 201 295 187 421 167 182 0 532 380 328 577 548 284 478 0 519 373 279 522 
353 239 433 285 241 479 207 374 296 415 520 201 295 187 421 167 182 0 532 380 0 577 548 284 478 461 519 373 279 522 
299 335 202 240 589 368 569 364 242 543 430 231 387 188 447 0 316 532 0 492 374 140 203 282 384 171 243 528 547 540 
299 335 202 240 589 368 569 364 242 543 430 231 387 188 447 263 316 532 0 492 374 140 203 282 384 171 243 0 547 540 
299 335 202 240 589 368 569 364 242 543 430 231 387 188 447 263 316 532 0 492 374 140 203 282 0 171 243 528 547 540 
441 124 481 271 0 583 419 419 167 453 135 496 285 540 148 194 179 380 492 0 280 316 396 240 459 529 572 144 121 445 
441 124 481 271 167 583 419 0 167 453 135 496 285 540 148 194 179 380 492 0 280 316 396 240 459 529 572 144 121 445 
441 124 481 271 167 583 419 419 167 453 135 496 285 540 148 194 179 380 492 0 280 316 0 240 459 529 572 144 121 445 
285 559 575 455 383 177 384 131 143 491 582 0 176 190 580 425 426 328 374 280 0 226 550 396 250 543 512 128 213 503 
285 559 0 455 383 177 384 131 143 491 582 565 176 190 580 425 426 328 374 280 0 226 550 396 250 543 512 128 213 503 
285 559 575 455 383 177 384 131 143 491 582 565 176 190 580 425 426 328 374 280 0 226 550 396 250 0 512 128 213 503 
501 339 376 217 515 232 0 112 205 368 103 464 165 320 560 499 128 577 140 316 226 0 270 349 397 419 211 599 538 206 
501 339 376 217 515 232 256 112 0 368 103 464 165 320 560 499 128 577 140 316 226 0 270 349 397 419 211 599 538 206 
501 339 376 217 515 232 256 112 205 368 103 464 165 320 560 499 128 577 140 0 226 0 270 349 397 419 211 599 538 206 
453 325 266 569 311 540 598 443 566 165 485 312 362 0 481 247 413 548 203 396 550 270 0 571 406 146 505 503 480 245 
453 325 266 569 311 540 598 443 566 165 485 312 362 369 481 247 413 548 203 396 550 270 0 0 406 146 505 503 480 245 
453 325 266 569 311 540 598 443 566 165 485 312 362 369 481 247 413 548 203 0 550 270 0 571 406 146 505 503 480 245 
317 310 415 374 190 599 103 486 456 573 232 119 369 476 283 180 348 284 282 240 396 349 571 0 304 462 487 497 0 456 
317 310 415 374 190 599 103 486 456 573 232 0 369 476 283 180 348 284 282 240 396 349 571 0 304 462 487 497 395 456 
317 310 415 374 190 599 103 486 456 573 232 119 369 476 283 180 348 284 282 240 396 349 571 0 304 0 487 497 395 456 
566 116 399 328 327 113 586 401 552 176 475 488 0 397 182 169 287 478 384 459 250 397 406 304 0 388 366 405 507 186 
566 116 399 328 327 113 586 401 552 176 475 488 0 397 182 169 287 478 384 459 250 397 406 304 0 388 366 405 507 186 
566 116 399 328 327 113 586 401 552 176 475 488 464 397 182 169 287 478 384 459 250 397 406 304 0 388 366 0 507 186 
226 415 405 379 145 375 117 0 233 151 159 521 561 331 110 254 460 461 171 529 543 419 146 462 388 0 196 585 313 461 
226 415 405 379 145 375 117 0 233 151 159 521 561 331 110 254 460 461 171 529 543 419 146 462 388 0 196 585 313 461 
226 415 405 379 145 375 117 125 233 151 159 521 561 331 110 254 460 461 171 529 543 419 146 462 388 0 196 0 313 461 
455 237 308 307 462 562 0 120 446 323 121 434 325 524 270 398 483 519 243 572 512 211 505 487 366 196 0 171 191 481 
455 0 308 307 462 562 218 120 446 323 121 434 325 524 270 398 483 519 243 572 512 211 505 487 366 196 0 171 191 481 
455 237 308 307 462 562 218 120 446 323 121 434 325 524 270 398 483 519 243 572 512 211 505 487 366 196 0 171 191 0 
518 287 479 197 288 241 104 457 589 592 517 477 0 578 389 167 483 373 528 144 128 599 503 497 405 585 171 0 404 427 
518 287 479 197 288 241 104 457 589 592 517 477 252 578 389 167 483 373 528 144 128 599 503 497 405 585 171 0 0 427 
518 287 479 197 288 241 104 457 589 0 517 477 252 578 389 167 483 373 528 144 128 599 503 497 405 585 171 0 404 427 
466 515 415 0 234 268 444 315 386 194 114 291 471 595 565 376 583 279 547 121 213 538 480 395 507 313 191 404 0 221 
466 515 415 382 234 268 444 315 386 0 114 291 471 595 565 376 583 279 547 121 213 538 480 395 507 313 191 404 0 221 
466 515 415 382 234 268 444 315 386 194 114 291 471 595 565 376 583 279 547 121 213 538 480 0 507 313 191 404 0 221 
497 180 576 364 260 468 375 262 127 575 120 559 122 144 569 159 0 522 540 445 503 206 245 456 186 461 481 427 221 0 
497 180 576 364 260 468 375 262 127 575 120 559 122 144 569 159 423 522 540 445 503 206 245 456 186 461 481 427 0 0 
497 180 576 364 260 468 0 262 127 575 120 559 122 144 569 159 423 522 540 445 503 206 245 456 186 461 481 427 221 0 

4853.0
1 0.0 0.0
2 194.0 18.0
3 532.0 7.0
4 305.0 9.0
5 433.0 8.0
6 539.0 35.0
7 249.0 28.0
8 322.0 38.0
9 533.0 16.0
10 155.0 3.0
11 466.0 34.0
12 154.0 4.0
13 250.0 26.0
14 574.0 32.0
15 406.0 8.0
16 223.0 4.0
17 374.0 11.0
18 589.0 15.0
19 244.0 3.0
20 155.0 10.0
21 223.0 5.0
22 189.0 26.0
23 304.0 25.0
24 189.0 11.0
25 452.0 0.0
26 499.0 11.0
27 138.0 39.0
28 248.0 33.0
29 425.0 35.0
30 342.0 0.0
