10 79 4

0 312 598 206 538 481 337 325 649 112 
312 0 235 484 385 668 549 646 419 582 
598 235 0 678 250 271 651 570 509 180 
206 484 678 0 615 280 387 485 136 330 
538 385 250 615 0 686 405 678 654 117 
481 668 271 280 686 0 291 348 457 346 
337 549 651 387 405 291 0 640 579 282 
325 646 570 485 678 348 640 0 336 229 
649 419 509 136 654 457 579 336 0 220 
112 582 180 330 117 346 282 229 220 0 

0 95 39 95 55 47 98 63 35 76 
95 0 87 20 26 38 52 42 57 38 
39 87 0 55 89 91 25 44 39 77 
95 20 55 0 28 83 22 37 87 69 
55 26 89 28 0 23 56 38 25 61 
47 38 91 83 23 0 79 98 31 95 
98 52 25 22 56 79 0 45 31 95 
63 42 44 37 38 98 45 0 85 72 
35 57 39 87 25 31 31 85 0 78 
76 38 77 69 61 95 95 72 78 0 

354.0 228.0 1 10
319.0 192.0 1 7
283.0 228.0 1 10
248.0 192.0 1 7
248.0 78.0 2 5
213.0 171.0 2 9
354.0 285.0 2 1
283.0 126.0 2 8
354.0 261.0 2 3
319.0 261.0 3 2
354.0 267.0 3 5
213.0 273.0 3 6
248.0 231.0 3 10
248.0 132.0 3 8
283.0 273.0 3 6
283.0 273.0 3 6
319.0 117.0 3 1
213.0 165.0 3 4
354.0 231.0 3 10
319.0 285.0 4 1
283.0 249.0 4 6
319.0 165.0 4 3
319.0 249.0 4 6
213.0 84.0 5 4
213.0 183.0 5 10
319.0 69.0 5 6
354.0 78.0 5 2
248.0 84.0 5 4
213.0 84.0 5 4
248.0 69.0 5 6
283.0 84.0 5 4
248.0 69.0 5 6
248.0 69.0 6 5
354.0 294.0 6 8
354.0 93.0 6 9
213.0 285.0 6 10
213.0 294.0 6 8
283.0 273.0 6 3
319.0 273.0 6 3
319.0 249.0 6 4
354.0 237.0 6 7
319.0 93.0 7 9
354.0 294.0 7 1
354.0 93.0 7 9
213.0 93.0 7 9
283.0 285.0 7 10
213.0 156.0 7 2
319.0 294.0 7 1
319.0 66.0 7 4
213.0 285.0 7 10
248.0 168.0 7 5
248.0 237.0 7 6
283.0 111.0 8 4
354.0 114.0 8 5
319.0 294.0 8 6
213.0 294.0 8 6
354.0 135.0 8 7
354.0 111.0 8 4
213.0 294.0 8 6
248.0 294.0 8 6
283.0 126.0 8 2
248.0 189.0 8 1
248.0 132.0 8 3
213.0 93.0 9 7
248.0 255.0 9 8
283.0 234.0 9 10
248.0 255.0 9 8
319.0 255.0 9 8
354.0 261.0 9 4
213.0 255.0 9 8
283.0 75.0 9 5
213.0 93.0 9 6
319.0 171.0 9 2
248.0 93.0 9 6
213.0 255.0 9 8
319.0 114.0 10 2
283.0 285.0 10 6
213.0 231.0 10 3
248.0 114.0 10 2

0 312 292 206 229 458 337 325 332 0 
0 312 292 206 229 458 0 325 332 112 
0 312 292 206 229 458 337 325 332 0 
0 312 292 206 229 458 0 325 332 112 
312 0 235 484 0 668 549 646 419 582 
312 0 235 484 385 668 549 646 0 582 
0 0 235 484 385 668 549 646 419 582 
312 0 235 484 385 668 549 0 419 582 
312 0 0 484 385 668 549 646 419 582 
598 0 0 678 250 271 651 570 509 180 
598 235 0 678 0 271 651 570 509 180 
598 235 0 678 250 0 651 570 509 180 
598 235 0 678 250 271 651 570 509 0 
598 235 0 678 250 271 651 0 509 180 
598 235 0 678 250 0 651 570 509 180 
598 235 0 678 250 0 651 570 509 180 
0 235 0 678 250 271 651 570 509 180 
598 235 0 0 250 271 651 570 509 180 
598 235 0 678 250 271 651 570 509 0 
0 484 678 0 615 280 387 485 136 330 
206 484 678 0 615 0 387 485 136 330 
206 484 0 0 615 280 387 485 136 330 
206 484 678 0 615 0 387 485 136 330 
538 385 250 0 0 686 405 678 654 117 
538 385 250 615 0 686 405 678 654 0 
538 385 250 615 0 0 405 678 654 117 
538 0 250 615 0 686 405 678 654 117 
538 385 250 0 0 686 405 678 654 117 
538 385 250 0 0 686 405 678 654 117 
538 385 250 615 0 0 405 678 654 117 
538 385 250 0 0 686 405 678 654 117 
538 385 250 615 0 0 405 678 654 117 
481 668 271 280 0 0 291 348 457 346 
481 668 271 280 686 0 291 0 457 346 
481 668 271 280 686 0 291 348 0 346 
481 668 271 280 686 0 291 348 457 0 
481 668 271 280 686 0 291 0 457 346 
481 668 0 280 686 0 291 348 457 346 
481 668 0 280 686 0 291 348 457 346 
481 668 271 0 686 0 291 348 457 346 
481 668 271 280 686 0 0 348 457 346 
337 549 651 387 405 291 0 640 0 282 
0 549 651 387 405 291 0 640 579 282 
337 549 651 387 405 291 0 640 0 282 
337 549 651 387 405 291 0 640 0 282 
337 549 651 387 405 291 0 640 579 0 
337 0 651 387 405 291 0 640 579 282 
0 549 651 387 405 291 0 640 579 282 
337 549 651 0 405 291 0 640 579 282 
337 549 651 387 405 291 0 640 579 0 
337 549 651 387 0 291 0 640 579 282 
337 549 651 387 405 0 0 640 579 282 
325 646 570 0 678 348 640 0 336 229 
325 646 570 485 0 348 640 0 336 229 
325 646 570 485 678 0 640 0 336 229 
325 646 570 485 678 0 640 0 336 229 
325 646 570 485 678 348 0 0 336 229 
325 646 570 0 678 348 640 0 336 229 
325 646 570 485 678 0 640 0 336 229 
325 646 570 485 678 0 640 0 336 229 
325 0 570 485 678 348 640 0 336 229 
0 646 570 485 678 348 640 0 336 229 
325 646 0 485 678 348 640 0 336 229 
649 419 509 136 654 457 0 336 0 220 
649 419 509 136 654 457 579 0 0 220 
649 419 509 136 654 457 579 336 0 0 
649 419 509 136 654 457 579 0 0 220 
649 419 509 136 654 457 579 0 0 220 
649 419 509 0 654 457 579 336 0 220 
649 419 509 136 654 457 579 0 0 220 
649 419 509 136 0 457 579 336 0 220 
649 419 509 136 654 0 579 336 0 220 
649 0 509 136 654 457 579 336 0 220 
649 419 509 136 654 0 579 336 0 220 
649 419 509 136 654 457 579 0 0 220 
112 0 180 330 117 346 282 229 220 0 
112 582 180 330 117 0 282 229 220 0 
112 582 0 330 117 346 282 229 220 0 
112 0 180 330 117 346 282 229 220 0 

2767.1
1 0.0 0.0
2 688.0 34.0
3 678.0 20.0
4 698.0 29.0
5 674.0 38.0
6 245.0 6.0
7 230.0 15.0
8 385.0 4.0
9 203.0 14.0
10 152.0 17.0
