10 40 4

0 501 397 388 165 401 436 195 364 549 
501 0 545 309 325 123 538 245 484 337 
397 545 0 448 353 309 252 351 317 349 
388 309 448 0 546 484 533 261 431 247 
165 325 353 546 0 527 193 277 580 311 
401 123 309 484 527 0 283 357 184 172 
436 538 252 533 193 283 0 315 414 258 
195 245 351 261 277 357 315 0 521 124 
364 484 317 431 580 184 414 521 0 445 
549 337 349 247 311 172 258 124 445 0 

0 75 75 30 30 49 93 88 40 94 
75 0 93 77 41 56 72 84 61 59 
75 93 0 87 72 47 92 82 76 61 
30 77 87 0 74 59 30 79 48 42 
30 41 72 74 0 53 41 51 31 39 
49 56 47 59 53 0 84 72 38 57 
93 72 92 30 41 84 0 31 63 52 
88 84 82 79 51 72 31 0 62 60 
40 61 76 48 31 38 63 62 0 65 
94 59 61 42 39 57 52 60 65 0 

232.0 279.0 1 7
331.0 147.0 1 6
298.0 120.0 1 9
298.0 147.0 1 6
199.0 123.0 2 5
298.0 225.0 2 1
331.0 231.0 2 4
265.0 123.0 2 5
331.0 228.0 3 9
265.0 183.0 3 10
298.0 216.0 3 5
199.0 141.0 3 6
298.0 90.0 4 7
331.0 237.0 4 8
232.0 261.0 4 3
232.0 90.0 4 1
265.0 216.0 5 3
232.0 216.0 5 3
298.0 123.0 5 7
265.0 90.0 5 1
298.0 168.0 6 2
199.0 168.0 6 2
298.0 216.0 6 8
199.0 141.0 6 3
265.0 216.0 7 2
298.0 276.0 7 3
331.0 276.0 7 3
199.0 279.0 7 1
199.0 216.0 8 6
199.0 252.0 8 2
265.0 153.0 8 5
331.0 252.0 8 2
199.0 186.0 9 8
232.0 195.0 9 10
298.0 186.0 9 8
232.0 228.0 9 3
331.0 126.0 10 4
265.0 195.0 10 9
232.0 156.0 10 7
199.0 282.0 10 1

0 501 397 388 165 401 0 195 364 319 
0 501 397 388 165 0 358 195 364 319 
0 501 397 388 165 401 358 195 0 319 
0 501 397 388 165 0 358 195 364 319 
501 0 545 309 0 123 538 245 484 337 
0 0 545 309 325 123 538 245 484 337 
501 0 545 0 325 123 538 245 484 337 
501 0 545 309 0 123 538 245 484 337 
397 545 0 448 353 309 252 351 0 349 
397 545 0 448 353 309 252 351 317 0 
397 545 0 448 0 309 252 351 317 349 
397 545 0 448 353 0 252 351 317 349 
388 309 448 0 546 484 0 261 431 247 
388 309 448 0 546 484 533 0 431 247 
388 309 0 0 546 484 533 261 431 247 
0 309 448 0 546 484 533 261 431 247 
165 325 0 546 0 527 193 277 580 311 
165 325 0 546 0 527 193 277 580 311 
165 325 353 546 0 527 0 277 580 311 
0 325 353 546 0 527 193 277 580 311 
401 0 309 484 527 0 283 357 184 172 
401 0 309 484 527 0 283 357 184 172 
401 123 309 484 527 0 283 0 184 172 
401 123 0 484 527 0 283 357 184 172 
436 0 252 533 193 283 0 315 414 258 
436 538 0 533 193 283 0 315 414 258 
436 538 0 533 193 283 0 315 414 258 
0 538 252 533 193 283 0 315 414 258 
195 245 351 261 277 0 315 0 521 124 
195 0 351 261 277 357 315 0 521 124 
195 245 351 261 0 357 315 0 521 124 
195 0 351 261 277 357 315 0 521 124 
364 484 317 431 580 184 414 0 0 445 
364 484 317 431 580 184 414 521 0 0 
364 484 317 431 580 184 414 0 0 445 
364 484 0 431 580 184 414 521 0 445 
549 337 349 0 311 172 258 124 445 0 
549 337 349 247 311 172 258 124 0 0 
549 337 349 247 311 172 0 124 445 0 
0 337 349 247 311 172 258 124 445 0 

2624.2999999999997
1 0.0 0.0
2 233.0 4.0
3 384.0 22.0
4 458.0 34.0
5 224.0 23.0
6 326.0 16.0
7 543.0 35.0
8 460.0 14.0
9 560.0 35.0
10 561.0 23.0
