10 8 3

000 100 100 100 100 100 100 100 100 100 
100 000 100 100 100 100 100 100 100 100 
100 100 000 100 100 100 100 100 100 100 
100 100 100 000 100 100 100 100 100 100 
100 100 100 100 000 100 100 100 100 100 
100 100 100 100 100 000 100 100 100 100 
100 100 100 100 100 100 000 100 100 100 
100 100 100 100 100 100 100 000 100 100 
100 100 100 100 100 100 100 100 000 100 
100 100 100 100 100 100 100 100 100 000 

0 98 73 47 86 75 54 63 84 63 
98 0 85 76 70 51 78 32 72 81 
73 85 0 35 95 60 34 64 94 30 
47 76 35 0 82 81 84 37 45 91 
86 70 95 82 0 44 50 50 41 74 
75 51 60 81 44 0 32 56 45 93 
54 78 34 84 50 32 0 67 58 59 
63 32 64 37 50 56 67 0 92 93 
84 72 94 45 41 45 58 92 0 34 
63 81 30 91 74 93 59 93 34 0 

51.0 219.0 1 2
51.0 219.0 2 3
51.0 255.0 3 4
51.0 285.0 4 5
51.0 192.0 5 6
51.0 190.0 6 7
51.0 243.0 7 8
51.0 115.0 8 1

0 0 100 383 136 335 210 348 267 343 
312 0 0 383 136 335 210 348 267 343 
312 100 0 0 110 210 451 102 294 355 
428 243 100 0 0 123 491 531 254 466 
428 243 100 506 0 0 100 531 254 466 
428 243 100 506 213 0 0 531 254 100 
383 459 506 100 595 100 0 0 443 294 
0 312 349 383 136 100 210 0 267 343 

1400.0
1 0.0 0.0
2 200.0 5.0
3 200.0 37.0
4 200.0 30.0
5 200.0 39.0
6 200.0 20.0
7 200.0 20.0
8 200.0 0.0
9 200.0 31.0
10 200.0 32.0
