10 50 5

0 194 583 140 278 610 550 422 664 437 
194 0 678 451 680 439 683 312 334 559 
583 678 0 213 354 104 171 392 451 631 
140 451 213 0 194 477 409 467 349 225 
278 680 354 194 0 115 521 163 171 457 
610 439 104 477 115 0 688 479 227 591 
550 683 171 409 521 688 0 627 248 318 
422 312 392 467 163 479 627 0 237 240 
664 334 451 349 171 227 248 237 0 221 
437 559 631 225 457 591 318 240 221 0 

0 98 21 67 92 29 49 30 44 38 
98 0 33 35 59 45 28 64 86 58 
21 33 0 90 87 69 99 51 46 59 
67 35 90 0 96 26 24 57 69 80 
92 59 87 96 0 85 48 62 78 52 
29 45 69 26 85 0 24 26 82 25 
49 28 99 24 48 24 0 34 94 93 
30 64 51 57 62 26 34 0 98 79 
44 86 46 69 78 82 94 98 0 67 
38 58 59 80 52 25 93 79 67 0 

177.0 201.0 1 4
295.0 90.0 1 8
207.0 132.0 1 9
207.0 114.0 1 10
207.0 114.0 1 10
266.0 174.0 2 10
236.0 294.0 2 1
295.0 177.0 2 5
266.0 294.0 2 1
295.0 258.0 2 9
236.0 138.0 3 9
177.0 270.0 3 4
236.0 63.0 3 1
295.0 261.0 3 5
236.0 177.0 3 10
266.0 207.0 4 9
236.0 207.0 4 9
295.0 207.0 4 9
236.0 288.0 4 5
207.0 240.0 4 10
177.0 276.0 5 1
295.0 156.0 5 10
236.0 234.0 5 9
177.0 276.0 5 1
236.0 234.0 5 9
177.0 87.0 6 1
177.0 75.0 6 10
266.0 75.0 6 10
207.0 246.0 6 9
295.0 255.0 6 5
177.0 147.0 7 1
236.0 102.0 7 8
207.0 147.0 7 1
266.0 102.0 7 8
295.0 282.0 7 9
266.0 186.0 8 5
207.0 237.0 8 10
177.0 237.0 8 10
266.0 90.0 8 1
177.0 294.0 8 9
295.0 234.0 9 5
295.0 294.0 9 8
266.0 207.0 9 4
266.0 207.0 9 4
207.0 294.0 9 8
295.0 156.0 10 5
177.0 201.0 10 9
295.0 156.0 10 5
266.0 156.0 10 5
177.0 201.0 10 9

0 116 211 0 27 78 104 42 44 36 
0 116 211 56 27 78 104 0 44 36 
0 116 211 56 27 78 104 42 0 36 
0 116 211 56 27 78 104 42 44 0 
0 116 211 56 27 78 104 42 44 0 
19 0 135 90 136 87 273 187 33 0 
0 0 135 90 136 87 273 187 33 55 
19 0 135 90 0 87 273 187 33 55 
0 0 135 90 136 87 273 187 33 55 
19 0 135 90 136 87 273 187 0 55 
116 135 0 85 212 10 34 235 0 378 
116 135 0 0 212 10 34 235 270 378 
0 135 0 85 212 10 34 235 270 378 
116 135 0 85 0 10 34 235 270 378 
116 135 0 85 212 10 34 235 270 0 
14 270 21 0 116 95 163 46 0 90 
14 270 21 0 116 95 163 46 0 90 
14 270 21 0 116 95 163 46 0 90 
14 270 21 0 0 95 163 46 139 90 
14 270 21 0 116 95 163 46 139 0 
0 408 141 19 0 69 52 65 102 91 
27 408 141 19 0 69 52 65 102 0 
27 408 141 19 0 69 52 65 0 91 
0 408 141 19 0 69 52 65 102 91 
27 408 141 19 0 69 52 65 0 91 
0 175 41 95 69 0 137 191 22 236 
61 175 41 95 69 0 137 191 22 0 
61 175 41 95 69 0 137 191 22 0 
61 175 41 95 69 0 137 191 0 236 
61 175 41 95 0 0 137 191 22 236 
0 409 102 245 104 137 0 62 49 127 
220 409 102 245 104 137 0 0 49 127 
0 409 102 245 104 137 0 62 49 127 
220 409 102 245 104 137 0 0 49 127 
220 409 102 245 104 137 0 62 0 127 
84 187 235 93 0 287 125 0 23 96 
84 187 235 93 16 287 125 0 23 0 
84 187 235 93 16 287 125 0 23 0 
0 187 235 93 16 287 125 0 23 96 
84 187 235 93 16 287 125 0 0 96 
66 200 90 209 0 90 99 47 0 132 
66 200 90 209 17 90 99 0 0 132 
66 200 90 0 17 90 99 47 0 132 
66 200 90 0 17 90 99 47 0 132 
66 200 90 209 17 90 99 0 0 132 
87 55 378 45 0 236 190 24 88 0 
87 55 378 45 274 236 190 24 0 0 
87 55 378 45 0 236 190 24 88 0 
87 55 378 45 0 236 190 24 88 0 
87 55 378 45 274 236 190 24 0 0 

1427.5
1 0.0 0.0
2 634.0 38.0
3 527.0 39.0
4 210.0 19.0
5 131.0 16.0
6 328.0 8.0
7 370.0 17.0
8 107.0 2.0
9 233.0 9.0
10 315.0 8.0
