10 107 5

0 584 222 618 443 345 314 545 212 383 
584 0 189 149 283 205 589 210 622 273 
222 189 0 305 343 131 269 386 391 299 
618 149 305 0 592 132 464 181 394 168 
443 283 343 592 0 156 195 268 391 541 
345 205 131 132 156 0 547 221 621 438 
314 589 269 464 195 547 0 316 610 335 
545 210 386 181 268 221 316 0 668 459 
212 622 391 394 391 621 610 668 0 397 
383 273 299 168 541 438 335 459 397 0 

0 38 67 27 31 31 93 49 69 36 
38 0 65 97 74 68 34 93 40 89 
67 65 0 63 55 99 65 54 47 79 
27 97 63 0 32 79 37 85 45 60 
31 74 55 32 0 83 95 63 32 30 
31 68 99 79 83 0 34 76 53 57 
93 34 65 37 95 34 0 60 47 48 
49 93 54 85 63 76 60 0 38 35 
69 40 47 45 32 53 47 38 0 36 
36 89 79 60 30 57 48 35 36 0 

310.0 93.0 1 6
217.0 189.0 1 9
310.0 189.0 1 9
248.0 114.0 1 2
279.0 114.0 1 2
186.0 189.0 1 9
217.0 114.0 1 2
279.0 81.0 1 4
248.0 195.0 2 3
186.0 279.0 2 8
310.0 120.0 2 9
310.0 267.0 2 10
186.0 279.0 2 8
217.0 291.0 2 4
279.0 297.0 3 6
217.0 195.0 3 7
310.0 162.0 3 8
186.0 162.0 3 8
217.0 189.0 3 4
186.0 189.0 3 4
248.0 237.0 3 10
310.0 141.0 3 9
310.0 195.0 3 7
217.0 141.0 3 9
248.0 237.0 3 10
279.0 162.0 3 8
279.0 162.0 3 8
248.0 291.0 4 2
186.0 180.0 4 10
310.0 111.0 4 7
310.0 291.0 4 2
279.0 237.0 4 6
217.0 291.0 4 2
248.0 96.0 4 5
248.0 96.0 5 9
279.0 189.0 5 8
217.0 222.0 5 2
279.0 96.0 5 9
186.0 285.0 5 7
186.0 96.0 5 4
310.0 165.0 5 3
217.0 96.0 5 4
217.0 165.0 5 3
279.0 222.0 5 2
310.0 93.0 5 1
186.0 96.0 5 4
279.0 222.0 5 2
310.0 96.0 5 4
279.0 93.0 5 1
186.0 237.0 6 4
310.0 102.0 6 7
310.0 204.0 6 2
186.0 249.0 6 5
310.0 228.0 6 8
310.0 171.0 6 10
279.0 93.0 6 1
217.0 249.0 6 5
186.0 159.0 6 9
186.0 297.0 6 3
248.0 204.0 6 2
217.0 204.0 6 2
248.0 249.0 6 5
248.0 102.0 6 7
279.0 297.0 6 3
217.0 285.0 7 5
310.0 279.0 7 1
248.0 102.0 7 2
248.0 102.0 7 6
248.0 285.0 7 5
248.0 144.0 7 10
217.0 141.0 7 9
279.0 195.0 7 3
186.0 102.0 7 2
279.0 102.0 7 2
217.0 114.0 8 9
248.0 114.0 8 9
279.0 279.0 8 2
186.0 255.0 8 4
310.0 279.0 8 2
186.0 105.0 8 10
279.0 279.0 8 2
217.0 147.0 8 1
310.0 189.0 8 5
186.0 228.0 8 6
310.0 180.0 8 7
248.0 105.0 8 10
310.0 189.0 8 5
279.0 228.0 8 6
217.0 141.0 9 3
186.0 135.0 9 4
279.0 141.0 9 7
310.0 108.0 9 10
279.0 141.0 9 3
310.0 135.0 9 4
217.0 108.0 10 1
310.0 171.0 10 6
217.0 105.0 10 8
186.0 108.0 10 1
248.0 90.0 10 5
248.0 108.0 10 1
279.0 108.0 10 9
248.0 105.0 10 8
186.0 105.0 10 8
279.0 108.0 10 9
186.0 108.0 10 9
186.0 108.0 10 1
310.0 237.0 10 3

0 584 222 477 443 0 314 545 212 383 
0 584 222 477 443 345 314 545 0 383 
0 584 222 477 443 345 314 545 0 383 
0 0 222 477 443 345 314 545 212 383 
0 0 222 477 443 345 314 545 212 383 
0 584 222 477 443 345 314 545 0 383 
0 0 222 477 443 345 314 545 212 383 
0 584 222 0 443 345 314 545 212 383 
584 0 0 149 283 205 589 210 622 273 
584 0 189 149 283 205 589 0 622 273 
584 0 189 149 283 205 589 210 0 273 
584 0 189 149 283 205 589 210 622 0 
584 0 189 149 283 205 589 0 622 273 
584 0 189 0 283 205 589 210 622 273 
222 189 0 305 343 0 269 386 391 299 
222 189 0 305 343 131 0 386 391 299 
222 189 0 305 343 131 269 0 391 299 
222 189 0 305 343 131 269 0 391 299 
222 189 0 0 343 131 269 386 391 299 
222 189 0 0 343 131 269 386 391 299 
222 189 0 305 343 131 269 386 391 0 
222 189 0 305 343 131 269 386 0 299 
222 189 0 305 343 131 0 386 391 299 
222 189 0 305 343 131 269 386 0 299 
222 189 0 305 343 131 269 386 391 0 
222 189 0 305 343 131 269 0 391 299 
222 189 0 305 343 131 269 0 391 299 
618 0 305 0 592 132 464 181 394 168 
618 149 305 0 592 132 464 181 394 0 
618 149 305 0 592 132 0 181 394 168 
618 0 305 0 592 132 464 181 394 168 
618 149 305 0 592 0 464 181 394 168 
618 0 305 0 592 132 464 181 394 168 
618 149 305 0 0 132 464 181 394 168 
443 283 343 592 0 156 195 268 0 541 
443 283 343 592 0 156 195 0 391 541 
443 0 343 592 0 156 195 268 391 541 
443 283 343 592 0 156 195 268 0 541 
443 283 343 592 0 156 0 268 391 541 
443 283 343 0 0 156 195 268 391 541 
443 283 0 592 0 156 195 268 391 541 
443 283 343 0 0 156 195 268 391 541 
443 283 0 592 0 156 195 268 391 541 
443 0 343 592 0 156 195 268 391 541 
0 283 343 592 0 156 195 268 391 541 
443 283 343 0 0 156 195 268 391 541 
443 0 343 592 0 156 195 268 391 541 
443 283 343 0 0 156 195 268 391 541 
0 283 343 592 0 156 195 268 391 541 
345 205 131 0 156 0 547 221 621 438 
345 205 131 132 156 0 0 221 621 438 
345 0 131 132 156 0 547 221 621 438 
345 205 131 132 0 0 547 221 621 438 
345 205 131 132 156 0 547 0 621 438 
345 205 131 132 156 0 547 221 621 0 
0 205 131 132 156 0 547 221 621 438 
345 205 131 132 0 0 547 221 621 438 
345 205 131 132 156 0 547 221 0 438 
345 205 0 132 156 0 547 221 621 438 
345 0 131 132 156 0 547 221 621 438 
345 0 131 132 156 0 547 221 621 438 
345 205 131 132 0 0 547 221 621 438 
345 205 131 132 156 0 0 221 621 438 
345 205 0 132 156 0 547 221 621 438 
314 589 269 464 0 547 0 316 610 335 
0 589 269 464 195 547 0 316 610 335 
314 0 269 464 195 547 0 316 610 335 
314 589 269 464 195 0 0 316 610 335 
314 589 269 464 0 547 0 316 610 335 
314 589 269 464 195 547 0 316 610 0 
314 589 269 464 195 547 0 316 0 335 
314 589 0 464 195 547 0 316 610 335 
314 0 269 464 195 547 0 316 610 335 
314 0 269 464 195 547 0 316 610 335 
545 210 386 181 268 221 316 0 0 459 
545 210 386 181 268 221 316 0 0 459 
545 0 386 181 268 221 316 0 668 459 
545 210 386 0 268 221 316 0 668 459 
545 0 386 181 268 221 316 0 668 459 
545 210 386 181 268 221 316 0 668 0 
545 0 386 181 268 221 316 0 668 459 
0 210 386 181 268 221 316 0 668 459 
545 210 386 181 0 221 316 0 668 459 
545 210 386 181 268 0 316 0 668 459 
545 210 386 181 268 221 0 0 668 459 
545 210 386 181 268 221 316 0 668 0 
545 210 386 181 0 221 316 0 668 459 
545 210 386 181 268 0 316 0 668 459 
212 622 0 394 391 621 610 668 0 397 
212 622 391 0 391 621 610 668 0 397 
212 622 391 394 391 621 0 668 0 397 
212 622 391 394 391 621 610 668 0 0 
212 622 0 394 391 621 610 668 0 397 
212 622 391 0 391 621 610 668 0 397 
0 273 299 168 541 438 335 459 397 0 
383 273 299 168 541 0 335 459 397 0 
383 273 299 168 541 438 335 0 397 0 
0 273 299 168 541 438 335 459 397 0 
383 273 299 168 0 438 335 459 397 0 
0 273 299 168 541 438 335 459 397 0 
383 273 299 168 541 438 335 459 0 0 
383 273 299 168 541 438 335 0 397 0 
383 273 299 168 541 438 335 0 397 0 
383 273 299 168 541 438 335 459 0 0 
383 273 299 168 541 438 335 459 0 0 
0 273 299 168 541 438 335 459 397 0 
383 273 0 168 541 438 335 459 397 0 

2032.8
1 0.0 0.0
2 690.0 27.0
3 537.0 30.0
4 458.0 29.0
5 338.0 19.0
6 151.0 9.0
7 169.0 8.0
8 116.0 6.0
9 291.0 19.0
10 154.0 3.0
