10 50 5

0 210 619 418 238 629 191 402 206 617 
210 0 589 392 204 515 387 698 547 365 
619 589 0 648 520 548 359 685 234 234 
418 392 648 0 633 492 160 625 638 475 
238 204 520 633 0 256 210 357 541 378 
629 515 548 492 256 0 222 145 237 168 
191 387 359 160 210 222 0 444 265 416 
402 698 685 625 357 145 444 0 641 201 
206 547 234 638 541 237 265 641 0 609 
617 365 234 475 378 168 416 201 609 0 

0 92 22 34 87 47 84 54 87 22 
92 0 23 27 96 36 47 56 49 92 
22 23 0 56 46 27 83 36 66 74 
34 27 56 0 51 30 78 31 29 26 
87 96 46 51 0 67 82 65 48 37 
47 36 27 30 67 0 85 69 72 91 
84 47 83 78 82 85 0 20 64 47 
54 56 36 31 65 69 20 0 25 65 
87 49 66 29 48 72 64 25 0 50 
22 92 74 26 37 91 47 65 50 0 

279.0 66.0 1 3
279.0 162.0 1 8
279.0 102.0 1 4
279.0 162.0 1 8
348.0 162.0 1 8
348.0 147.0 2 9
348.0 276.0 2 10
348.0 69.0 2 3
348.0 81.0 2 4
244.0 141.0 2 7
279.0 198.0 3 9
244.0 198.0 3 9
279.0 198.0 3 9
279.0 168.0 3 4
314.0 66.0 3 1
244.0 168.0 4 3
348.0 90.0 4 6
279.0 102.0 4 1
209.0 90.0 4 6
348.0 81.0 4 2
314.0 195.0 5 8
348.0 201.0 5 6
279.0 111.0 5 10
314.0 246.0 5 7
348.0 138.0 5 3
314.0 141.0 6 1
209.0 81.0 6 3
244.0 81.0 6 3
348.0 141.0 6 1
244.0 207.0 6 8
348.0 255.0 7 6
244.0 192.0 7 9
279.0 141.0 7 10
244.0 246.0 7 5
209.0 234.0 7 4
244.0 162.0 8 1
314.0 93.0 8 4
314.0 162.0 8 1
209.0 168.0 8 2
209.0 168.0 8 2
314.0 87.0 9 4
348.0 75.0 9 8
314.0 75.0 9 8
209.0 216.0 9 6
244.0 150.0 9 10
244.0 150.0 10 9
279.0 78.0 10 4
348.0 150.0 10 9
314.0 276.0 10 2
279.0 273.0 10 6

0 210 0 351 238 413 191 402 206 575 
0 210 440 351 238 413 191 0 206 575 
0 210 440 0 238 413 191 402 206 575 
0 210 440 351 238 413 191 0 206 575 
0 210 440 351 238 413 191 0 206 575 
210 0 589 392 204 515 387 698 0 365 
210 0 589 392 204 515 387 698 547 0 
210 0 0 392 204 515 387 698 547 365 
210 0 589 0 204 515 387 698 547 365 
210 0 589 392 204 515 0 698 547 365 
619 589 0 648 520 548 359 685 0 234 
619 589 0 648 520 548 359 685 0 234 
619 589 0 648 520 548 359 685 0 234 
619 589 0 0 520 548 359 685 234 234 
0 589 0 648 520 548 359 685 234 234 
418 392 0 0 633 492 160 625 638 475 
418 392 648 0 633 0 160 625 638 475 
0 392 648 0 633 492 160 625 638 475 
418 392 648 0 633 0 160 625 638 475 
418 0 648 0 633 492 160 625 638 475 
238 204 520 633 0 256 210 0 541 378 
238 204 520 633 0 0 210 357 541 378 
238 204 520 633 0 256 210 357 541 0 
238 204 520 633 0 256 0 357 541 378 
238 204 0 633 0 256 210 357 541 378 
0 515 548 492 256 0 222 145 237 168 
629 515 0 492 256 0 222 145 237 168 
629 515 0 492 256 0 222 145 237 168 
0 515 548 492 256 0 222 145 237 168 
629 515 548 492 256 0 222 0 237 168 
191 387 359 160 210 0 0 444 265 416 
191 387 359 160 210 222 0 444 0 416 
191 387 359 160 210 222 0 444 265 0 
191 387 359 160 0 222 0 444 265 416 
191 387 359 0 210 222 0 444 265 416 
0 698 685 625 357 145 444 0 641 201 
402 698 685 0 357 145 444 0 641 201 
0 698 685 625 357 145 444 0 641 201 
402 0 685 625 357 145 444 0 641 201 
402 0 685 625 357 145 444 0 641 201 
206 547 234 0 541 237 265 641 0 609 
206 547 234 638 541 237 265 0 0 609 
206 547 234 638 541 237 265 0 0 609 
206 547 234 638 541 0 265 641 0 609 
206 547 234 638 541 237 265 641 0 0 
617 365 234 475 378 168 416 201 0 0 
617 365 234 0 378 168 416 201 609 0 
617 365 234 475 378 168 416 201 0 0 
617 0 234 475 378 168 416 201 609 0 
617 365 234 475 378 0 416 201 609 0 

2213.3999999999996
1 0.0 0.0
2 586.0 36.0
3 683.0 39.0
4 472.0 30.0
5 258.0 18.0
6 278.0 12.0
7 243.0 7.0
8 196.0 12.0
9 159.0 0.0
10 287.0 15.0
