10 46 3

0 298 396 543 508 172 369 672 312 467 
298 0 680 468 506 262 408 293 116 608 
396 680 0 233 318 198 571 142 584 430 
543 468 233 0 460 191 673 183 355 524 
508 506 318 460 0 201 405 158 406 250 
172 262 198 191 201 0 582 161 296 324 
369 408 571 673 405 582 0 340 580 322 
672 293 142 183 158 161 340 0 515 608 
312 116 584 355 406 296 580 515 0 240 
467 608 430 524 250 324 322 608 240 0 

0 75 37 33 48 83 33 37 61 36 
75 0 37 23 49 97 26 67 96 25 
37 37 0 92 89 70 33 88 49 39 
33 23 92 0 55 84 25 82 42 27 
48 49 89 55 0 95 27 79 52 99 
83 97 70 84 95 0 36 87 87 76 
33 26 33 25 27 36 0 87 36 99 
37 67 88 82 79 87 87 0 42 58 
61 96 49 42 52 87 36 42 0 98 
36 25 39 27 99 76 99 58 98 0 

349.0 144.0 1 5
280.0 108.0 1 10
210.0 111.0 1 8
280.0 78.0 2 7
314.0 201.0 2 8
349.0 201.0 2 8
314.0 99.0 3 7
314.0 111.0 3 1
349.0 117.0 3 10
280.0 117.0 3 10
314.0 264.0 3 8
245.0 210.0 3 6
349.0 126.0 4 9
210.0 252.0 4 6
314.0 126.0 4 9
245.0 75.0 4 7
210.0 144.0 5 1
210.0 237.0 5 8
280.0 144.0 5 1
245.0 237.0 5 8
314.0 297.0 5 10
245.0 249.0 6 1
349.0 285.0 6 5
245.0 285.0 6 5
349.0 261.0 6 8
245.0 261.0 6 8
210.0 81.0 7 5
280.0 108.0 7 9
314.0 297.0 7 10
245.0 297.0 7 10
349.0 126.0 8 9
314.0 126.0 8 9
280.0 237.0 8 5
280.0 237.0 8 5
349.0 237.0 8 5
210.0 156.0 9 5
314.0 156.0 9 5
245.0 108.0 9 7
314.0 108.0 9 7
210.0 294.0 9 10
280.0 294.0 9 10
314.0 228.0 10 6
245.0 174.0 10 8
349.0 108.0 10 1
210.0 294.0 10 9
349.0 297.0 10 5

0 119 74 72 0 103 36 66 62 186 
0 119 74 72 74 103 36 66 62 0 
0 119 74 72 74 103 36 0 62 186 
178 0 68 187 101 104 0 175 11 364 
178 0 68 187 101 104 81 0 11 364 
178 0 68 187 101 104 81 0 11 364 
79 408 0 93 190 39 0 28 350 172 
0 408 0 93 190 39 57 28 350 172 
79 408 0 93 190 39 57 28 350 0 
79 408 0 93 190 39 57 28 350 0 
79 408 0 93 190 39 57 0 350 172 
79 408 0 93 190 0 57 28 350 172 
217 187 93 0 184 19 67 109 0 52 
217 187 93 0 184 0 67 109 213 52 
217 187 93 0 184 19 67 109 0 52 
217 187 93 0 184 19 0 109 213 52 
0 303 63 92 0 80 243 63 162 50 
203 303 63 92 0 80 243 0 162 50 
0 303 63 92 0 80 243 63 162 50 
203 303 63 92 0 80 243 0 162 50 
203 303 63 92 0 80 243 63 162 0 
0 157 39 19 120 0 349 96 29 64 
17 157 39 19 0 0 349 96 29 64 
17 157 39 19 0 0 349 96 29 64 
17 157 39 19 120 0 349 0 29 64 
17 157 39 19 120 0 349 0 29 64 
147 40 114 67 0 232 0 136 232 128 
147 40 114 67 243 232 0 136 0 128 
147 40 114 67 243 232 0 136 232 0 
147 40 114 67 243 232 0 136 232 0 
268 117 85 73 15 16 204 0 0 243 
268 117 85 73 15 16 204 0 0 243 
268 117 85 73 0 16 204 0 51 243 
268 117 85 73 0 16 204 0 51 243 
268 117 85 73 0 16 204 0 51 243 
62 11 350 71 0 29 116 309 0 24 
62 11 350 71 0 29 116 309 0 24 
62 11 350 71 162 29 0 309 0 24 
62 11 350 71 162 29 0 309 0 24 
62 11 350 71 162 29 116 309 0 0 
62 11 350 71 162 29 116 309 0 0 
46 364 43 209 50 0 64 121 144 0 
46 364 43 209 50 64 64 0 144 0 
0 364 43 209 50 64 64 121 144 0 
46 364 43 209 50 64 64 121 0 0 
46 364 43 209 0 64 64 121 144 0 

1654.5
1 0.0 0.0
2 518.0 30.0
3 600.0 31.0
4 591.0 20.0
5 357.0 3.0
6 223.0 4.0
7 136.0 3.0
8 322.0 17.0
9 289.0 19.0
10 273.0 16.0
