10 30 3

0 312 428 383 136 335 210 447 267 410 
312 0 243 459 110 210 451 102 294 355 
428 243 0 506 213 123 491 531 254 466 
383 459 506 0 595 452 408 595 443 294 
136 110 213 595 0 258 114 279 586 207 
335 210 123 452 258 0 418 585 480 499 
210 451 491 408 114 418 0 178 515 408 
447 102 531 595 279 585 178 0 598 420 
267 294 254 443 586 480 515 598 0 222 
410 355 466 294 207 499 408 420 222 0 

0 98 73 47 86 75 54 63 84 63 
98 0 85 76 70 51 78 32 72 81 
73 85 0 35 95 60 34 64 94 30 
47 76 35 0 82 81 84 37 45 91 
86 70 95 82 0 44 50 50 41 74 
75 51 60 81 44 0 32 56 45 93 
54 78 34 84 50 32 0 67 58 59 
63 32 64 37 50 56 67 0 92 93 
84 72 94 45 41 45 58 92 0 34 
63 81 30 91 74 93 59 93 34 0 

304.0 219.0 1 3
274.0 225.0 1 6
304.0 219.0 1 3
243.0 210.0 2 5
213.0 255.0 2 3
183.0 243.0 2 10
304.0 285.0 3 5
304.0 102.0 3 7
274.0 90.0 3 10
213.0 243.0 4 6
243.0 105.0 4 3
243.0 141.0 4 1
213.0 132.0 5 6
213.0 210.0 5 2
243.0 246.0 5 4
183.0 243.0 6 4
304.0 279.0 6 10
243.0 96.0 6 7
183.0 234.0 7 2
243.0 252.0 7 4
213.0 96.0 7 6
243.0 111.0 8 4
213.0 276.0 8 9
304.0 96.0 8 2
243.0 252.0 9 1
213.0 123.0 9 5
213.0 135.0 9 6
274.0 279.0 10 6
274.0 222.0 10 5
304.0 102.0 10 9

0 312 0 383 136 335 210 348 267 343 
0 312 349 383 136 0 210 348 267 343 
0 312 0 383 136 335 210 348 267 343 
312 0 243 459 0 210 451 102 294 355 
312 0 0 459 110 210 451 102 294 355 
312 0 243 459 110 210 451 102 294 0 
428 243 0 506 0 123 491 531 254 466 
428 243 0 506 213 123 0 531 254 466 
428 243 0 506 213 123 491 531 254 0 
383 459 506 0 595 0 408 595 443 294 
383 459 0 0 595 452 408 595 443 294 
0 459 506 0 595 452 408 595 443 294 
136 110 213 595 0 0 114 279 586 207 
136 0 213 595 0 258 114 279 586 207 
136 110 213 0 0 258 114 279 586 207 
335 210 123 0 258 0 418 585 480 499 
335 210 123 452 258 0 418 585 480 0 
335 210 123 452 258 0 0 585 480 499 
210 0 491 408 114 418 0 178 515 408 
210 451 491 0 114 418 0 178 515 408 
210 451 491 408 114 0 0 178 515 408 
447 102 531 0 279 585 178 0 598 420 
447 102 531 595 279 585 178 0 0 420 
447 0 531 595 279 585 178 0 598 420 
0 294 254 443 586 480 515 598 0 222 
267 294 254 443 0 480 515 598 0 222 
267 294 254 443 586 0 515 598 0 222 
410 355 466 294 207 0 408 420 222 0 
410 355 466 294 0 499 408 420 222 0 
410 355 466 294 207 499 408 420 0 0 

2303.0
1 0.0 0.0
2 135.0 5.0
3 414.0 37.0
4 468.0 30.0
5 355.0 39.0
6 441.0 20.0
7 376.0 20.0
8 592.0 0.0
9 229.0 31.0
10 280.0 32.0
