10 59 4

0 370 166 557 325 261 277 265 489 453 
370 0 563 152 153 262 666 367 642 605 
166 563 0 412 570 686 661 402 344 427 
557 152 412 0 390 465 155 118 492 598 
325 153 570 390 0 307 295 639 411 679 
261 262 686 465 307 0 678 636 385 607 
277 666 661 155 295 678 0 155 583 141 
265 367 402 118 639 636 155 0 408 115 
489 642 344 492 411 385 583 408 0 571 
453 605 427 598 679 607 141 115 571 0 

0 65 70 34 83 62 71 81 53 48 
65 0 49 74 64 93 26 66 41 31 
70 49 0 32 28 23 22 49 90 50 
34 74 32 0 38 31 77 87 43 38 
83 64 28 38 0 83 72 40 20 48 
62 93 23 31 83 0 29 55 44 56 
71 26 22 77 72 29 0 73 27 62 
81 66 49 87 40 55 73 0 40 83 
53 41 90 43 20 44 27 40 0 26 
48 31 50 38 48 56 62 83 26 0 

240.0 159.0 1 9
343.0 159.0 1 9
343.0 159.0 1 9
206.0 243.0 1 8
274.0 144.0 1 10
274.0 243.0 1 8
206.0 144.0 1 10
309.0 243.0 1 8
274.0 195.0 2 1
240.0 195.0 2 1
343.0 123.0 2 9
309.0 93.0 2 10
274.0 78.0 2 7
309.0 210.0 3 1
309.0 150.0 3 10
206.0 66.0 3 7
309.0 270.0 3 9
343.0 147.0 3 8
206.0 102.0 4 1
206.0 114.0 4 10
206.0 114.0 4 10
309.0 231.0 4 7
240.0 114.0 4 10
309.0 114.0 4 10
343.0 102.0 4 1
240.0 231.0 4 7
309.0 216.0 5 7
206.0 216.0 5 7
343.0 216.0 5 7
309.0 249.0 5 1
343.0 165.0 6 8
309.0 132.0 6 9
343.0 87.0 6 7
240.0 186.0 6 1
274.0 186.0 7 10
240.0 186.0 7 10
343.0 186.0 7 10
240.0 81.0 7 9
309.0 186.0 7 10
309.0 81.0 7 9
343.0 186.0 7 10
343.0 219.0 8 7
343.0 243.0 8 1
309.0 120.0 8 9
343.0 219.0 8 7
343.0 219.0 8 7
206.0 243.0 8 1
206.0 219.0 8 7
206.0 120.0 8 9
274.0 159.0 9 1
206.0 120.0 9 8
343.0 81.0 9 7
240.0 120.0 9 8
274.0 159.0 9 1
206.0 159.0 9 1
274.0 144.0 10 1
343.0 186.0 10 7
309.0 186.0 10 7
274.0 144.0 10 1

0 37 33 229 65 156 55 159 0 76 
0 37 33 229 65 156 55 159 0 76 
0 37 33 229 65 156 55 159 0 76 
0 37 33 229 65 156 55 0 48 76 
0 37 33 229 65 156 55 159 48 0 
0 37 33 229 65 156 55 0 48 76 
0 37 33 229 65 156 55 159 48 0 
0 37 33 229 65 156 55 0 48 76 
0 0 337 30 61 157 133 73 64 242 
0 0 337 30 61 157 133 73 64 242 
222 0 337 30 61 157 133 73 0 242 
222 0 337 30 61 157 133 73 64 0 
222 0 337 30 61 157 0 73 64 242 
0 112 0 82 57 68 66 40 68 85 
99 112 0 82 57 68 66 40 68 0 
99 112 0 82 57 68 0 40 68 85 
99 112 0 82 57 68 66 40 0 85 
99 112 0 82 57 68 66 0 68 85 
0 30 247 0 156 279 31 47 295 239 
334 30 247 0 156 279 31 47 295 0 
334 30 247 0 156 279 31 47 295 0 
334 30 247 0 156 279 0 47 295 239 
334 30 247 0 156 279 31 47 295 0 
334 30 247 0 156 279 31 47 295 0 
0 30 247 0 156 279 31 47 295 239 
334 30 247 0 156 279 0 47 295 239 
32 91 228 156 0 30 0 255 164 67 
32 91 228 156 0 30 0 255 164 67 
32 91 228 156 0 30 0 255 164 67 
0 91 228 156 0 30 118 255 164 67 
104 104 137 186 184 0 406 0 77 364 
104 104 137 186 184 0 406 254 0 364 
104 104 137 186 184 0 0 254 77 364 
0 104 137 186 184 0 406 254 77 364 
27 399 264 31 59 135 0 93 349 0 
27 399 264 31 59 135 0 93 349 0 
27 399 264 31 59 135 0 93 349 0 
27 399 264 31 59 135 0 93 0 56 
27 399 264 31 59 135 0 93 349 0 
27 399 264 31 59 135 0 93 0 56 
27 399 264 31 59 135 0 93 349 0 
26 73 40 11 383 381 0 0 40 11 
0 73 40 11 383 381 15 0 40 11 
26 73 40 11 383 381 15 0 0 11 
26 73 40 11 383 381 0 0 40 11 
26 73 40 11 383 381 0 0 40 11 
0 73 40 11 383 381 15 0 40 11 
26 73 40 11 383 381 0 0 40 11 
26 73 40 11 383 381 15 0 0 11 
0 64 137 196 246 77 349 81 0 342 
293 64 137 196 246 77 349 0 0 342 
293 64 137 196 246 77 0 81 0 342 
293 64 137 196 246 77 349 0 0 342 
0 64 137 196 246 77 349 81 0 342 
0 64 137 196 246 77 349 81 0 342 
0 363 256 59 407 364 56 46 342 0 
90 363 256 59 407 364 0 46 342 0 
90 363 256 59 407 364 0 46 342 0 
0 363 256 59 407 364 56 46 342 0 

1856.0
1 0.0 0.0
2 547.0 37.0
3 523.0 32.0
4 597.0 38.0
5 422.0 32.0
6 683.0 36.0
7 310.0 18.0
8 364.0 17.0
9 124.0 7.0
10 142.0 14.0
