10 30 3

0 288 579 125 663 559 580 133 544 666 
288 0 242 471 270 362 472 278 657 328 
579 242 0 488 125 243 600 664 218 584 
125 471 488 0 290 462 387 362 246 581 
663 270 125 290 0 396 280 564 216 626 
559 362 243 462 396 0 142 557 403 382 
580 472 600 387 280 142 0 368 473 505 
133 278 664 362 564 557 368 0 337 393 
544 657 218 246 216 403 473 337 0 126 
666 328 584 581 626 382 505 393 126 0 

0 81 56 76 51 21 38 81 43 44 
81 0 69 24 85 91 49 79 27 99 
56 69 0 29 73 76 32 38 61 49 
76 24 29 0 73 32 22 71 96 51 
51 85 73 73 0 46 70 40 80 59 
21 91 76 32 46 0 61 30 22 35 
38 49 32 22 70 61 0 47 47 27 
81 79 38 71 40 30 47 0 76 46 
43 27 61 96 80 22 47 76 0 97 
44 99 49 51 59 35 27 46 97 0 

288.0 168.0 1 3
192.0 114.0 1 7
192.0 114.0 1 7
320.0 297.0 2 10
224.0 237.0 2 8
224.0 207.0 2 3
320.0 183.0 3 9
256.0 207.0 3 2
192.0 183.0 3 9
320.0 96.0 4 6
192.0 219.0 4 5
288.0 87.0 4 3
320.0 219.0 5 4
320.0 120.0 5 8
320.0 210.0 5 7
224.0 96.0 6 4
256.0 273.0 6 2
256.0 105.0 6 10
256.0 141.0 7 9
320.0 81.0 7 10
320.0 183.0 7 6
288.0 141.0 8 7
256.0 114.0 8 3
320.0 213.0 8 4
224.0 228.0 9 8
224.0 66.0 9 6
192.0 288.0 9 4
288.0 81.0 10 7
320.0 81.0 10 7
256.0 297.0 10 2

0 288 0 125 415 559 501 133 371 497 
0 288 530 125 415 559 0 133 371 497 
0 288 530 125 415 559 0 133 371 497 
288 0 242 471 270 362 472 278 657 0 
288 0 242 471 270 362 472 0 657 328 
288 0 0 471 270 362 472 278 657 328 
579 242 0 488 125 243 600 664 0 584 
579 0 0 488 125 243 600 664 218 584 
579 242 0 488 125 243 600 664 0 584 
125 471 488 0 290 0 387 362 246 372 
125 471 488 0 0 462 387 362 246 372 
125 471 0 0 290 462 387 362 246 372 
663 270 125 0 0 396 280 564 216 626 
663 270 125 290 0 396 280 0 216 626 
663 270 125 290 0 396 0 564 216 626 
559 362 243 0 396 0 142 557 403 382 
559 0 243 462 396 0 142 557 403 382 
559 362 243 462 396 0 142 557 403 0 
580 472 600 387 280 142 0 368 0 505 
580 472 600 387 280 142 0 368 473 0 
580 472 600 387 280 0 0 368 473 505 
133 278 664 362 564 557 0 0 337 393 
133 278 0 362 564 557 368 0 337 393 
133 278 664 0 564 557 368 0 337 393 
544 657 218 246 216 403 473 0 0 126 
544 657 218 246 216 0 473 337 0 126 
544 657 218 0 216 403 473 337 0 126 
666 328 584 581 626 382 0 393 126 0 
666 328 584 581 626 382 0 393 126 0 
666 0 584 581 626 382 505 393 126 0 

2450.0
1 0.0 0.0
2 531.0 37.0
3 464.0 21.0
4 667.0 21.0
5 273.0 9.0
6 322.0 11.0
7 222.0 13.0
8 349.0 11.0
9 304.0 19.0
10 368.0 4.0
