200 2035 4

0 121 353 372 530 291 499 531 176 381 529 189 348 166 315 495 447 203 167 510 297 165 522 504 459 317 240 471 410 572 591 499 108 524 568 536 275 112 118 374 495 559 251 145 378 273 465 137 123 318 338 318 306 459 269 493 512 240 242 171 294 224 168 344 188 188 253 340 213 335 398 178 550 444 190 102 261 550 526 485 320 576 319 520 150 556 424 530 494 575 138 414 110 144 413 145 267 138 249 497 544 112 320 300 525 250 512 265 223 534 493 523 249 318 596 517 381 406 473 337 134 443 599 569 314 101 503 414 404 278 349 179 329 443 467 543 291 372 262 373 114 517 502 340 435 316 346 245 340 344 222 540 255 199 211 377 582 595 157 295 324 375 267 130 398 384 111 179 493 392 444 264 472 504 230 255 510 533 117 583 549 553 299 254 546 111 588 103 483 135 180 437 303 293 504 545 333 103 113 456 
121 0 518 214 350 484 176 133 260 244 326 174 573 369 238 359 579 244 183 489 231 134 236 171 211 234 248 149 400 397 136 308 164 470 295 255 379 494 351 121 501 572 226 402 418 353 286 173 586 224 465 466 317 552 348 240 514 497 184 566 467 394 497 432 293 358 476 563 401 350 255 373 420 218 135 442 492 492 445 590 585 197 329 433 292 251 137 319 126 311 483 450 472 180 304 445 323 519 388 297 419 191 438 515 590 570 100 385 546 273 599 404 223 368 483 244 249 385 290 530 130 390 592 410 301 247 371 264 482 494 340 321 520 123 414 552 234 152 154 344 398 150 241 594 553 198 547 591 228 466 204 459 407 377 420 120 564 122 595 342 319 538 376 233 282 416 109 589 252 137 333 199 555 289 225 440 306 500 520 387 556 340 361 480 416 316 363 412 435 158 261 457 265 351 144 126 303 123 490 576 
353 518 0 581 168 513 504 164 523 265 282 102 545 310 243 419 497 283 347 173 344 432 393 488 467 420 586 269 225 567 210 460 200 241 375 436 229 497 442 346 356 180 268 562 138 147 504 256 482 277 418 283 392 140 368 416 493 132 118 370 181 313 269 473 202 243 596 209 528 181 459 253 279 146 326 385 194 585 302 298 135 166 371 421 504 167 292 288 139 573 347 268 317 588 450 450 514 586 149 265 222 119 419 438 390 167 272 356 320 161 236 235 572 489 404 300 276 304 402 490 275 207 231 228 375 162 462 395 408 400 381 111 210 397 503 319 219 355 418 350 335 526 190 417 188 351 203 455 557 460 341 575 347 474 452 157 439 471 148 284 300 504 459 528 309 236 295 312 163 419 300 176 348 545 181 270 589 297 507 106 158 310 370 527 135 543 304 152 200 157 325 329 378 374 557 347 401 287 326 243 
372 214 581 0 329 253 534 472 349 170 525 132 201 280 251 434 551 104 256 465 245 373 493 144 290 334 589 177 497 550 270 301 432 151 273 471 575 427 496 165 373 256 297 524 280 542 153 242 353 295 212 519 343 103 485 253 545 586 327 470 267 536 397 429 301 412 587 360 163 528 334 512 297 496 114 198 160 465 248 575 495 378 458 592 551 551 195 448 541 395 223 238 398 200 108 499 361 165 541 109 374 256 396 491 219 214 499 334 215 356 268 480 409 239 125 503 518 213 514 149 543 599 502 439 374 167 442 580 131 179 466 520 568 119 250 422 137 369 425 132 303 167 376 317 267 403 345 398 195 507 580 342 278 482 311 199 465 208 535 531 243 454 479 231 457 394 268 592 242 410 383 291 542 363 318 123 346 190 587 411 245 454 424 109 239 598 107 235 197 387 107 148 161 301 179 283 332 519 451 461 
530 350 168 329 0 511 256 298 369 588 190 425 109 353 495 247 495 411 591 222 230 104 413 122 391 307 240 170 580 594 177 315 265 558 500 201 122 327 281 301 556 531 218 369 572 472 158 564 318 314 541 277 332 227 551 331 199 523 595 224 283 308 534 238 371 499 576 215 338 430 143 497 562 441 478 350 343 280 285 350 172 450 252 139 251 407 393 451 599 413 320 189 416 550 183 213 350 379 527 414 581 272 342 109 505 107 225 304 243 151 522 410 289 142 500 323 376 413 323 453 551 420 376 345 519 377 569 403 469 281 229 520 260 326 591 450 210 141 494 455 223 379 162 440 481 160 557 409 390 256 209 442 527 409 145 416 220 271 143 457 370 507 586 558 387 411 570 272 218 454 110 147 511 204 184 583 484 562 367 225 201 360 250 493 174 248 149 438 188 531 431 119 568 199 583 533 584 123 519 458 
291 484 513 253 511 0 135 184 438 316 116 404 453 300 421 213 259 295 106 169 559 431 306 217 199 495 263 405 175 364 271 458 563 375 206 579 177 376 118 389 455 222 401 477 505 186 326 505 440 335 229 224 387 195 481 528 419 571 480 270 359 472 382 279 501 282 450 165 229 479 134 110 451 397 394 203 599 422 389 265 290 385 176 304 216 350 548 484 338 474 459 133 500 492 319 332 135 408 226 147 518 119 413 383 540 446 556 148 196 207 548 415 345 341 105 245 431 443 464 514 342 488 112 466 178 124 364 559 432 419 457 501 474 407 470 483 413 151 278 418 216 438 557 565 409 251 480 287 483 339 179 470 229 133 161 157 157 475 338 121 329 430 112 173 526 291 321 260 275 401 457 300 463 371 421 312 526 531 592 335 178 125 290 560 445 562 187 515 244 590 509 310 364 212 162 393 109 473 421 100 
499 176 504 534 256 135 0 212 400 184 138 332 153 236 471 117 297 481 340 141 326 513 399 372 449 544 463 424 460 205 597 211 443 484 456 461 294 439 396 593 569 512 105 127 568 386 472 232 505 208 506 471 430 532 253 373 395 423 457 100 142 486 419 268 450 449 339 423 161 276 235 219 470 596 216 330 149 527 205 477 356 488 378 266 112 562 224 161 153 333 186 501 115 200 593 153 376 161 365 314 447 338 387 273 372 504 283 155 184 255 575 379 116 126 283 339 328 381 100 486 157 537 544 195 156 415 296 345 383 237 586 523 475 270 474 143 596 201 350 214 148 118 486 206 506 401 457 405 327 384 299 314 112 251 397 470 488 475 211 525 558 116 366 274 474 104 481 449 584 306 494 489 589 460 413 363 355 161 396 562 289 258 107 279 303 360 593 417 152 227 369 383 421 179 381 343 231 252 300 271 
531 133 164 472 298 184 212 0 525 272 178 525 436 552 198 228 497 463 165 279 401 372 326 227 420 275 451 345 299 341 489 364 492 189 528 565 548 366 218 106 140 594 438 361 349 284 547 543 469 582 339 595 548 147 318 401 325 281 522 429 318 475 256 529 450 598 430 496 205 594 136 148 107 180 475 575 551 354 317 178 240 315 518 223 525 325 347 177 504 409 289 102 421 506 170 549 453 567 228 142 187 259 483 327 276 551 164 104 151 491 299 491 176 277 215 499 348 435 475 100 171 504 477 532 410 403 466 328 244 455 501 113 193 235 208 550 214 362 181 244 144 323 547 285 202 328 197 510 259 205 312 548 429 317 264 522 380 188 449 402 535 179 473 541 185 476 522 405 520 150 194 522 167 530 443 245 599 237 228 593 575 315 447 323 353 200 153 581 565 134 576 463 366 370 260 220 392 512 220 576 
176 260 523 349 369 438 400 525 0 152 546 576 391 319 484 368 161 489 243 264 432 323 493 508 304 589 366 272 481 390 373 133 572 381 588 434 456 532 353 233 360 597 474 514 195 273 577 258 319 214 143 266 414 373 559 247 379 487 298 482 562 170 180 248 323 548 502 208 545 225 488 186 155 118 151 368 273 288 501 200 189 297 364 561 536 413 368 391 392 541 140 302 563 209 553 235 226 295 528 449 517 114 501 335 187 149 140 111 266 437 584 244 397 501 247 193 434 564 390 185 119 598 217 192 440 148 343 204 420 127 252 394 286 252 496 531 367 285 138 510 425 236 357 424 550 224 131 323 183 485 235 345 152 558 457 485 287 499 573 576 253 154 208 577 436 366 221 296 591 413 480 101 515 448 478 561 376 473 352 278 304 133 381 535 424 165 222 315 566 157 541 507 370 185 224 168 321 320 404 504 
381 244 265 170 588 316 184 272 152 0 215 371 526 404 516 185 301 127 192 499 582 342 513 340 434 538 582 446 402 172 249 471 129 208 429 596 327 223 467 588 345 536 111 526 249 336 436 440 444 121 116 500 135 103 345 117 351 432 154 251 481 220 438 452 502 301 247 371 137 172 214 504 571 539 572 410 328 344 202 449 237 188 566 375 460 242 121 172 236 303 120 523 530 165 563 249 589 128 589 595 255 517 568 224 288 359 384 315 228 556 127 451 205 332 308 112 207 266 317 278 293 528 216 138 353 441 336 502 512 330 394 422 376 321 310 425 294 410 589 197 188 449 246 522 252 261 480 322 491 539 204 391 382 278 146 460 311 167 226 309 280 231 530 341 368 172 395 166 311 297 186 228 401 526 436 211 166 387 518 403 501 369 379 306 447 219 139 273 423 596 121 381 569 258 185 393 576 411 445 112 
529 326 282 525 190 116 138 178 546 215 0 549 560 207 324 342 371 553 246 187 325 512 402 520 333 409 548 307 153 389 229 414 283 393 460 170 200 208 232 119 189 385 246 301 163 332 413 343 452 588 230 130 124 463 103 509 194 483 220 288 565 314 524 499 536 277 562 369 346 569 508 590 134 423 409 239 373 538 215 229 114 518 136 133 492 476 282 471 433 361 275 597 483 541 478 186 295 562 252 241 493 350 375 428 123 270 365 359 419 231 302 171 356 203 467 359 533 385 511 194 164 179 300 541 306 246 307 136 232 592 430 437 204 514 327 306 210 311 449 433 445 309 574 277 562 387 572 123 147 276 486 335 593 576 280 589 572 546 448 292 544 430 547 487 289 240 158 339 377 449 510 293 151 515 387 196 460 341 330 519 457 356 183 261 543 305 206 138 291 267 367 555 406 285 299 429 354 515 510 139 
189 174 102 132 425 404 332 525 576 371 549 0 376 129 295 230 268 369 450 395 179 517 342 417 256 294 442 536 299 365 275 362 504 243 373 484 327 296 340 264 561 508 229 531 445 163 560 194 370 527 517 311 590 197 584 122 160 320 103 333 228 529 343 406 223 164 374 339 346 493 407 144 190 368 513 122 282 527 478 415 179 397 357 375 249 179 415 458 301 351 238 576 326 133 296 194 495 276 578 413 355 441 354 321 403 324 333 505 522 392 541 259 252 260 346 116 125 379 167 485 414 228 396 251 469 425 597 502 525 370 590 234 154 183 457 247 422 559 176 515 274 347 580 464 568 347 169 117 309 231 509 375 112 598 515 569 513 252 140 449 509 267 500 468 571 413 547 114 464 481 372 416 129 167 284 371 473 129 368 274 537 225 373 452 479 201 208 427 139 123 529 421 451 209 229 405 135 576 525 510 
348 573 545 201 109 453 153 436 391 526 560 376 0 121 150 392 385 555 573 532 465 157 124 265 448 322 501 434 188 367 185 543 531 543 273 174 349 139 338 158 521 141 227 227 515 509 154 424 585 288 185 265 564 121 291 574 466 114 397 100 178 276 450 157 169 427 271 140 164 472 520 153 531 534 160 339 208 371 145 127 137 584 222 523 392 529 507 392 525 267 239 536 464 101 269 424 427 381 445 393 227 283 169 448 531 236 128 472 507 281 360 215 564 436 441 240 275 300 130 476 476 469 583 506 328 391 448 237 100 128 106 381 367 268 176 409 474 185 102 360 486 553 169 307 358 387 370 235 320 432 294 496 383 402 458 421 352 286 181 213 537 588 191 207 542 207 553 402 323 108 464 135 515 371 598 519 356 222 281 258 583 127 250 482 411 196 512 322 534 114 139 594 568 370 288 100 437 443 325 597 
166 369 310 280 353 300 236 552 319 404 207 129 121 0 398 378 443 530 428 313 538 567 433 104 517 409 311 286 157 197 163 522 389 576 171 114 198 238 125 236 544 371 396 154 510 340 512 294 474 493 366 577 169 511 366 181 594 377 282 304 101 444 320 189 232 144 415 227 374 199 447 580 353 377 567 486 398 238 476 384 366 387 597 529 320 311 214 437 326 426 250 455 362 553 281 251 270 301 566 453 424 143 334 594 468 245 574 468 428 214 107 156 435 456 113 386 105 227 553 472 547 543 348 445 190 210 438 194 303 520 216 220 154 556 250 129 316 384 544 455 512 402 564 199 384 577 342 395 286 383 104 179 481 133 265 135 139 461 124 574 438 568 217 400 254 288 236 165 503 349 187 589 354 585 464 436 326 310 207 455 309 155 242 177 506 331 143 117 319 201 222 137 140 562 352 348 591 445 524 170 
315 238 243 251 495 421 471 198 484 516 324 295 150 398 0 301 417 590 232 410 370 550 491 377 406 194 565 480 207 260 223 548 549 231 302 492 242 161 445 448 534 575 409 473 561 497 252 115 204 440 497 404 583 414 596 504 598 350 326 407 571 509 355 591 405 545 544 141 579 328 557 587 211 316 463 564 359 227 316 321 469 582 268 337 179 297 516 248 417 406 230 368 488 498 575 501 224 428 425 582 118 403 558 429 461 345 138 188 158 391 417 115 412 453 532 436 326 286 254 489 424 339 380 168 344 165 167 523 533 186 126 412 358 171 310 198 577 252 365 122 272 352 456 284 322 335 306 453 304 466 595 346 318 286 302 168 264 113 437 300 465 258 382 521 427 192 571 289 559 394 582 420 276 350 123 289 307 293 514 572 589 560 109 164 276 101 174 130 500 415 311 402 219 355 519 419 393 324 573 163 
495 359 419 434 247 213 117 228 368 185 342 230 392 378 301 0 570 444 455 552 146 338 244 542 322 199 220 437 385 336 554 591 297 241 193 568 585 373 392 266 372 219 151 320 364 333 110 279 486 468 593 545 250 568 370 290 283 273 592 108 599 175 141 334 298 210 323 289 413 423 120 584 247 460 127 470 460 455 124 474 525 250 147 459 575 550 306 370 236 143 349 378 177 248 179 218 454 348 375 349 201 312 512 419 338 323 307 512 129 509 558 344 312 456 511 263 183 546 555 542 454 268 481 217 447 399 514 507 586 335 166 357 134 292 175 376 433 404 247 183 187 103 324 180 449 477 259 419 173 128 141 305 439 350 570 495 363 305 272 288 406 274 112 419 510 484 373 567 457 527 386 385 350 494 139 451 492 457 540 216 117 587 240 300 455 135 284 563 286 166 505 274 545 199 457 169 255 551 515 351 
447 579 497 551 495 259 297 497 161 301 371 268 385 443 417 570 0 346 376 253 256 490 333 426 277 332 539 450 471 395 343 557 334 365 121 549 409 116 289 339 252 595 412 217 354 311 494 131 397 355 227 396 314 383 332 333 266 558 457 204 139 367 421 139 440 294 298 523 294 369 410 580 364 541 143 127 322 216 512 487 456 288 252 107 585 385 296 465 585 562 101 171 100 133 164 254 466 510 591 140 392 445 386 119 379 555 386 401 517 388 281 123 165 418 571 522 176 137 385 132 302 366 104 511 498 481 465 502 344 463 397 517 277 596 288 393 400 552 262 337 163 101 190 137 152 585 207 568 160 509 301 212 407 501 123 400 458 128 343 228 597 204 458 365 403 439 372 444 405 153 360 595 573 390 562 151 373 356 166 254 115 582 286 485 130 313 296 270 206 348 278 483 358 315 495 591 120 108 191 442 
203 244 283 104 411 295 481 463 489 127 553 369 555 530 590 444 346 0 483 289 498 565 585 566 321 412 459 296 446 432 142 196 256 577 491 402 264 408 316 586 155 179 346 300 223 342 519 164 280 599 338 141 313 297 577 231 144 469 182 292 533 161 166 552 154 522 404 109 451 336 203 474 493 349 450 460 164 483 529 400 288 393 365 260 484 540 304 348 515 249 304 177 285 107 354 124 264 491 367 230 108 504 411 216 461 592 306 563 453 182 348 410 346 350 321 503 173 246 370 152 101 352 163 462 375 364 406 333 275 533 428 120 129 104 284 533 153 520 201 508 201 378 146 407 158 413 113 537 487 155 327 533 202 194 508 368 259 341 530 120 486 135 273 175 357 498 478 523 120 465 257 379 138 385 281 296 445 486 114 587 178 206 491 242 202 179 586 578 265 310 102 383 454 253 332 164 187 324 214 147 
167 183 347 256 591 106 340 165 243 192 246 450 573 428 232 455 376 483 0 208 108 391 194 498 345 347 447 158 462 464 232 313 365 151 135 502 408 250 177 237 510 163 128 410 295 117 491 557 363 570 162 581 276 126 386 275 383 179 338 386 468 598 593 121 470 194 428 510 560 140 349 534 131 335 505 302 182 542 531 309 227 172 374 284 425 500 145 435 427 297 363 492 104 493 590 219 429 163 593 353 428 323 241 590 431 400 492 147 268 140 477 324 320 359 264 268 180 437 243 111 496 558 256 501 343 113 362 397 496 588 418 299 475 312 221 432 503 325 387 372 588 342 548 451 109 395 517 357 256 379 283 111 575 176 199 196 175 518 137 112 101 553 263 100 229 239 594 539 118 506 152 122 395 194 453 216 428 536 267 288 593 504 286 195 504 337 434 225 223 491 592 568 261 280 368 362 518 167 524 449 
510 489 173 465 222 169 141 279 264 499 187 395 532 313 410 552 253 289 208 0 214 171 142 532 147 525 179 436 583 502 468 184 279 429 315 231 455 152 468 477 476 476 511 465 520 498 301 254 222 398 250 556 369 585 344 190 283 379 163 103 443 386 410 554 275 289 239 150 224 409 516 107 524 127 309 379 166 188 146 314 186 109 236 245 256 414 332 253 531 215 568 224 387 351 367 369 576 593 554 102 550 284 404 579 501 158 374 454 338 201 235 401 441 314 387 216 455 364 325 356 168 498 571 129 233 417 594 369 586 425 375 346 162 117 451 266 470 429 200 357 558 561 584 276 332 333 103 153 569 450 395 424 112 399 256 593 467 148 154 359 226 304 142 493 552 228 209 356 516 166 216 250 144 340 301 486 561 578 163 188 472 300 449 568 165 575 386 263 162 256 145 262 247 103 104 492 568 538 445 579 
297 231 344 245 230 559 326 401 432 582 325 179 465 538 370 146 256 498 108 214 0 249 419 517 351 261 362 510 539 530 564 136 277 402 506 413 108 487 578 157 521 105 425 554 431 433 413 548 160 534 262 217 342 460 208 500 170 148 539 212 256 263 140 225 168 268 184 166 109 457 228 346 225 534 200 408 305 360 324 223 399 501 488 244 406 157 555 332 457 127 572 269 388 454 182 291 412 138 143 440 239 595 472 141 548 123 331 413 177 449 406 561 230 418 160 578 209 345 150 286 401 344 448 314 456 373 153 549 579 559 165 475 164 509 207 109 362 245 192 336 270 407 147 273 541 521 590 111 210 467 457 409 174 240 343 391 239 119 338 556 287 276 496 539 346 475 140 442 339 596 370 105 552 578 152 364 204 218 342 543 426 339 418 503 532 514 525 369 154 256 289 372 185 477 291 392 589 586 356 562 
165 134 432 373 104 431 513 372 323 342 512 517 157 567 550 338 490 565 391 171 249 0 459 404 549 492 124 386 581 457 231 324 293 374 204 245 559 192 215 496 566 182 228 285 501 100 250 234 510 374 172 509 423 122 454 228 481 485 393 424 562 301 513 144 189 320 125 282 232 297 195 272 298 348 313 485 139 108 524 327 149 585 151 261 369 440 584 213 355 284 567 191 250 123 420 310 316 289 348 161 350 353 131 279 522 417 582 120 246 181 332 555 301 189 387 496 329 284 552 579 197 172 287 220 342 275 438 262 101 189 381 206 189 281 269 337 328 238 334 199 120 259 486 547 588 366 331 428 119 561 368 510 269 383 184 369 254 119 249 192 456 204 557 366 157 401 448 458 362 308 329 536 442 181 262 387 360 516 415 332 445 228 434 429 546 244 267 192 437 453 159 219 138 530 167 564 313 152 203 193 
522 236 393 493 413 306 399 326 493 513 402 342 124 433 491 244 333 585 194 142 419 459 0 139 502 264 397 399 447 224 147 384 243 124 553 509 113 236 230 544 580 527 172 124 189 265 384 485 452 548 476 318 403 519 551 175 119 199 474 197 426 555 407 356 424 334 246 467 438 160 535 587 429 505 330 262 516 236 483 515 468 455 478 520 221 393 508 302 365 460 589 569 114 409 342 524 349 575 211 453 266 155 417 507 484 536 405 100 505 354 200 298 447 313 483 378 474 435 144 257 306 354 356 274 454 500 377 104 159 125 316 121 503 581 295 289 177 180 517 410 305 483 546 456 313 344 150 381 452 530 207 398 456 510 294 194 563 518 256 369 110 312 306 512 349 394 403 108 152 186 182 263 444 221 302 232 387 119 467 240 568 198 172 351 274 414 108 366 308 277 159 489 371 147 276 565 389 526 355 295 
504 171 488 144 122 217 372 227 508 340 520 417 265 104 377 542 426 566 498 532 517 404 139 0 481 557 416 321 549 539 541 571 147 435 579 376 521 251 212 479 459 238 573 121 590 210 201 146 152 586 290 113 115 393 160 516 413 346 456 429 384 117 428 535 430 238 369 441 544 212 271 486 317 516 433 593 476 321 275 519 370 354 500 400 430 155 538 163 270 416 250 106 266 594 154 434 381 484 293 483 324 567 549 444 535 599 556 447 355 290 589 584 198 450 499 485 550 400 452 554 569 247 564 514 423 584 221 470 482 216 579 129 486 383 333 594 465 508 302 338 422 453 359 570 438 259 506 489 328 227 124 266 306 508 184 546 142 453 330 325 107 506 304 135 417 227 556 386 299 341 244 503 334 262 388 251 240 416 457 167 176 165 252 412 202 314 461 161 532 595 573 446 586 307 151 399 543 477 178 578 
459 211 467 290 391 199 449 420 304 434 333 256 448 517 406 322 277 321 345 147 351 549 502 481 0 152 446 561 222 179 233 338 153 298 313 485 493 265 227 313 103 207 166 547 236 140 536 566 453 449 350 104 163 348 583 519 437 306 301 122 294 367 114 119 194 174 251 481 529 568 555 270 107 491 311 447 115 502 297 489 351 438 331 451 564 213 346 195 295 480 445 498 428 369 356 352 208 210 597 497 163 228 102 565 132 516 137 191 113 404 350 173 310 531 179 593 461 218 478 261 196 174 127 221 512 175 197 577 458 532 428 157 580 386 564 256 526 452 197 338 579 395 359 395 116 254 346 345 459 422 523 222 260 212 465 363 537 330 187 581 529 567 139 182 200 405 473 204 493 489 462 233 573 402 432 455 460 449 314 160 102 185 125 486 144 478 491 560 352 101 539 153 307 554 278 331 283 426 161 497 
317 234 420 334 307 495 544 275 589 538 409 294 322 409 194 199 332 412 347 525 261 492 264 557 152 0 410 473 397 254 174 231 596 480 118 163 557 284 277 332 356 277 398 412 284 417 529 288 477 373 430 103 258 460 132 173 140 175 527 550 281 332 523 150 345 500 238 268 503 579 389 115 132 106 392 551 304 297 447 340 197 237 304 449 174 350 240 268 130 589 370 282 183 319 156 132 550 293 212 191 323 404 218 485 188 407 573 473 156 589 347 273 575 341 259 580 471 588 438 570 318 116 370 511 441 311 384 180 538 476 104 370 177 272 587 499 202 110 589 555 199 227 209 454 595 264 326 119 360 578 308 153 326 116 343 363 562 421 456 195 414 141 219 280 202 350 385 344 172 592 364 313 557 377 580 172 173 331 577 260 565 568 107 373 528 409 594 537 483 376 148 237 167 395 168 577 493 470 208 277 
240 248 586 589 240 263 463 451 366 582 548 442 501 311 565 220 539 459 447 179 362 124 397 416 446 410 0 136 360 475 107 511 167 493 586 201 330 409 418 455 523 338 563 105 446 489 285 246 145 579 585 315 312 227 261 315 488 207 109 308 275 572 345 228 543 588 353 431 293 100 473 422 442 583 227 542 312 534 538 219 386 370 475 331 550 212 467 283 353 155 289 297 142 369 584 345 131 508 188 134 531 324 197 112 117 407 112 201 236 320 254 513 205 113 152 559 114 159 525 221 412 268 236 395 387 373 442 237 446 562 104 308 458 407 562 559 373 497 207 503 483 143 280 132 305 351 132 427 135 100 230 250 597 393 567 198 226 312 452 529 132 358 473 335 492 271 328 547 464 566 355 324 400 423 272 437 243 449 598 418 215 144 294 565 180 255 574 546 453 238 427 495 446 239 281 160 549 507 271 543 
471 149 269 177 170 405 424 345 272 446 307 536 434 286 480 437 450 296 158 436 510 386 399 321 561 473 136 0 500 294 220 256 401 104 338 303 562 542 195 354 512 129 309 451 574 118 464 495 558 207 165 354 147 126 459 475 583 428 283 463 113 269 112 274 240 154 194 190 250 119 358 322 247 461 551 223 238 209 113 109 186 380 220 556 419 522 277 248 236 368 372 148 317 286 488 584 599 454 176 167 263 220 248 489 172 551 521 573 484 545 118 135 329 455 314 357 327 244 195 119 426 349 274 317 366 385 347 109 438 207 228 490 482 545 404 365 582 291 489 270 445 590 191 503 183 234 301 189 241 372 378 452 107 101 225 294 288 452 490 364 375 225 542 322 326 457 523 568 599 250 284 185 232 555 263 439 451 512 495 177 587 254 242 551 579 250 473 564 325 401 256 127 216 216 322 179 155 249 344 419 
410 400 225 497 580 175 460 299 481 402 153 299 188 157 207 385 471 446 462 583 539 581 447 549 222 397 360 500 0 465 226 174 307 261 369 322 525 126 433 530 325 425 457 174 512 500 487 435 187 251 469 399 332 590 240 108 309 125 116 512 594 377 145 155 339 120 211 161 219 252 198 492 127 461 346 307 110 536 440 217 397 541 163 287 568 301 393 168 445 589 524 250 265 498 101 559 193 250 458 376 154 165 317 287 337 369 420 588 567 364 518 528 420 219 240 109 355 205 528 394 491 598 502 251 140 430 248 291 198 166 582 294 126 569 284 170 411 452 392 110 401 160 275 288 520 566 104 348 517 405 479 230 229 432 469 139 487 567 185 233 513 496 127 380 183 143 173 468 164 287 450 348 313 560 245 290 152 197 490 405 434 358 552 344 321 512 235 349 522 286 281 358 467 413 528 361 265 580 422 571 
572 397 567 550 594 364 205 341 390 172 389 365 367 197 260 336 395 432 464 502 530 457 224 539 179 254 475 294 465 0 480 509 370 343 544 375 563 172 356 340 259 448 386 520 142 129 523 369 241 417 169 443 222 491 431 375 214 426 200 448 538 598 472 222 223 106 128 334 465 411 269 411 527 204 241 475 541 407 434 299 222 500 239 458 310 158 285 568 548 550 195 207 169 341 171 258 117 358 170 225 139 252 354 267 313 281 382 275 346 471 286 426 359 246 226 270 259 581 514 352 259 394 540 568 444 147 506 297 350 286 102 508 425 409 552 107 214 597 203 167 395 398 592 151 304 546 272 324 191 526 242 202 599 421 185 232 273 406 384 304 476 303 184 331 300 480 166 167 201 549 170 256 390 526 239 361 336 253 166 220 165 487 287 573 100 144 504 115 154 233 413 414 148 564 527 569 538 543 408 248 
591 136 210 270 177 271 597 489 373 249 229 275 185 163 223 554 343 142 232 468 564 231 147 541 233 174 107 220 226 480 0 300 327 461 570 541 256 504 120 456 254 289 246 477 426 387 348 561 443 131 285 282 464 506 140 277 282 249 179 461 308 331 141 425 163 126 229 194 341 546 177 104 274 599 485 372 349 470 196 522 101 519 410 145 499 230 525 556 301 165 293 320 261 358 486 268 104 422 276 168 123 194 595 408 200 321 159 440 326 131 383 229 438 280 413 303 190 454 265 305 224 114 555 211 236 522 288 178 239 505 392 460 312 430 354 171 597 427 462 475 275 298 396 132 175 294 475 292 489 181 448 583 399 309 552 574 388 298 393 547 195 267 474 108 234 397 278 221 580 353 418 156 115 520 399 368 320 497 352 493 548 476 274 167 455 127 413 181 364 218 247 139 185 228 127 237 147 388 580 224 
499 308 460 301 315 458 211 364 133 471 414 362 543 522 548 591 557 196 313 184 136 324 384 571 338 231 511 256 174 509 300 0 266 274 269 450 585 552 221 236 232 453 448 196 467 429 324 401 100 422 166 249 150 363 549 425 529 196 130 540 117 405 231 330 470 264 426 444 151 310 513 561 452 438 186 435 438 571 453 468 305 235 319 241 561 368 244 566 165 130 169 360 462 572 155 555 557 153 408 579 356 291 391 331 223 160 100 545 353 315 366 465 479 426 240 205 396 462 155 490 204 480 493 497 109 584 285 497 407 539 440 480 416 335 212 145 353 398 568 454 513 415 389 264 353 179 256 541 449 276 154 376 160 572 586 131 105 437 104 453 163 120 305 188 170 264 158 368 292 282 218 298 572 227 464 232 360 514 372 301 131 110 441 277 269 184 452 298 224 240 500 174 525 201 381 470 568 133 579 348 
108 164 200 432 265 563 443 492 572 129 283 504 531 389 549 297 334 256 365 279 277 293 243 147 153 596 167 401 307 370 327 266 0 241 222 572 170 555 254 391 318 243 462 240 125 142 457 225 308 456 254 427 395 189 396 549 486 582 471 446 549 305 467 135 156 327 339 512 488 310 104 380 510 435 473 544 173 518 457 201 218 261 279 562 585 408 521 460 346 206 588 413 468 293 496 432 377 408 361 540 542 381 406 425 363 427 517 251 358 459 352 561 175 387 408 518 235 236 288 152 330 392 257 446 300 452 320 384 211 240 344 257 227 101 247 525 294 408 408 335 555 297 216 190 578 451 507 379 111 579 556 405 505 352 402 533 194 422 389 458 145 140 220 142 195 228 279 268 494 597 112 578 504 188 189 575 205 144 436 440 276 540 266 363 376 199 122 301 159 227 162 279 184 195 221 582 182 496 495 475 
524 470 241 151 558 375 484 189 381 208 393 243 543 576 231 241 365 577 151 429 402 374 124 435 298 480 493 104 261 343 461 274 241 0 149 587 595 133 133 148 542 572 521 562 349 219 275 595 377 295 467 509 571 512 125 195 500 234 587 518 187 216 228 291 203 157 405 142 283 107 330 165 575 349 317 339 433 410 114 576 330 484 477 293 292 400 378 514 197 599 576 213 378 437 206 470 193 226 366 149 285 142 584 191 577 239 223 196 184 202 527 175 384 379 579 500 128 477 221 580 245 538 545 419 245 245 387 382 555 167 397 420 213 516 569 526 207 157 292 144 289 315 180 148 443 538 136 477 469 481 286 501 370 527 598 424 542 356 486 185 417 178 114 312 423 506 163 526 149 543 467 164 522 300 519 299 296 319 305 241 537 570 306 393 143 583 424 521 591 221 581 441 242 449 409 137 194 123 141 555 
568 295 375 273 500 206 456 528 588 429 460 373 273 171 302 193 121 491 135 315 506 204 553 579 313 118 586 338 369 544 570 269 222 149 0 560 553 313 231 593 127 555 220 302 117 226 488 317 325 207 312 577 577 211 502 362 153 556 564 206 180 237 282 384 493 211 205 504 588 378 203 483 354 345 199 441 497 223 444 397 346 471 147 146 470 499 306 421 304 329 424 386 121 531 440 184 258 585 261 387 219 425 180 269 317 303 384 310 378 559 208 129 501 532 144 218 297 163 534 121 454 209 416 209 370 114 486 221 443 419 597 112 491 395 519 125 386 410 227 477 460 259 198 505 574 372 344 191 590 244 477 110 451 469 343 276 230 411 116 289 492 166 398 436 378 436 151 184 540 515 424 433 151 166 410 517 116 114 240 196 185 497 479 460 218 452 299 146 162 194 544 262 185 216 181 285 382 571 477 270 
536 255 436 471 201 579 461 565 434 596 170 484 174 114 492 568 549 402 502 231 413 245 509 376 485 163 201 303 322 375 541 450 572 587 560 0 502 209 488 110 344 125 513 121 292 107 154 498 146 311 374 235 156 461 311 143 377 418 427 241 217 331 372 158 462 161 561 374 569 268 109 140 377 456 591 277 538 217 147 479 522 270 279 267 201 274 119 480 203 473 592 586 545 302 348 516 459 186 138 274 229 404 416 236 409 291 119 260 397 498 584 207 588 490 593 131 204 579 422 580 596 196 421 117 577 437 286 162 207 301 485 533 217 137 317 294 429 465 589 496 435 380 167 481 553 326 578 573 399 538 314 152 476 406 370 414 149 153 560 561 104 163 153 238 534 480 237 397 523 566 126 195 526 185 218 185 507 463 406 479 236 341 478 143 508 357 384 189 349 328 316 504 346 396 306 295 489 535 122 117 
275 379 229 575 122 177 294 548 456 327 200 327 349 198 242 585 409 264 408 455 108 559 113 521 493 557 330 562 525 563 256 585 170 595 553 502 0 478 484 398 538 411 196 339 348 488 152 598 567 276 222 482 481 555 510 314 590 160 548 376 343 115 455 481 278 347 412 478 530 486 221 112 254 349 181 180 509 339 482 409 447 227 567 226 535 378 472 597 448 159 143 438 351 321 397 242 256 519 402 591 437 348 250 161 533 518 349 455 112 277 277 508 572 201 279 334 520 264 300 229 497 142 491 140 235 203 541 316 174 248 381 342 462 226 390 404 404 304 154 138 186 201 304 175 599 473 546 462 353 437 330 553 563 193 575 476 304 158 189 424 346 521 161 172 452 391 282 306 383 272 214 279 307 375 188 269 534 440 469 198 133 309 421 553 572 183 508 429 525 228 582 177 521 163 471 255 331 504 162 338 
112 494 497 427 327 376 439 366 532 223 208 296 139 238 161 373 116 408 250 152 487 192 236 251 265 284 409 542 126 172 504 552 555 133 313 209 478 0 137 302 400 240 405 151 241 518 305 598 466 562 184 564 510 586 354 325 444 302 586 555 427 488 551 582 441 101 344 127 101 109 228 546 279 292 342 542 111 504 410 367 571 358 523 419 501 248 598 283 440 169 260 399 446 197 387 237 113 409 142 191 256 463 563 227 134 498 398 207 125 476 184 270 294 590 177 437 557 514 332 413 277 265 190 378 200 539 523 138 354 294 113 296 151 170 225 498 366 268 100 586 563 544 451 184 213 118 139 503 215 553 340 599 482 357 265 418 241 150 310 295 148 426 334 482 545 229 520 583 512 105 252 187 479 396 590 125 147 562 316 347 231 144 206 252 323 359 448 222 284 263 335 505 391 580 316 470 431 338 442 294 
118 351 442 496 281 118 396 218 353 467 232 340 338 125 445 392 289 316 177 468 578 215 230 212 227 277 418 195 433 356 120 221 254 133 231 488 484 137 0 165 109 427 131 295 571 503 309 149 170 377 107 412 140 254 449 444 354 344 455 258 473 216 439 407 495 304 319 556 521 256 167 248 528 304 293 251 294 120 456 289 435 369 211 263 292 188 190 341 130 331 487 126 313 499 119 529 173 385 374 542 507 463 173 396 241 404 150 221 480 166 513 553 299 308 553 500 437 259 203 203 275 268 224 385 599 133 343 543 301 244 513 559 320 109 573 284 206 330 536 275 270 281 421 323 431 431 359 526 266 229 503 349 221 572 418 335 210 250 596 151 327 283 430 455 539 199 323 525 274 426 293 237 495 430 444 589 495 413 272 598 124 276 404 350 260 473 283 376 315 310 466 288 274 337 492 204 349 149 363 552 
374 121 346 165 301 389 593 106 233 588 119 264 158 236 448 266 339 586 237 477 157 496 544 479 313 332 455 354 530 340 456 236 391 148 593 110 398 302 165 0 233 501 584 468 336 227 358 278 116 550 188 519 150 394 500 584 248 583 293 579 433 505 445 422 388 447 556 531 565 226 184 422 575 590 250 280 361 292 187 126 156 223 412 102 373 357 516 518 597 353 527 432 220 339 280 105 520 332 365 379 471 152 483 473 464 162 573 365 361 191 258 362 193 503 515 103 169 382 459 229 583 139 293 305 558 356 504 442 366 525 123 298 285 274 256 575 396 396 455 222 388 431 548 476 281 195 205 162 465 361 543 207 258 590 364 452 356 543 497 127 278 356 430 269 220 163 259 331 171 108 424 304 311 256 457 574 254 334 103 422 201 374 414 398 586 329 479 318 173 146 335 294 220 288 243 460 303 177 560 373 
495 501 356 373 556 455 569 140 360 345 189 561 521 544 534 372 252 155 510 476 521 566 580 459 103 356 523 512 325 259 254 232 318 542 127 344 538 400 109 233 0 186 159 422 587 270 497 408 139 474 417 339 416 406 357 449 320 403 276 150 342 538 539 286 334 320 314 365 198 552 286 398 153 239 188 475 522 340 312 291 491 347 215 343 311 212 322 264 275 325 172 514 413 338 164 517 267 398 549 444 352 191 543 230 432 127 244 182 438 541 403 128 458 375 100 207 241 282 324 286 430 184 109 165 327 367 243 117 405 350 582 112 457 161 184 544 561 138 350 536 170 294 591 312 496 364 549 201 583 144 469 232 397 189 485 229 187 381 429 234 189 100 136 426 162 113 441 156 463 184 298 179 124 127 296 515 505 392 133 155 572 436 584 106 137 482 347 134 202 329 254 548 337 168 319 245 567 508 586 369 
559 572 180 256 531 222 512 594 597 536 385 508 141 371 575 219 595 179 163 476 105 182 527 238 207 277 338 129 425 448 289 453 243 572 555 125 411 240 427 501 186 0 468 190 177 433 285 423 514 212 150 469 565 236 574 379 580 308 552 168 176 322 348 570 154 138 267 547 448 173 324 250 479 432 519 410 254 298 468 183 133 317 450 106 228 505 474 143 358 210 156 236 130 339 260 133 393 353 414 599 454 531 392 162 108 189 113 473 114 444 483 118 189 216 189 218 298 261 399 192 522 375 388 148 284 388 143 402 467 257 194 361 462 386 351 504 169 492 592 424 204 225 359 557 310 162 115 119 204 420 582 438 549 473 300 189 503 598 313 396 556 134 443 125 559 118 519 497 397 197 281 561 360 520 399 387 436 530 512 164 545 130 123 499 173 126 340 568 546 204 405 336 400 387 421 516 237 303 266 105 
251 226 268 297 218 401 105 438 474 111 246 229 227 396 409 151 412 346 128 511 425 228 172 573 166 398 563 309 457 386 246 448 462 521 220 513 196 405 131 584 159 468 0 442 179 477 286 111 249 265 513 466 318 340 345 222 359 350 434 563 438 148 419 370 106 460 537 278 570 516 496 509 222 201 311 226 287 163 309 181 133 358 387 370 416 472 594 338 392 246 289 378 219 565 388 278 176 542 407 323 473 589 186 414 222 551 375 522 349 255 504 512 559 181 367 146 569 143 179 573 128 163 444 208 451 149 493 434 199 418 552 416 497 459 239 445 487 557 103 550 525 549 301 234 143 340 252 435 461 276 163 312 200 287 280 336 575 542 372 447 505 517 197 523 230 218 133 305 142 307 328 379 123 422 286 163 362 436 480 278 539 509 404 350 391 472 128 201 183 411 415 128 357 222 528 181 451 410 534 346 
145 402 562 524 369 477 127 361 514 526 301 531 227 154 473 320 217 300 410 465 554 285 124 121 547 412 105 451 174 520 477 196 240 562 302 121 339 151 295 468 422 190 442 0 258 396 365 483 294 508 429 542 411 380 511 573 269 157 313 304 373 507 293 377 191 480 376 530 404 519 265 306 145 367 120 489 107 329 443 123 455 397 520 507 102 165 474 101 505 145 158 357 246 375 171 494 146 589 426 340 400 234 540 350 104 117 257 317 557 538 429 286 382 115 253 547 579 455 149 130 468 339 279 301 190 313 529 577 330 594 216 370 192 595 239 493 576 505 415 399 381 586 345 322 474 592 498 297 163 329 203 379 134 477 545 509 126 313 572 143 285 392 212 553 168 459 149 123 393 178 324 394 482 458 135 562 513 304 314 166 476 500 433 594 518 198 518 364 189 454 555 406 199 542 225 212 285 370 428 260 
378 418 138 280 572 505 568 349 195 249 163 445 515 510 561 364 354 223 295 520 431 501 189 590 236 284 446 574 512 142 426 467 125 349 117 292 348 241 571 336 587 177 179 258 0 422 435 554 238 556 530 312 541 469 429 221 144 353 272 586 154 325 430 423 367 252 149 442 571 514 200 238 512 485 588 164 359 480 502 115 504 208 549 559 417 107 472 462 210 167 288 507 442 599 293 208 549 369 158 227 118 320 318 385 272 115 448 582 358 511 399 406 540 109 284 465 124 103 578 203 410 340 413 307 220 184 163 313 358 182 128 363 558 547 392 577 573 572 135 117 411 247 496 142 192 411 271 154 235 136 346 443 224 231 159 247 138 392 500 446 355 519 240 389 581 432 274 234 149 350 192 390 319 227 322 349 554 534 301 361 502 376 323 550 576 256 577 422 465 218 261 100 488 266 225 466 126 346 292 356 
273 353 147 542 472 186 386 284 273 336 332 163 509 340 497 333 311 342 117 498 433 100 265 210 140 417 489 118 500 129 387 429 142 219 226 107 488 518 503 227 270 433 477 396 422 0 599 424 300 509 183 393 290 298 254 247 347 446 562 357 371 568 471 436 220 325 306 231 333 277 419 597 421 117 588 428 231 355 280 378 123 213 557 239 191 333 191 377 409 202 213 516 110 437 373 310 212 435 471 599 499 110 234 515 598 468 161 129 322 287 398 160 145 499 138 398 597 346 397 596 446 357 507 488 310 101 504 194 368 537 405 382 281 504 545 236 312 503 559 490 429 456 117 259 261 490 298 393 584 320 433 132 291 262 174 171 485 360 415 564 245 138 168 336 563 497 439 413 236 315 515 403 468 270 128 378 416 327 537 598 268 289 294 126 587 278 349 179 585 518 531 261 347 247 339 404 223 250 368 541 
465 286 504 153 158 326 472 547 577 436 413 560 154 512 252 110 494 519 491 301 413 250 384 201 536 529 285 464 487 523 348 324 457 275 488 154 152 305 309 358 497 285 286 365 435 599 0 466 167 325 407 259 449 515 442 493 265 102 419 110 412 284 361 472 508 532 513 324 239 206 376 333 344 320 299 282 584 173 488 558 304 310 384 411 597 163 413 401 384 119 265 324 505 416 102 463 509 462 157 217 419 196 165 500 540 142 249 529 153 157 375 371 274 568 128 338 238 127 573 208 362 531 403 268 340 238 415 415 312 312 458 396 398 107 201 575 159 508 333 179 239 301 480 382 348 259 212 522 344 327 425 433 405 313 119 337 469 560 418 262 514 503 314 497 260 474 435 212 190 164 509 352 132 264 133 526 106 217 396 582 235 168 302 577 289 483 559 319 596 133 226 481 494 537 355 169 345 454 299 256 
137 173 256 242 564 505 232 543 258 440 343 194 424 294 115 279 131 164 557 254 548 234 485 146 566 288 246 495 435 369 561 401 225 595 317 498 598 598 149 278 408 423 111 483 554 424 466 0 509 580 551 580 230 526 590 437 118 249 247 314 583 534 395 212 467 595 380 486 121 266 552 107 181 407 238 191 442 185 293 370 235 437 540 355 371 136 597 376 373 514 390 582 325 339 560 365 182 134 286 266 253 337 303 202 354 109 174 438 373 407 478 124 157 107 116 134 329 129 432 570 489 186 406 410 267 242 269 393 399 224 549 268 270 461 363 523 254 599 473 236 455 271 473 243 174 134 182 231 211 205 342 209 550 143 484 359 238 416 391 184 386 305 352 142 173 451 544 265 357 545 469 516 160 245 510 363 219 570 568 548 196 485 148 430 307 103 427 523 150 275 285 125 166 225 189 374 222 354 311 290 
123 586 482 353 318 440 505 469 319 444 452 370 585 474 204 486 397 280 363 222 160 510 452 152 453 477 145 558 187 241 443 100 308 377 325 146 567 466 170 116 139 514 249 294 238 300 167 509 0 122 167 523 219 113 105 382 563 363 363 300 256 598 169 157 152 101 168 558 228 160 290 411 237 479 480 542 575 157 459 118 467 113 188 591 535 200 189 108 344 567 489 375 335 400 480 533 296 207 131 500 397 206 402 549 312 202 446 179 169 275 253 492 527 219 450 584 357 463 566 536 429 190 192 288 517 214 402 480 454 166 380 374 266 278 442 200 141 127 590 510 453 126 440 250 463 208 320 232 162 336 370 366 219 497 171 137 375 384 551 434 289 502 427 591 368 426 531 131 493 461 326 325 209 463 337 530 487 143 485 337 449 136 428 459 218 551 176 440 167 541 212 404 507 197 468 129 557 396 156 254 
318 224 277 295 314 335 208 582 214 121 588 527 288 493 440 468 355 599 570 398 534 374 548 586 449 373 579 207 251 417 131 422 456 295 207 311 276 562 377 550 474 212 265 508 556 509 325 580 122 0 344 224 360 145 555 179 215 215 250 209 546 152 322 252 125 214 461 273 133 166 335 459 581 597 377 234 527 398 223 502 557 114 561 330 317 338 134 524 155 437 258 377 563 333 273 202 440 439 309 387 504 367 510 465 433 326 598 267 187 299 276 126 259 590 177 184 118 212 393 123 584 361 296 204 328 507 143 336 345 326 462 119 115 162 152 247 408 290 556 184 446 408 382 362 441 418 520 557 181 566 306 377 254 329 175 137 410 427 562 577 305 344 468 296 255 245 577 573 402 269 167 434 558 513 264 528 424 574 193 202 519 478 429 100 330 280 197 397 102 254 500 456 448 104 214 384 472 414 237 547 
