200 1184 3

0 330 417 493 204 397 397 542 455 342 539 258 339 469 145 400 502 200 301 191 588 391 400 402 172 186 543 394 193 336 570 229 231 519 133 447 494 506 354 246 221 456 207 394 436 501 118 594 472 540 474 531 587 331 582 550 285 263 254 286 453 179 418 376 258 135 292 223 535 434 489 504 249 249 348 330 180 305 314 523 259 425 301 159 118 468 540 535 340 373 433 247 574 308 428 213 424 118 512 528 293 330 283 376 517 482 233 585 219 253 390 568 361 190 238 511 430 279 559 544 278 205 439 488 261 143 275 282 309 319 275 175 246 296 199 363 422 131 536 458 170 233 557 380 308 588 341 270 297 106 594 473 427 219 295 386 492 517 347 565 243 471 318 336 545 526 282 316 495 531 159 326 175 384 231 135 341 263 146 458 321 223 301 207 126 406 362 597 549 424 205 418 468 181 506 439 390 446 543 543 
330 0 433 154 567 533 268 160 233 397 147 130 396 477 153 464 453 409 440 299 397 181 579 330 596 443 553 226 597 268 430 506 482 429 496 213 413 238 444 400 158 119 515 353 521 244 460 415 305 131 172 549 138 205 350 509 224 230 213 185 268 518 531 304 288 152 308 523 215 383 315 160 211 236 313 373 532 402 176 407 502 229 584 165 102 542 158 167 370 498 377 375 171 446 175 270 281 202 232 253 398 198 294 536 263 288 380 310 560 529 129 511 599 320 206 354 549 573 456 166 225 300 481 363 486 416 273 183 591 563 240 247 118 428 407 388 114 320 341 491 578 127 253 165 216 411 154 137 599 467 578 332 414 554 244 430 568 355 589 390 217 433 118 156 354 208 128 284 389 343 180 264 402 297 246 524 142 538 337 121 523 179 418 195 136 490 567 427 259 261 459 225 416 162 304 317 480 192 444 213 
417 433 0 484 133 496 251 416 419 590 451 493 302 179 119 299 415 527 333 199 123 222 527 449 292 167 407 154 434 518 285 315 406 498 385 537 426 562 541 396 396 583 296 267 310 424 355 462 208 165 240 472 198 368 554 536 325 433 408 198 203 378 301 398 579 421 105 514 279 170 324 294 454 472 594 238 450 399 308 595 286 540 298 574 258 494 222 390 560 598 487 541 595 198 524 287 311 106 469 419 235 167 252 586 363 149 153 162 330 325 482 420 277 324 422 526 327 552 262 585 120 453 154 478 285 382 199 380 117 358 445 395 306 490 508 116 316 163 529 562 119 581 478 491 365 494 508 415 481 313 532 303 303 158 296 378 513 444 329 126 359 134 174 130 353 551 141 447 229 576 233 338 164 204 488 521 537 460 415 594 417 346 229 469 187 325 421 500 176 126 451 202 207 324 294 553 238 489 595 493 
493 154 484 0 337 242 259 242 125 566 131 218 526 288 189 450 522 306 440 487 581 574 385 132 433 492 100 454 274 314 310 495 332 449 152 164 373 531 114 384 219 207 475 318 340 573 317 227 184 367 341 457 476 405 376 371 268 324 229 547 244 371 314 484 224 478 323 414 237 129 266 301 584 370 397 101 450 571 579 290 216 459 225 114 210 303 534 588 545 180 521 405 424 348 155 597 556 434 394 317 157 580 135 311 563 488 273 267 110 215 343 454 140 378 336 228 205 450 215 228 129 216 565 299 136 291 167 474 150 211 429 414 177 542 401 385 333 200 510 460 414 579 337 319 470 185 389 330 534 272 263 346 351 133 405 407 222 289 444 505 257 241 289 353 244 360 528 132 484 159 413 376 127 165 221 298 494 464 233 551 469 344 314 274 579 207 264 396 454 487 368 188 358 317 274 514 423 395 473 571 
204 567 133 337 0 535 181 533 222 473 499 135 458 438 287 155 593 181 426 404 585 394 510 502 277 358 296 189 387 331 363 459 453 114 293 126 327 130 405 263 300 187 259 363 564 500 445 184 406 512 423 221 326 215 417 168 200 129 148 153 577 579 295 156 382 285 492 500 426 537 544 358 376 319 488 249 579 507 311 127 399 104 349 142 298 390 157 526 207 418 131 146 594 198 440 102 453 360 415 423 299 337 342 591 259 155 354 285 552 244 132 549 152 426 434 485 416 567 238 287 475 418 385 310 547 289 175 325 481 342 143 143 376 101 530 410 349 307 450 415 538 150 217 358 117 417 132 443 116 343 471 488 480 252 495 251 215 239 231 148 552 372 166 445 373 501 217 262 275 537 478 103 349 497 126 161 274 595 425 264 123 397 117 180 586 430 343 516 483 156 277 172 560 518 577 319 198 430 107 519 
397 533 496 242 535 0 231 176 284 357 470 181 475 586 567 414 120 185 128 145 291 544 305 454 355 228 278 420 445 220 470 464 401 390 368 435 187 326 293 179 415 425 224 343 135 574 408 311 438 448 244 528 382 427 349 125 162 545 340 328 410 101 235 581 393 359 571 428 194 251 583 447 139 560 148 546 399 281 589 430 361 370 586 517 378 306 390 519 192 386 182 319 310 406 257 582 245 436 273 598 396 101 104 308 532 432 409 102 446 510 281 302 567 568 503 520 407 228 408 304 501 139 303 149 298 568 337 427 293 506 480 147 356 100 584 381 130 322 247 491 165 497 446 477 118 356 581 337 336 362 154 587 209 399 524 571 449 142 287 200 445 538 292 593 279 173 546 495 190 127 147 130 480 279 158 413 276 408 395 421 401 343 558 286 441 128 444 476 457 513 491 333 410 494 148 332 553 200 272 243 
397 268 251 259 181 231 0 326 413 232 234 586 208 366 343 148 358 134 595 412 116 482 283 312 397 499 160 427 177 396 113 234 316 544 374 357 416 396 382 300 557 507 327 288 107 103 419 490 596 373 171 259 481 187 574 125 238 258 123 594 169 376 189 259 510 117 133 452 342 251 183 439 336 299 458 242 225 531 436 295 408 157 413 599 281 498 481 526 103 164 102 575 109 241 449 268 386 346 152 382 261 141 369 503 336 160 298 467 417 599 327 581 220 364 326 579 448 149 306 135 424 354 544 162 482 221 341 405 210 148 276 414 358 414 187 132 123 527 599 284 148 175 525 182 574 253 269 200 391 513 567 566 357 403 409 346 440 126 440 106 364 122 391 341 332 302 458 550 331 519 441 593 293 286 463 433 264 133 343 370 126 206 405 564 258 255 210 376 194 558 347 128 511 484 151 422 356 281 222 538 
542 160 416 242 533 176 326 0 518 261 133 133 281 254 348 338 297 155 230 572 272 312 339 426 231 567 134 148 432 427 514 533 375 563 340 430 157 587 274 215 270 340 346 309 536 462 350 105 584 180 420 511 385 582 188 555 148 266 409 205 175 482 385 207 515 127 568 245 296 344 360 593 445 233 368 569 496 133 127 210 135 107 312 551 135 274 483 567 113 473 231 316 135 391 188 157 377 126 437 495 125 367 286 292 202 126 183 236 296 341 121 425 133 108 555 279 591 199 453 362 231 303 361 157 591 530 298 435 188 366 354 599 291 470 161 524 220 154 316 251 566 220 368 171 578 272 396 424 459 152 354 336 316 513 114 535 272 591 572 257 260 551 284 562 258 179 292 333 569 466 150 326 458 123 518 479 202 166 375 486 251 226 413 357 229 285 282 295 117 169 118 407 308 588 189 167 595 332 561 512 
455 233 419 125 222 284 413 518 0 344 332 218 228 517 219 329 301 409 498 292 184 270 442 272 530 278 566 338 132 235 250 408 414 526 589 371 163 110 115 270 179 461 464 574 558 451 138 186 317 118 345 108 567 581 558 349 370 115 533 324 296 517 148 237 564 413 274 589 554 458 337 136 464 183 533 272 540 383 405 405 419 303 291 449 323 544 503 337 141 593 253 387 177 208 521 247 567 269 405 376 344 507 146 239 366 544 343 180 565 358 136 146 271 575 375 334 363 481 241 380 267 350 595 372 195 336 163 308 270 334 191 303 276 415 326 407 129 591 563 248 142 527 498 472 546 114 101 436 316 307 108 341 184 440 169 185 187 576 283 288 341 144 570 362 211 215 249 339 129 196 408 130 298 590 353 404 510 388 457 149 326 388 420 537 508 161 318 100 121 204 178 293 508 407 361 173 480 517 235 536 
342 397 590 566 473 357 232 261 344 0 215 227 570 389 447 125 356 194 257 233 588 172 428 576 420 112 236 138 295 204 169 425 450 557 260 203 289 545 212 469 143 262 285 576 470 505 591 289 334 166 598 262 294 573 215 516 390 102 370 460 539 302 310 266 268 230 547 484 277 213 375 418 559 461 269 275 492 439 162 409 129 596 173 221 570 441 186 372 536 455 176 557 279 596 293 281 440 470 303 547 126 433 160 405 149 505 170 152 338 578 533 262 315 155 191 463 180 446 595 335 568 314 265 503 146 213 569 347 525 213 515 282 351 493 568 402 491 301 272 111 227 190 212 287 429 340 230 380 212 595 512 442 528 557 197 136 260 237 348 282 401 461 355 534 348 506 147 215 399 178 231 472 512 315 271 562 575 315 272 320 371 513 149 336 221 534 584 518 182 421 415 402 115 244 331 251 242 487 320 107 
539 147 451 131 499 470 234 133 332 215 0 522 128 451 491 523 218 401 299 553 184 251 211 513 242 403 137 308 421 483 120 423 276 413 538 270 547 471 113 184 385 576 512 516 235 553 216 404 574 203 155 295 346 469 518 397 289 150 238 319 220 456 561 235 314 212 271 203 166 256 309 598 486 503 534 349 498 236 135 513 108 452 561 137 467 193 163 351 422 506 427 107 285 133 163 107 499 521 592 371 129 561 209 433 184 164 546 357 306 271 421 412 130 101 566 287 229 468 267 244 229 450 531 323 473 357 449 479 164 539 250 400 299 257 326 301 118 288 388 188 543 152 352 181 122 258 306 445 501 596 167 459 527 415 391 109 132 316 539 130 320 507 432 187 113 326 261 160 509 295 455 514 401 515 429 507 159 342 280 414 194 499 485 404 311 328 147 276 578 542 400 268 103 397 315 508 259 475 500 321 
258 130 493 218 135 181 586 133 218 227 522 0 240 580 163 318 476 106 536 370 142 186 149 348 237 391 307 448 190 122 205 551 138 536 306 161 354 201 246 491 101 273 401 221 279 344 209 378 215 254 534 531 369 346 352 409 223 430 231 590 578 105 584 264 238 132 592 506 124 102 370 288 359 322 554 458 182 471 409 576 559 156 233 373 214 358 545 550 278 235 531 491 193 296 370 585 456 384 306 339 285 448 310 199 184 472 521 131 249 508 426 470 264 423 491 313 529 225 194 320 578 378 561 194 103 165 207 272 480 275 124 239 193 221 351 127 101 361 580 561 413 552 193 166 290 507 198 578 520 127 440 429 213 196 347 580 426 345 108 555 480 449 302 318 325 335 197 414 510 391 513 179 221 211 345 177 260 476 503 445 161 362 102 242 241 527 143 123 300 243 193 235 514 350 304 521 264 591 447 294 
339 396 302 526 458 475 208 281 228 570 128 240 0 555 585 178 438 462 548 131 475 487 370 135 268 395 132 305 191 459 409 507 346 320 281 533 480 367 242 446 391 346 420 413 461 147 340 365 153 271 348 314 464 419 297 100 270 547 181 124 499 415 361 194 107 270 128 148 510 327 458 180 244 120 371 172 377 375 286 269 161 400 302 143 416 152 130 492 392 119 355 148 188 277 331 379 274 127 107 255 509 478 524 598 329 369 244 176 307 231 469 577 592 597 372 593 527 218 179 554 580 353 144 560 293 136 159 452 239 438 215 146 104 496 206 260 185 173 146 268 247 207 431 203 541 350 179 101 120 232 326 169 502 468 496 286 401 481 329 308 103 331 100 488 429 252 259 262 177 516 186 261 217 451 246 286 581 468 266 571 381 523 458 319 485 257 245 302 314 456 109 498 113 159 293 406 267 219 411 312 
469 477 179 288 438 586 366 254 517 389 451 580 555 0 244 115 303 154 549 530 325 550 574 390 283 298 493 211 347 139 493 327 161 377 426 233 112 512 126 508 223 275 149 145 170 342 362 533 147 324 203 369 376 355 380 301 547 482 195 528 318 540 131 342 392 511 366 116 573 461 301 148 422 504 153 361 117 409 132 594 200 298 523 532 568 584 574 527 329 584 544 589 441 272 314 506 196 467 579 220 440 513 247 155 401 268 569 477 318 143 222 359 582 113 500 439 503 415 244 130 119 156 200 148 342 314 342 248 175 481 251 422 165 452 139 507 337 492 534 347 323 105 382 302 327 144 464 429 519 455 399 538 394 461 216 351 324 250 380 499 317 398 523 586 376 466 121 574 330 487 200 432 423 300 230 322 157 168 345 444 158 192 122 461 449 351 498 335 107 255 575 415 207 350 114 227 309 247 554 471 
145 153 119 189 287 567 343 348 219 447 491 163 585 244 0 507 522 179 579 570 366 450 124 596 508 189 218 194 590 265 213 258 540 127 323 275 451 108 361 421 532 178 327 325 263 485 439 445 512 363 490 580 512 353 298 249 209 126 392 178 365 557 561 250 293 142 505 500 461 322 423 191 173 162 244 238 398 119 168 211 438 108 571 101 251 511 435 184 183 353 373 315 185 189 521 124 400 241 119 570 541 118 435 124 484 490 543 218 580 211 537 559 328 369 159 594 541 505 263 545 401 130 431 587 366 266 542 273 277 535 174 490 527 299 433 321 418 477 196 516 145 497 287 331 429 536 334 329 276 186 186 287 303 353 520 208 196 287 235 197 343 331 317 291 239 477 527 305 110 157 214 264 413 422 267 187 485 508 564 332 226 466 537 159 434 578 565 392 532 401 184 223 119 219 450 565 149 173 403 466 
400 464 299 450 155 414 148 338 329 125 523 318 178 115 507 0 165 464 255 179 444 581 118 284 201 548 128 450 481 306 587 288 130 265 157 589 596 431 562 372 365 317 527 448 525 378 337 529 478 467 537 163 154 523 271 474 125 345 315 531 399 134 216 143 154 249 450 478 497 413 172 172 199 299 457 436 467 316 487 569 570 586 369 562 112 355 439 257 552 180 325 252 206 225 397 452 443 364 302 552 539 428 246 434 472 259 504 357 291 316 363 152 380 317 207 438 192 229 228 196 259 483 574 363 432 199 277 403 408 524 582 189 398 587 112 204 438 118 356 452 433 526 148 243 297 336 374 229 119 114 228 312 309 507 150 258 483 292 136 303 441 503 594 202 503 354 431 183 357 520 480 535 314 593 166 121 425 459 283 218 513 237 183 156 523 440 540 527 326 373 442 465 220 595 362 340 184 226 393 598 
502 453 415 522 593 120 358 297 301 356 218 476 438 303 522 165 0 402 205 126 512 332 189 562 291 455 150 498 182 471 247 487 385 540 314 549 192 248 106 168 344 170 397 465 238 570 207 233 250 221 437 108 358 340 554 595 113 371 456 411 595 391 467 462 459 285 584 393 200 171 301 317 221 298 590 216 184 138 475 564 594 313 163 466 269 378 477 469 183 498 255 298 587 119 482 519 430 469 540 168 116 298 457 418 172 298 328 515 554 190 261 372 292 322 305 370 578 127 386 572 304 196 442 450 284 401 259 475 285 165 585 109 282 529 199 317 284 438 495 342 188 572 310 384 421 233 497 166 423 565 396 101 397 344 356 336 240 515 250 480 433 100 238 541 507 176 549 332 463 399 305 153 143 250 400 532 445 334 521 387 454 201 267 243 181 567 358 372 550 579 200 248 541 375 125 428 280 567 203 330 
200 409 527 306 181 185 134 155 409 194 401 106 462 154 179 464 402 0 290 356 165 539 177 562 203 269 215 288 143 473 429 472 147 246 333 152 452 390 454 259 352 430 386 514 140 542 172 417 127 388 112 526 247 201 436 454 245 262 488 364 597 264 298 484 337 343 437 416 395 513 153 377 182 459 464 416 476 587 495 444 128 436 135 417 414 183 547 188 325 371 280 437 245 175 584 251 305 169 112 558 461 267 545 363 587 466 222 165 289 362 313 243 219 504 195 520 464 569 470 462 508 248 274 484 180 420 136 467 294 372 363 499 142 554 392 291 518 147 537 330 335 516 558 242 438 575 102 491 351 146 413 574 444 494 387 164 122 113 352 410 204 236 122 430 152 223 305 131 208 538 569 359 138 113 595 589 589 542 286 287 512 475 553 407 557 268 214 578 339 446 161 362 360 530 512 440 410 389 380 382 
301 440 333 440 426 128 595 230 498 257 299 536 548 549 579 255 205 290 0 116 568 269 487 274 401 146 521 239 296 275 308 300 481 264 360 305 294 101 577 426 229 272 121 141 517 198 184 544 106 349 303 375 560 307 222 391 543 301 532 452 541 439 497 361 241 308 503 279 413 386 546 405 136 136 457 319 417 120 263 557 232 204 188 568 382 492 158 400 201 103 163 213 505 196 543 100 162 432 271 292 392 513 125 175 353 373 568 387 139 237 364 419 208 229 500 227 158 443 596 295 573 572 122 253 281 538 237 265 394 168 484 378 123 191 273 287 254 167 293 460 349 590 224 428 270 581 427 353 477 166 567 338 588 180 373 144 340 335 436 319 414 364 206 189 522 188 314 135 331 587 599 211 153 403 171 541 177 403 301 165 550 253 592 495 221 536 508 463 458 145 531 352 486 388 440 472 498 144 469 341 
191 299 199 487 404 145 412 572 292 233 553 370 131 530 570 179 126 356 116 0 126 131 284 431 587 595 204 270 330 103 561 103 241 594 554 360 386 170 288 125 240 392 115 563 518 477 392 167 382 518 514 534 581 449 139 272 517 359 476 152 194 313 457 448 471 279 158 350 469 424 131 127 365 477 267 379 230 217 433 595 134 350 152 506 261 223 224 563 213 530 566 288 218 249 196 484 507 552 243 337 535 433 146 308 289 188 276 266 401 454 339 427 158 102 588 569 250 247 459 468 243 470 582 353 409 479 446 302 373 286 555 225 323 121 574 133 444 441 241 546 320 291 158 383 131 268 513 595 356 556 487 201 541 497 281 126 258 164 471 574 498 293 382 402 263 500 377 437 523 431 295 384 143 164 422 248 200 521 315 288 442 527 434 149 349 391 103 583 300 518 319 336 532 593 149 168 337 363 288 488 
588 397 123 581 585 291 116 272 184 588 184 142 475 325 366 444 512 165 568 126 0 241 115 318 316 565 217 379 257 346 568 184 512 381 442 155 441 278 577 263 467 452 251 110 277 597 589 335 279 114 428 352 219 390 193 177 551 224 191 217 363 167 594 577 331 409 171 270 587 284 595 394 228 226 258 412 241 569 406 569 430 314 553 215 417 278 124 592 410 182 204 568 517 369 215 117 568 474 256 543 598 144 441 459 528 353 367 310 235 122 504 247 211 205 428 387 442 438 297 136 196 556 278 596 536 376 126 225 229 135 287 394 279 405 546 571 217 310 119 134 563 230 322 120 528 242 343 534 255 593 339 321 356 134 320 218 463 458 305 284 472 494 455 203 217 215 443 509 333 342 296 461 497 116 577 265 118 222 490 230 412 543 119 338 590 519 278 200 498 329 341 148 470 373 561 154 381 218 343 510 
391 181 222 574 394 544 482 312 270 172 251 186 487 550 450 581 332 539 269 131 241 0 165 179 108 495 130 145 232 313 474 529 275 109 371 585 333 167 453 476 536 303 406 392 113 177 115 441 503 372 362 475 163 222 141 373 561 252 322 595 365 472 406 507 443 477 442 126 153 134 171 353 178 299 170 331 155 428 236 493 310 335 132 449 575 132 585 158 285 577 216 464 109 552 475 316 531 269 201 522 202 160 150 502 221 569 466 431 371 388 295 191 119 348 152 225 483 552 289 436 135 476 168 223 447 586 293 523 298 144 327 257 333 588 116 427 227 595 363 103 527 566 228 441 373 583 525 345 138 539 209 192 176 178 223 497 181 397 380 421 495 368 472 160 341 151 331 519 210 370 373 387 437 582 525 476 588 324 472 159 329 405 588 326 370 304 168 177 144 322 596 522 593 408 357 294 427 596 404 100 
400 579 527 385 510 305 283 339 442 428 211 149 370 574 124 118 189 177 487 284 115 165 0 321 163 214 159 169 575 385 224 132 548 144 566 207 573 280 517 555 460 231 343 391 572 256 446 149 156 529 592 151 208 367 468 420 580 561 164 333 137 328 260 421 533 497 455 189 583 307 315 177 363 449 291 143 361 178 432 500 592 149 216 132 214 504 167 472 463 435 253 370 226 437 430 576 332 472 280 291 272 443 250 150 474 249 422 400 201 124 337 187 399 232 224 431 400 287 171 539 458 262 302 503 171 478 340 195 102 468 115 240 120 190 215 397 599 428 363 302 185 316 549 448 491 454 583 544 122 467 458 555 223 310 280 470 414 537 303 152 253 242 116 173 458 209 590 290 424 101 158 572 288 284 464 445 279 344 158 466 101 538 537 574 176 133 546 476 539 207 282 242 322 337 549 218 255 444 518 190 
402 330 449 132 502 454 312 426 272 576 513 348 135 390 596 284 562 562 274 431 318 179 321 0 116 457 212 447 483 121 158 361 539 161 347 227 277 235 340 362 215 418 248 417 381 256 471 353 230 177 580 438 166 431 232 427 430 187 275 150 390 539 266 196 247 222 192 336 217 297 375 518 126 406 210 292 181 336 372 253 239 123 128 482 236 162 228 487 212 347 305 242 200 378 581 403 599 318 132 156 437 406 345 231 167 455 305 270 510 331 310 543 255 314 598 146 200 185 194 277 500 454 398 515 213 110 391 192 539 118 324 437 310 352 176 163 509 101 224 195 505 445 261 557 592 535 384 269 419 168 438 356 460 583 556 520 462 347 592 133 195 272 427 519 552 276 206 544 419 246 383 118 318 430 292 365 312 217 196 272 356 123 307 555 231 130 189 590 503 457 227 100 155 247 485 412 242 474 199 496 
172 596 292 433 277 355 397 231 530 420 242 237 268 283 508 201 291 203 401 587 316 108 163 116 0 519 445 227 384 407 238 589 342 322 556 209 411 300 113 427 131 453 576 121 229 423 367 230 187 503 464 186 578 461 378 505 409 344 275 107 572 575 332 322 452 133 529 572 117 335 476 311 293 453 169 258 220 187 183 419 353 456 213 511 497 328 444 138 490 114 466 175 179 128 482 516 403 595 576 116 227 292 262 562 594 313 259 258 532 194 395 294 203 144 186 203 342 399 340 132 487 196 374 147 157 178 522 463 451 275 311 249 421 195 140 175 401 500 412 288 105 269 241 461 371 260 458 150 277 560 394 376 173 112 442 172 598 390 346 462 249 580 112 463 570 169 390 281 581 418 552 512 582 567 579 378 171 440 513 273 466 233 305 105 526 305 338 273 517 244 284 542 115 308 211 319 187 150 596 565 
186 443 167 492 358 228 499 567 278 112 403 391 395 298 189 548 455 269 146 595 565 495 214 457 519 0 561 435 550 507 556 209 194 451 585 269 356 115 408 182 303 218 240 455 403 454 543 399 273 371 523 150 271 396 336 433 118 107 550 379 390 452 443 534 470 238 299 205 574 204 188 336 118 170 421 282 180 176 443 448 321 521 448 370 236 130 236 379 224 495 357 346 273 199 498 139 155 207 376 393 583 264 198 438 111 286 507 314 465 286 262 190 588 220 582 236 179 598 536 579 170 512 499 292 462 172 298 572 277 260 228 506 564 252 457 393 215 130 337 407 179 584 352 501 438 103 117 380 399 498 444 109 104 263 202 141 146 200 399 216 520 495 292 594 449 575 246 324 356 373 144 433 513 174 456 599 547 252 390 302 432 144 487 579 585 260 364 101 264 510 588 187 140 345 214 534 340 453 496 216 
543 553 407 100 296 278 160 134 566 236 137 307 132 493 218 128 150 215 521 204 217 130 159 212 445 561 0 131 413 330 312 348 525 135 169 574 132 335 413 255 276 322 258 339 483 544 220 236 474 410 362 284 210 140 239 284 406 461 105 344 256 537 416 147 592 409 254 561 274 474 319 452 344 500 329 156 184 118 206 511 313 244 529 374 106 337 403 110 439 399 162 331 455 291 225 419 411 222 307 514 141 242 339 281 126 138 481 146 142 155 503 216 194 308 151 160 296 441 320 396 239 522 148 320 478 426 336 303 310 181 107 335 108 499 270 249 358 100 509 259 314 429 115 520 441 559 164 368 273 396 429 497 186 127 366 426 568 157 239 131 478 434 224 394 160 553 330 533 178 118 139 500 452 126 519 466 490 216 461 252 145 398 581 286 321 518 116 519 139 372 399 412 558 303 306 412 113 341 200 163 
394 226 154 454 189 420 427 148 338 138 308 448 305 211 194 450 498 288 239 270 379 145 169 447 227 435 131 0 416 595 503 225 132 548 229 146 510 485 162 241 224 591 454 410 415 378 355 181 353 472 488 137 194 546 578 585 447 381 412 254 327 384 170 198 145 573 254 553 508 315 594 551 134 416 410 126 524 233 371 546 150 323 235 254 419 351 495 433 165 187 346 399 119 356 231 535 317 592 202 583 160 289 582 474 358 560 515 485 160 204 295 168 352 419 578 372 172 256 214 140 468 502 158 453 249 336 587 384 294 162 478 254 127 297 309 198 513 359 552 447 576 162 540 420 406 111 178 443 517 171 567 154 396 438 461 493 424 180 302 124 320 493 224 380 384 216 400 243 151 561 489 313 147 309 125 334 475 267 492 137 251 308 553 535 101 147 265 298 548 475 379 525 225 187 414 209 395 101 594 392 
193 597 434 274 387 445 177 432 132 295 421 190 191 347 590 481 182 143 296 330 257 232 575 483 384 550 413 416 0 456 278 209 354 482 126 355 314 504 435 290 393 148 361 340 434 311 333 107 172 521 130 259 345 147 418 238 220 208 282 120 371 303 302 170 435 127 292 334 336 232 315 454 532 494 316 282 585 497 356 359 200 332 341 269 322 372 368 181 377 224 232 253 330 177 110 139 479 484 108 584 480 541 592 262 448 177 437 380 286 588 325 278 297 244 280 113 358 509 196 452 405 554 498 558 139 578 397 360 222 540 214 272 542 485 424 496 473 487 585 480 183 308 131 258 296 333 126 501 358 121 462 501 407 498 133 387 200 362 522 485 313 312 193 544 274 421 133 554 509 102 440 258 130 581 474 253 248 176 227 474 358 115 299 442 363 352 197 355 410 517 155 358 399 530 478 104 223 561 230 310 
336 268 518 314 331 220 396 427 235 204 483 122 459 139 265 306 471 473 275 103 346 313 385 121 407 507 330 595 456 0 599 561 270 137 184 118 570 153 261 272 381 423 186 118 525 310 322 445 274 302 477 554 380 287 157 260 433 317 535 321 511 442 592 281 510 342 313 496 311 540 280 177 258 493 442 259 554 372 263 560 487 413 173 450 483 132 214 465 257 187 144 213 552 528 262 268 425 392 505 195 553 192 505 131 102 539 302 106 405 434 215 570 196 524 506 257 229 141 514 226 255 277 547 212 469 571 281 260 339 532 452 255 153 467 350 375 555 170 474 143 249 183 337 361 287 590 232 151 291 434 318 538 459 452 224 319 139 306 315 525 187 138 594 156 538 583 417 220 171 233 349 405 329 238 258 495 282 436 323 503 184 291 310 297 304 443 504 262 569 415 555 529 458 225 422 313 527 538 498 514 
570 430 285 310 363 470 113 514 250 169 120 205 409 493 213 587 247 429 308 561 568 474 224 158 238 556 312 503 278 599 0 458 238 401 469 374 189 525 115 369 273 127 502 160 292 320 163 327 110 305 224 139 281 514 574 191 177 406 539 578 110 428 306 554 533 124 171 369 327 570 278 474 353 299 128 583 261 422 517 432 123 323 183 289 124 234 583 163 279 173 138 331 461 235 362 469 323 468 255 135 132 122 219 219 578 353 289 485 155 340 146 474 215 336 153 427 271 595 289 538 410 350 594 396 562 595 556 127 512 363 400 559 399 352 278 364 345 403 313 198 512 321 562 158 189 351 251 137 508 112 442 444 103 390 507 522 273 254 348 382 215 150 104 432 210 249 135 395 513 106 191 315 149 385 310 268 278 564 276 551 118 593 420 184 262 233 120 370 309 229 556 500 484 105 217 325 596 188 535 338 
229 506 315 495 459 464 234 533 408 425 423 551 507 327 258 288 487 472 300 103 184 529 132 361 589 209 348 225 209 561 458 0 240 314 588 223 562 125 365 339 505 146 238 226 245 331 486 411 242 344 154 551 188 398 586 301 108 488 228 259 309 377 432 217 498 272 192 469 516 436 543 484 212 503 511 385 153 597 373 376 188 477 449 485 173 452 106 154 123 567 348 283 473 593 521 146 508 158 443 555 213 210 224 247 471 265 496 260 302 195 316 312 487 225 100 428 256 344 342 267 288 106 399 382 596 511 287 307 149 544 549 553 282 292 141 315 179 481 149 595 324 594 223 131 483 255 297 296 325 257 228 156 388 329 591 498 262 495 544 320 598 292 413 153 548 301 405 265 127 319 418 174 463 169 446 344 198 201 478 534 180 248 379 388 346 403 461 533 535 206 547 294 531 301 280 544 169 130 380 252 
231 482 406 332 453 401 316 375 414 450 276 138 346 161 540 130 385 147 481 241 512 275 548 539 342 194 525 132 354 270 238 240 0 304 407 238 474 175 493 426 325 117 222 420 256 125 136 387 116 111 178 461 506 191 312 528 165 403 371 362 455 275 250 366 349 226 321 102 413 376 269 346 171 535 105 327 460 556 397 597 235 594 568 438 157 106 168 264 281 410 341 407 545 348 434 296 124 496 429 186 177 406 258 106 365 565 120 402 245 349 216 376 223 252 383 278 195 549 398 129 457 413 508 286 502 258 249 593 549 102 439 234 485 254 571 215 581 102 549 190 195 260 184 208 209 460 389 131 182 290 239 470 130 188 229 320 282 263 467 525 487 385 323 261 433 178 492 291 199 208 554 376 182 349 161 297 532 419 339 254 244 142 302 100 500 254 166 233 277 385 137 445 231 185 460 573 265 151 298 436 
519 429 498 449 114 390 544 563 526 557 413 536 320 377 127 265 540 246 264 594 381 109 144 161 322 451 135 548 482 137 401 314 304 0 569 299 437 553 234 212 284 400 110 168 329 398 387 313 583 293 250 124 212 493 292 122 530 204 356 125 588 132 105 493 548 322 109 100 499 484 124 217 485 484 468 132 595 289 497 484 391 136 261 273 235 579 521 220 143 366 575 578 409 211 434 289 542 387 523 550 164 351 499 588 306 394 269 367 129 173 501 257 389 317 508 589 147 525 490 394 423 539 516 299 252 281 430 181 249 317 501 342 360 336 458 157 326 508 199 428 359 143 468 369 134 101 548 194 356 513 434 400 162 208 147 153 446 388 287 154 473 415 133 184 491 529 471 169 590 260 355 223 352 383 300 237 189 206 541 530 482 324 233 213 505 184 315 303 145 374 552 397 564 410 563 119 268 290 473 326 
133 496 385 152 293 368 374 340 589 260 538 306 281 426 323 157 314 333 360 554 442 371 566 347 556 585 169 229 126 184 469 588 407 569 0 588 421 404 501 494 353 531 351 142 254 415 237 273 245 107 255 267 412 597 310 214 572 517 148 193 269 245 520 381 541 421 465 440 324 328 490 311 176 415 276 330 297 197 536 560 182 565 465 189 482 520 173 225 254 583 280 153 480 145 558 444 124 469 435 136 591 180 377 261 225 514 529 184 209 415 446 529 525 425 239 478 208 153 133 454 599 348 362 570 399 451 333 495 272 495 542 339 100 511 571 586 520 427 112 269 248 111 372 282 335 397 457 342 313 420 290 384 429 462 544 420 266 229 426 376 309 318 415 366 563 278 431 487 545 162 199 552 482 543 373 500 412 152 371 130 274 168 143 581 282 175 456 365 326 569 177 501 363 449 283 507 170 133 502 476 
447 213 537 164 126 435 357 430 371 203 270 161 533 233 275 589 549 152 305 360 155 585 207 227 209 269 574 146 355 118 374 223 238 299 588 0 159 384 148 570 257 532 486 176 399 546 233 585 573 466 436 548 191 249 249 532 135 491 373 116 446 139 348 374 327 187 235 281 224 251 229 102 455 549 547 156 318 359 339 324 312 170 458 420 371 435 354 586 507 304 555 242 357 309 516 406 441 369 455 346 390 569 381 168 439 423 211 289 423 567 369 574 138 347 181 442 332 106 305 501 304 248 263 523 161 332 393 295 101 399 109 471 590 172 179 185 129 406 274 375 311 246 271 579 476 234 136 515 288 532 297 497 521 303 475 227 410 493 125 149 401 356 486 400 579 458 233 308 310 353 190 493 590 433 109 380 317 547 203 489 588 202 189 381 142 484 570 237 275 190 246 262 271 313 437 456 271 227 594 125 
494 413 426 373 327 187 416 157 163 289 547 354 480 112 451 596 192 452 294 386 441 333 573 277 411 356 132 510 314 570 189 562 474 437 421 159 0 205 361 380 125 535 191 159 144 125 269 156 333 316 361 267 593 171 248 598 323 354 189 442 395 503 114 271 461 176 349 397 369 346 534 310 182 391 136 245 488 544 557 352 339 179 140 418 405 517 234 599 156 229 197 212 306 555 126 283 213 195 493 408 476 598 371 592 367 430 444 103 383 479 359 285 551 303 471 462 490 351 324 462 163 377 546 275 486 589 326 474 406 256 396 402 424 343 329 105 562 212 539 465 462 309 502 499 237 226 126 434 128 174 327 110 170 309 409 313 344 416 262 552 526 354 133 159 260 403 128 398 145 273 450 523 259 294 315 189 284 181 113 392 170 557 346 220 275 171 444 441 107 568 497 104 174 594 419 479 205 542 323 358 
506 238 562 531 130 326 396 587 110 545 471 201 367 512 108 431 248 390 101 170 278 167 280 235 300 115 335 485 504 153 525 125 175 553 404 384 205 0 177 528 511 318 505 467 582 272 234 315 421 559 588 499 203 100 523 461 597 191 459 546 492 222 110 332 284 418 461 386 259 110 519 386 572 412 493 395 106 411 494 194 229 291 243 335 103 521 458 232 343 558 401 589 407 316 342 560 212 196 131 477 300 181 417 111 396 382 509 250 112 235 283 596 432 200 362 430 273 216 172 392 342 408 453 109 285 519 374 598 305 325 240 118 553 396 184 451 235 481 481 228 583 272 354 390 320 130 169 422 106 232 333 537 378 408 209 407 331 537 438 341 573 409 491 170 283 595 228 258 377 503 292 554 553 537 368 168 300 385 557 598 510 306 465 150 295 358 559 101 248 546 274 243 230 552 597 200 314 169 376 279 
354 444 541 114 405 293 382 274 115 212 113 246 242 126 361 562 106 454 577 288 577 453 517 340 113 408 413 162 435 261 115 365 493 234 501 148 361 177 0 178 589 218 111 328 470 319 230 561 293 201 514 553 241 152 516 405 550 103 237 581 505 245 366 590 514 257 244 101 130 430 259 367 396 464 363 372 580 124 499 409 390 242 355 298 101 438 111 561 188 472 363 562 463 229 210 392 307 411 314 317 143 521 114 274 458 193 162 458 251 219 140 250 588 183 284 157 356 318 151 198 412 354 281 107 599 204 169 296 131 236 458 545 588 516 363 249 353 494 529 490 590 204 141 294 243 173 541 380 556 410 324 579 550 530 521 339 354 175 361 354 270 227 273 491 348 549 324 199 327 542 135 396 441 410 210 243 484 503 123 441 189 172 177 571 326 147 123 243 315 223 175 235 124 509 486 205 111 398 331 148 
246 400 396 384 263 179 300 215 270 469 184 491 446 508 421 372 168 259 426 125 263 476 555 362 427 182 255 241 290 272 369 339 426 212 494 570 380 528 178 0 562 197 556 579 401 459 378 184 289 229 297 241 440 401 431 423 388 418 421 286 579 250 467 354 385 433 362 547 358 484 469 537 549 560 117 404 534 590 475 181 239 124 131 387 416 333 206 312 496 258 465 193 426 421 593 182 462 516 583 410 417 159 198 588 155 438 113 478 555 334 359 583 310 431 393 136 266 165 433 319 418 531 594 188 207 404 361 169 305 256 183 542 187 235 337 515 366 591 480 378 253 465 415 592 486 122 444 144 598 571 258 282 210 554 504 515 366 303 370 390 115 500 282 191 249 592 416 584 297 332 138 468 523 429 214 134 420 346 574 390 302 571 139 215 389 350 420 393 356 581 401 426 413 565 554 516 286 354 521 285 
221 158 396 219 300 415 557 270 179 143 385 101 391 223 532 365 344 352 229 240 467 536 460 215 131 303 276 224 393 381 273 505 325 284 353 257 125 511 589 562 0 479 105 168 456 162 155 234 500 166 283 138 471 205 263 297 405 281 556 101 159 537 380 266 187 337 237 385 190 135 385 201 445 294 273 329 157 161 363 389 326 358 432 417 547 465 266 248 480 531 131 459 376 344 547 596 490 352 412 358 544 315 393 331 300 353 164 266 531 353 281 532 204 394 161 233 413 379 188 143 204 283 239 418 541 253 577 337 340 495 157 450 295 463 461 237 223 180 362 329 336 465 165 563 438 499 558 141 102 122 284 480 234 258 101 455 146 201 292 543 268 412 284 171 203 471 451 461 192 102 328 256 546 434 335 445 361 518 208 181 161 518 416 241 325 266 384 421 206 224 566 275 482 413 426 583 383 562 549 552 
456 119 583 207 187 425 507 340 461 262 576 273 346 275 178 317 170 430 272 392 452 303 231 418 453 218 322 591 148 423 127 146 117 400 531 532 535 318 218 197 479 0 337 237 118 574 342 164 459 304 163 389 291 350 536 253 326 187 428 473 477 176 482 109 540 332 198 284 530 145 537 576 560 406 493 184 395 232 475 541 204 106 530 162 309 231 165 512 127 337 481 425 167 393 218 529 402 568 261 439 156 270 178 598 161 250 464 111 375 124 382 572 232 484 137 276 533 352 552 226 551 249 319 203 186 299 369 423 424 409 485 476 193 493 549 235 390 562 338 402 378 456 143 595 165 253 396 458 524 349 110 172 370 429 158 580 403 110 556 568 538 424 272 313 372 586 264 596 316 508 335 101 406 275 573 179 349 199 327 558 572 299 139 189 324 214 443 590 561 478 411 339 368 597 180 193 410 121 200 305 
207 515 296 475 259 224 327 346 464 285 512 401 420 149 327 527 397 386 121 115 251 406 343 248 576 240 258 454 361 186 502 238 222 110 351 486 191 505 111 556 105 337 0 119 325 548 216 524 510 481 395 378 520 174 562 265 117 563 266 161 264 440 175 337 572 130 421 486 496 591 151 186 347 268 197 459 332 487 207 318 364 591 175 381 249 242 148 518 571 301 466 593 223 431 582 534 503 532 301 439 392 125 273 161 367 221 165 115 159 322 390 167 381 426 348 554 366 270 267 399 362 214 539 568 462 531 134 504 315 437 416 245 330 292 342 478 557 255 552 505 384 440 194 236 461 235 254 261 494 197 503 552 277 273 421 401 322 312 357 300 245 326 582 354 258 557 546 545 213 289 311 579 168 589 161 568 581 502 540 334 391 505 135 306 488 400 121 226 547 354 482 493 263 371 518 292 180 185 409 563 
394 353 267 318 363 343 288 309 574 576 516 221 413 145 325 448 465 514 141 563 110 392 391 417 121 455 339 410 340 118 160 226 420 168 142 176 159 467 328 579 168 237 119 0 472 584 373 231 263 437 104 171 244 406 131 233 363 294 305 457 387 136 587 445 309 445 144 248 579 476 568 357 596 439 294 471 461 460 415 451 397 525 115 246 210 280 190 370 243 494 144 216 231 584 118 212 187 362 373 392 365 352 513 498 461 422 527 550 280 424 132 497 301 579 466 196 420 344 202 124 271 562 564 187 247 318 202 261 127 204 264 446 515 180 169 455 268 328 435 439 306 369 389 231 168 225 538 194 397 253 138 285 402 211 141 267 311 383 452 417 403 198 597 557 267 544 135 480 201 213 214 162 286 583 545 254 174 498 465 323 477 576 447 531 213 268 231 515 383 158 112 252 179 470 583 337 197 451 128 161 
436 521 310 340 564 135 107 536 558 470 235 279 461 170 263 525 238 140 517 518 277 113 572 381 229 403 483 415 434 525 292 245 256 329 254 399 144 582 470 401 456 118 325 472 0 432 439 308 312 592 549 509 302 563 458 408 480 592 264 185 436 228 577 162 543 272 188 517 210 389 331 224 551 131 278 571 138 120 596 221 440 321 104 152 411 222 517 524 500 471 483 466 210 307 174 270 488 249 405 276 259 351 314 275 110 299 557 252 311 350 134 381 575 511 247 563 133 489 455 479 487 133 502 101 230 402 559 511 497 495 313 252 283 235 153 436 330 332 483 353 347 346 131 196 480 548 572 162 199 386 245 267 278 358 124 504 288 556 281 305 543 448 103 158 557 255 550 447 272 506 101 295 184 400 510 514 131 532 513 300 183 278 434 338 252 210 459 591 380 350 134 512 157 174 583 321 375 179 527 552 
501 244 424 573 500 574 103 462 451 505 553 344 147 342 485 378 570 542 198 477 597 177 256 256 423 454 544 378 311 310 320 331 125 398 415 546 125 272 319 459 162 574 548 584 432 0 359 394 338 101 564 136 203 107 309 145 530 169 419 144 465 166 429 366 480 307 130 272 508 104 140 209 151 598 251 517 534 131 584 491 143 172 536 245 514 283 589 477 300 102 317 582 172 125 118 461 599 276 490 478 306 153 339 251 369 108 467 359 418 328 526 369 232 235 285 300 180 319 156 243 111 123 483 538 350 269 587 335 195 533 575 556 256 108 402 286 482 376 301 354 515 479 218 453 345 112 157 333 260 385 421 372 383 355 534 589 156 160 250 353 437 439 279 453 298 163 362 213 293 477 362 334 262 312 323 501 389 191 437 456 449 246 444 378 131 163 131 579 436 192 182 322 196 577 129 558 468 495 374 352 
118 460 355 317 445 408 419 350 138 591 216 209 340 362 439 337 207 172 184 392 589 115 446 471 367 543 220 355 333 322 163 486 136 387 237 233 269 234 230 378 155 342 216 373 439 359 0 535 464 238 535 397 391 309 535 169 141 369 340 465 374 386 103 316 350 524 559 476 484 520 562 497 372 256 463 399 292 346 404 140 333 409 508 270 465 141 523 444 309 461 330 347 518 294 554 189 113 354 391 546 355 466 113 172 247 521 471 517 371 483 132 111 415 519 126 360 128 498 487 555 172 208 286 336 284 369 388 191 327 104 253 296 567 584 424 252 355 152 384 124 254 105 356 393 166 316 333 275 245 333 141 102 578 524 484 166 285 434 572 146 201 436 502 353 207 424 214 255 587 430 376 147 471 531 520 282 287 564 489 299 352 101 196 336 462 160 564 494 262 217 110 522 502 105 141 230 327 353 340 106 
594 415 462 227 184 311 490 105 186 289 404 378 365 533 445 529 233 417 544 167 335 441 149 353 230 399 236 181 107 445 327 411 387 313 273 585 156 315 561 184 234 164 524 231 308 394 535 0 528 237 360 590 236 557 513 261 534 490 110 412 502 422 477 295 141 427 385 221 469 135 266 398 171 146 104 477 486 264 276 376 261 510 552 366 170 475 526 251 306 284 143 179 589 121 582 196 462 302 320 426 400 552 257 259 487 593 273 588 398 395 104 123 139 460 591 149 458 150 591 244 279 124 253 142 382 193 501 198 273 142 213 221 301 338 366 120 475 360 281 461 366 266 259 424 201 585 243 233 462 342 233 203 223 152 436 443 182 359 458 355 512 373 220 234 494 391 493 114 235 317 196 118 290 527 582 314 148 152 442 492 216 158 183 241 595 322 532 497 511 282 319 327 160 152 169 158 281 171 443 277 
472 305 208 184 406 438 596 584 317 334 574 215 153 147 512 478 250 127 106 382 279 503 156 230 187 273 474 353 172 274 110 242 116 583 245 573 333 421 293 289 500 459 510 263 312 338 464 528 0 322 374 333 310 502 337 243 182 224 268 165 520 195 238 361 281 538 551 384 488 371 338 594 204 219 291 299 167 308 585 566 256 392 408 202 489 278 241 416 508 244 543 403 352 318 306 531 277 401 303 250 184 204 588 578 528 397 206 227 315 158 101 205 484 578 351 329 379 534 185 412 551 148 267 370 417 111 287 202 466 447 114 128 306 280 147 352 224 218 285 289 292 250 204 149 249 572 111 575 201 530 121 176 164 177 377 232 485 396 309 573 599 249 300 566 216 285 432 314 335 444 480 292 224 298 521 328 342 553 368 363 294 574 460 191 367 239 422 246 381 527 419 208 286 182 305 482 428 429 430 478 
540 131 165 367 512 448 373 180 118 166 203 254 271 324 363 467 221 388 349 518 114 372 529 177 503 371 410 472 521 302 305 344 111 293 107 466 316 559 201 229 166 304 481 437 592 101 238 237 322 0 274 126 354 318 107 369 204 180 165 121 401 363 393 530 354 445 251 549 524 328 454 315 429 128 172 176 196 450 225 478 402 152 105 250 117 425 499 550 130 404 383 574 128 381 512 178 392 198 297 352 208 502 155 252 527 400 497 431 283 220 395 582 310 266 559 428 219 150 421 499 351 477 515 125 188 302 378 174 157 179 201 523 294 399 476 417 519 468 248 464 341 173 322 436 537 210 589 433 514 261 370 495 549 265 467 388 184 554 516 307 557 415 430 199 281 136 345 416 182 480 286 467 405 352 522 435 412 359 334 317 348 357 557 234 587 103 483 147 365 505 180 371 221 290 553 287 547 129 434 204 
