200 1000 5

0 571 323 180 380 519 272 424 372 147 577 497 566 194 481 593 400 215 275 421 277 382 135 178 374 280 516 188 141 402 386 442 575 297 161 472 425 401 184 369 160 335 101 499 505 469 562 534 488 159 549 426 598 332 381 261 583 220 220 305 342 403 461 290 356 210 295 565 247 559 301 162 171 423 442 548 276 355 217 355 423 347 301 313 235 149 510 126 372 569 563 394 280 417 177 153 178 158 566 304 564 192 116 495 384 119 433 199 181 246 410 232 586 208 476 535 132 234 315 328 215 180 470 572 426 356 177 239 134 377 114 459 158 545 251 239 128 283 421 208 318 148 430 439 352 397 269 473 282 545 578 139 265 398 193 297 338 159 593 587 211 147 126 284 447 316 444 263 550 467 408 483 214 509 340 530 229 232 238 518 363 473 378 205 156 181 460 267 571 410 122 434 358 132 264 146 205 341 599 375 
571 0 315 514 272 528 421 172 356 186 230 292 585 466 440 203 480 368 124 442 147 337 588 441 395 231 451 563 394 421 522 595 358 330 511 562 310 591 454 137 562 338 523 148 471 597 145 465 266 456 412 433 521 323 191 142 440 220 437 314 505 337 393 398 311 305 225 353 121 249 111 585 383 411 539 526 316 527 326 587 303 294 421 549 343 297 195 214 289 338 124 459 485 558 505 223 449 115 481 440 435 545 319 355 358 185 531 528 272 396 239 128 423 578 110 484 369 259 576 123 563 248 441 471 465 165 316 409 372 234 512 587 246 363 530 488 528 215 118 299 134 365 445 460 474 368 260 181 527 546 310 100 517 540 452 107 442 408 165 520 341 536 278 410 155 115 168 479 507 358 193 364 591 169 266 440 165 259 282 567 164 316 493 282 251 559 140 237 552 421 368 481 571 529 210 425 146 513 117 188 
323 315 0 377 221 224 525 131 464 175 119 287 356 149 572 486 187 137 224 494 412 245 506 587 255 573 331 434 351 337 312 323 581 449 520 373 166 449 559 362 286 353 401 329 275 557 562 523 182 562 174 488 240 516 486 111 170 480 319 551 259 294 423 145 384 212 346 132 323 479 578 435 559 394 591 113 411 464 238 408 533 556 133 311 267 273 565 203 310 120 428 321 256 293 170 362 232 142 315 328 516 388 165 568 347 359 421 385 425 521 576 308 448 131 577 291 185 479 334 269 256 207 167 572 472 368 528 496 239 455 382 483 223 312 538 295 175 137 397 568 192 306 484 537 432 307 356 559 393 183 191 266 594 392 551 388 260 272 219 179 536 487 303 513 149 396 440 489 385 294 149 563 586 275 326 153 367 176 376 242 127 352 215 213 350 151 312 442 296 464 537 597 263 174 331 184 469 324 358 277 
180 514 377 0 163 100 221 533 404 265 174 149 359 402 333 403 113 543 241 197 227 412 283 468 563 437 440 456 577 548 221 174 337 375 366 245 204 325 140 174 193 232 300 184 131 353 490 515 229 111 362 161 377 215 559 397 542 494 406 537 536 553 170 286 230 101 130 383 176 219 346 158 207 423 156 440 127 521 463 328 112 145 139 522 168 284 156 118 588 105 112 120 550 470 169 309 348 324 275 272 463 464 356 374 415 139 313 427 395 519 189 581 325 201 162 124 588 204 315 357 538 226 586 525 105 437 570 293 130 209 133 252 326 254 505 248 112 347 265 418 243 305 307 246 113 462 352 251 538 117 520 181 300 230 468 552 115 215 570 120 321 470 456 598 287 256 210 259 200 204 182 389 292 160 378 520 556 592 401 478 165 144 222 482 114 116 162 456 379 192 288 430 516 587 372 415 572 285 434 352 
380 272 221 163 0 128 393 278 468 501 276 104 206 381 124 337 210 440 393 557 561 559 381 572 550 126 241 565 245 500 443 449 475 376 431 193 597 179 147 475 398 333 390 300 536 273 426 552 223 169 320 525 309 231 257 305 430 522 172 428 115 417 159 207 478 375 325 100 169 535 493 534 324 362 348 356 382 576 465 337 245 200 314 127 146 408 163 147 363 153 227 349 183 287 518 570 444 437 127 294 360 245 240 599 218 339 200 548 109 401 449 294 432 215 273 591 480 524 532 496 383 225 512 581 297 337 353 249 488 499 397 436 503 240 131 122 500 173 236 312 464 429 411 246 435 415 342 316 404 312 159 486 516 188 552 540 438 200 560 438 436 475 122 453 225 277 443 527 394 166 538 185 576 371 575 120 515 445 154 226 245 139 240 451 483 429 212 304 569 127 442 135 202 135 360 129 458 492 399 213 
519 528 224 100 128 0 251 368 436 235 411 369 556 541 356 412 131 501 447 358 272 452 271 292 375 335 534 199 111 417 515 490 214 189 370 136 472 466 356 366 128 489 307 401 255 442 406 284 586 294 327 597 227 165 586 214 112 229 266 516 236 393 518 144 520 200 418 410 410 333 417 211 500 411 367 279 431 125 532 285 336 325 192 579 220 454 434 229 165 561 332 529 345 433 304 553 538 255 565 530 352 149 242 237 370 337 320 212 361 259 555 483 571 553 394 277 236 259 512 307 148 419 556 359 401 130 330 537 384 357 307 411 562 572 510 536 504 532 596 596 140 320 131 266 161 582 393 183 323 440 192 439 463 208 366 306 476 528 554 129 230 178 345 570 305 532 119 406 596 484 221 527 569 500 532 251 204 233 402 580 307 513 566 133 301 455 123 529 267 487 576 599 132 487 541 379 189 274 139 245 
272 421 525 221 393 251 0 297 244 423 188 367 143 518 392 110 569 244 233 523 434 185 385 149 392 582 241 354 154 238 417 498 331 162 113 597 518 478 511 443 324 552 516 583 364 548 327 462 370 591 406 309 126 246 107 433 372 319 158 528 295 270 362 108 155 337 505 146 576 214 434 473 489 434 534 537 425 291 507 595 357 472 466 321 503 377 111 260 279 402 463 142 556 301 554 183 262 388 307 431 372 289 497 521 286 556 468 344 580 583 529 595 341 597 378 416 227 538 566 102 459 580 237 283 355 579 325 465 565 410 138 133 322 460 164 230 439 154 523 588 463 516 291 329 203 169 202 154 379 301 323 491 359 400 248 324 438 435 336 391 235 251 439 579 117 219 184 172 573 493 510 314 128 534 258 332 386 237 205 358 511 445 570 182 576 106 595 444 475 471 165 125 380 571 354 462 575 130 219 291 
424 172 131 533 278 368 297 0 111 368 363 166 408 268 347 438 146 215 372 204 195 547 151 189 256 171 275 472 320 589 334 328 181 403 366 105 183 309 583 219 286 531 359 219 579 215 469 118 560 330 579 273 223 271 414 299 479 342 116 163 162 178 594 106 253 162 516 145 360 447 238 492 377 467 497 273 297 355 500 444 264 226 313 165 539 301 115 536 571 587 593 278 233 330 353 124 564 181 536 409 271 165 238 434 284 199 162 561 386 427 200 468 528 363 507 487 527 552 463 276 463 238 595 116 249 164 575 359 283 302 489 598 349 203 303 589 552 303 398 175 414 485 113 254 367 562 172 112 199 337 272 599 268 404 178 590 198 121 164 121 121 311 296 332 480 164 423 321 485 339 221 334 545 247 567 590 506 198 242 191 402 180 188 593 512 412 489 200 407 154 213 359 371 111 112 442 277 470 259 406 
372 356 464 404 468 436 244 111 0 121 304 102 487 495 254 359 295 599 543 470 201 506 141 590 450 343 430 241 269 242 420 492 134 436 127 186 224 344 175 504 108 398 389 266 157 115 358 424 119 561 498 583 541 397 568 510 311 415 323 130 545 485 294 551 424 593 490 534 491 457 464 408 283 520 262 528 457 471 102 510 413 201 282 387 312 405 228 329 398 331 514 115 453 370 570 573 263 357 264 220 231 187 229 557 263 458 563 393 366 505 111 577 566 494 111 483 109 440 370 329 552 292 163 113 485 367 546 526 438 580 105 271 327 312 193 414 584 424 217 341 565 590 514 289 360 281 278 442 125 507 290 240 517 208 330 215 392 477 224 315 428 303 550 256 276 587 569 264 143 323 255 223 478 223 352 514 368 109 177 526 119 582 348 484 401 331 360 486 539 372 316 146 175 425 145 270 109 327 349 221 
147 186 175 265 501 235 423 368 121 0 230 358 366 592 388 394 556 581 310 218 426 164 180 209 491 567 413 168 252 122 533 221 264 385 557 599 213 106 222 246 149 250 146 234 544 508 451 372 188 560 462 509 389 355 316 228 560 260 563 547 346 111 371 294 342 470 468 236 539 480 173 146 169 584 175 510 379 110 428 249 554 105 496 185 532 593 242 255 379 128 332 248 107 516 324 495 551 231 595 568 261 180 595 432 408 110 394 198 474 171 423 192 140 367 221 215 161 127 318 145 144 373 581 492 422 318 433 322 183 559 502 308 382 589 319 456 408 108 269 311 230 467 195 319 598 210 343 246 399 364 125 472 471 337 344 235 575 468 185 130 522 219 512 431 514 112 451 290 539 362 538 408 389 481 256 381 142 451 543 170 479 373 575 426 239 594 378 284 310 503 357 206 279 333 243 266 574 584 491 154 
577 230 119 174 276 411 188 363 304 230 0 321 156 463 485 241 486 263 461 102 316 513 348 520 558 479 181 133 502 220 111 568 167 188 448 256 154 346 372 197 142 180 340 588 203 134 567 126 322 340 341 520 507 214 331 594 518 542 379 589 528 452 393 200 260 423 114 531 547 233 501 183 558 573 404 522 565 233 546 238 592 234 515 133 234 132 340 525 439 307 345 235 492 456 337 506 329 538 322 400 307 384 370 200 107 355 114 308 496 166 169 283 393 166 292 460 363 225 406 581 214 255 255 443 595 531 147 363 290 220 298 121 366 375 342 497 386 562 441 134 379 375 220 512 548 507 488 588 585 155 397 219 238 461 545 464 295 572 276 169 245 389 523 564 460 526 390 113 307 209 239 324 234 298 403 298 547 154 496 516 585 160 470 274 145 538 467 383 186 145 348 130 572 342 541 274 477 549 317 268 
497 292 287 149 104 369 367 166 102 358 321 0 265 128 438 565 533 397 123 408 315 174 562 405 145 266 456 299 367 433 325 152 511 196 297 150 372 155 100 323 198 444 239 343 265 504 343 563 465 426 412 166 571 352 182 551 395 435 124 196 482 251 343 498 530 467 497 283 536 527 260 551 137 191 349 588 567 265 446 248 268 584 309 408 577 415 206 269 289 165 521 503 176 135 376 159 587 505 228 583 405 238 496 326 192 562 526 322 162 434 223 396 224 495 370 562 498 140 105 565 197 210 487 116 457 322 166 537 114 206 429 553 167 582 106 187 146 117 291 254 347 228 178 177 396 174 464 397 366 363 106 241 406 400 419 217 539 515 303 485 339 425 428 462 193 572 457 179 311 560 195 362 586 370 255 341 492 131 266 132 268 403 143 170 584 305 533 304 552 319 165 363 431 264 174 189 452 230 300 510 
566 585 356 359 206 556 143 408 487 366 156 265 0 439 188 350 429 174 301 182 238 424 549 340 572 321 136 306 187 424 480 583 444 440 550 558 422 161 106 478 358 376 528 172 287 175 511 565 183 584 492 203 133 540 344 551 431 156 555 325 442 532 493 347 561 388 455 411 416 577 111 117 281 248 426 114 548 573 454 152 368 220 472 446 509 501 528 222 523 138 364 306 389 250 415 389 584 184 554 304 435 511 239 110 503 141 370 160 155 347 465 137 445 389 104 306 549 121 369 206 504 207 598 370 369 176 328 404 264 100 445 245 160 559 522 225 451 575 423 471 585 548 389 170 521 504 317 136 212 474 231 178 384 542 597 533 146 216 179 500 529 207 481 438 154 561 500 183 485 281 455 231 398 216 268 455 341 440 290 597 303 547 246 158 129 449 559 219 472 537 472 442 248 490 520 203 367 334 217 287 
194 466 149 402 381 541 518 268 495 592 463 128 439 0 257 340 418 164 481 467 319 287 519 515 500 551 358 104 110 259 178 225 269 116 206 548 459 589 172 261 518 184 473 548 105 146 560 363 301 546 427 102 355 234 209 491 463 331 548 181 343 581 539 149 333 364 481 323 252 505 589 131 522 152 277 493 372 319 153 108 335 572 404 483 334 545 454 332 185 361 499 447 133 170 437 439 523 382 401 128 495 355 471 345 209 269 307 352 426 166 264 577 505 168 436 368 410 163 215 155 229 573 301 216 312 520 491 596 194 200 194 273 400 411 367 406 494 509 466 309 451 272 422 314 399 557 235 484 429 473 103 164 565 295 463 390 528 255 489 407 495 400 548 552 307 219 287 179 118 570 180 173 519 492 310 224 360 126 552 558 229 594 470 287 434 395 557 580 381 430 100 585 454 276 362 492 144 310 158 172 
481 440 572 333 124 356 392 347 254 388 485 438 188 257 0 136 290 239 210 522 267 308 395 449 500 269 361 144 314 264 203 335 117 482 418 107 377 138 538 469 154 257 166 559 221 329 497 441 146 256 526 213 388 464 339 477 552 556 482 404 166 386 405 384 248 544 388 487 233 293 433 111 227 369 320 268 370 382 125 133 206 558 443 526 179 427 383 224 528 185 430 444 137 218 428 307 518 141 118 335 437 333 123 390 463 457 175 111 332 196 597 531 266 191 559 514 429 328 352 176 269 154 466 307 583 143 541 217 229 421 177 388 158 416 472 174 498 319 228 380 424 175 544 279 246 413 377 413 345 275 561 322 131 393 209 415 277 242 400 264 126 142 272 510 335 576 319 488 132 141 534 503 533 468 463 442 414 249 410 320 264 389 588 101 406 171 323 507 303 345 145 320 182 451 474 182 444 561 349 596 
593 203 486 403 337 412 110 438 359 394 241 565 350 340 136 0 101 164 333 501 120 598 338 488 129 239 396 185 121 204 330 246 301 264 324 178 180 535 331 289 131 323 237 182 346 105 466 121 397 504 173 296 300 221 441 580 341 331 249 349 528 363 406 524 306 260 428 222 596 220 506 149 434 219 376 592 296 198 553 359 363 468 558 153 449 441 555 386 232 440 467 317 466 219 390 280 280 598 263 114 367 413 292 287 111 447 312 246 226 439 503 219 193 462 301 265 356 327 432 511 104 299 372 383 339 538 575 229 114 299 566 214 154 361 139 385 374 486 571 193 265 280 572 297 161 232 212 222 224 114 546 295 459 100 215 157 477 219 336 385 325 147 203 150 349 356 188 459 430 245 143 126 357 326 355 100 485 375 221 121 486 462 495 457 178 151 256 317 122 438 126 456 270 342 424 322 127 282 470 126 
400 480 187 113 210 131 569 146 295 556 486 533 429 418 290 101 0 269 441 498 200 381 252 353 149 139 310 347 423 317 512 120 206 489 123 516 289 146 175 409 279 235 348 488 350 172 136 210 189 393 335 114 218 465 322 281 351 448 331 102 534 405 175 416 261 432 110 285 280 400 379 164 350 361 244 467 418 508 249 452 169 408 106 458 394 149 416 141 351 376 564 546 540 275 543 472 435 475 418 337 401 568 293 469 312 380 407 282 434 504 281 599 390 572 489 235 578 502 411 327 260 587 306 416 523 510 216 484 407 214 471 575 250 179 422 453 429 592 265 311 326 392 157 580 231 503 183 483 296 420 238 203 179 321 269 258 517 239 563 107 278 521 119 271 122 324 416 419 330 309 234 576 450 107 527 127 273 435 317 492 543 194 353 402 415 186 513 494 508 517 287 334 131 295 228 525 168 560 453 325 
215 368 137 543 440 501 244 215 599 581 263 397 174 164 239 164 269 0 419 423 341 511 598 237 182 475 547 449 131 268 478 504 273 548 157 394 125 575 314 121 428 205 579 350 192 493 414 121 216 359 319 109 236 258 358 143 219 125 553 589 220 121 351 587 332 413 125 544 234 533 122 182 487 303 446 340 125 579 415 362 446 315 487 101 509 228 518 296 136 281 569 555 334 538 349 566 145 328 322 186 140 368 583 548 254 513 415 351 327 564 443 241 517 131 242 333 573 206 230 328 472 498 216 439 599 139 536 369 389 402 192 366 259 472 339 319 144 543 334 117 124 139 297 110 440 191 193 127 295 226 386 208 199 161 593 180 452 337 236 365 210 174 508 185 482 302 145 425 202 484 596 587 278 324 235 501 512 493 355 481 541 174 363 215 453 370 337 364 476 582 369 209 483 521 198 264 427 232 117 555 
275 124 224 241 393 447 233 372 543 310 461 123 301 481 210 333 441 419 0 442 401 193 345 382 199 264 519 362 563 221 164 321 564 107 102 191 488 131 141 465 512 107 230 596 279 497 469 372 256 190 199 151 397 420 407 376 460 372 144 111 549 430 304 240 306 595 312 280 532 117 441 185 509 425 283 397 188 505 321 145 417 142 404 109 566 313 437 336 495 455 510 430 525 391 329 365 183 556 162 333 105 511 414 257 555 477 420 155 259 364 340 460 347 584 395 456 173 346 427 337 433 437 416 544 140 392 467 338 315 248 247 360 361 434 445 109 125 210 290 241 576 127 274 319 522 500 107 537 417 444 261 405 208 294 131 108 501 363 482 497 307 176 107 487 285 277 271 521 244 401 165 420 261 209 234 456 231 482 409 119 116 274 574 366 514 418 425 566 350 455 174 359 257 525 267 317 440 205 158 304 
421 442 494 197 557 358 523 204 470 218 102 408 182 467 522 501 498 423 442 0 254 396 271 562 216 591 398 373 112 394 240 238 439 337 464 404 394 217 190 478 420 234 226 260 463 433 382 507 132 114 419 275 449 104 218 525 394 480 557 418 355 476 456 251 402 344 137 521 592 335 200 493 131 552 152 384 536 422 412 216 394 559 430 214 339 417 482 284 194 389 162 113 111 544 110 381 508 448 506 575 401 441 150 473 470 507 286 478 156 230 458 596 398 568 294 301 418 451 170 252 121 321 350 116 328 574 157 364 202 148 188 555 183 429 477 385 170 592 401 195 503 195 508 103 503 127 425 559 541 242 146 296 335 521 550 488 246 530 101 237 275 458 217 317 328 308 383 422 506 217 386 471 561 392 256 366 322 449 230 222 208 554 507 124 255 480 200 293 254 520 307 478 292 594 306 105 558 442 528 106 
277 147 412 227 561 272 434 195 201 426 316 315 238 319 267 120 200 341 401 254 0 248 150 115 418 195 408 101 264 302 432 456 284 412 440 396 504 322 564 129 459 518 160 395 337 133 237 591 394 527 235 355 212 429 378 189 480 375 349 272 453 420 132 588 262 231 262 470 365 232 129 393 553 572 358 323 326 150 294 476 202 582 248 272 480 132 462 544 488 255 318 427 381 116 416 251 415 463 473 108 306 256 536 292 540 171 251 338 487 218 250 172 495 184 587 343 402 119 333 356 463 390 206 414 377 149 373 387 321 567 502 534 527 483 541 534 544 515 169 505 282 493 513 337 438 219 510 486 175 203 144 540 353 532 243 435 376 592 202 113 338 223 595 369 316 213 555 518 445 132 205 230 502 345 550 494 110 229 147 138 510 191 470 214 442 257 344 508 538 517 144 513 295 391 130 236 122 573 138 438 
382 337 245 412 559 452 185 547 506 164 513 174 424 287 308 598 381 511 193 396 248 0 575 178 307 397 100 300 470 258 301 192 315 329 536 433 156 305 289 549 241 313 188 412 483 163 180 183 261 323 460 252 320 533 505 161 176 336 251 451 240 111 273 154 115 158 111 294 105 344 119 593 158 225 253 368 473 431 216 352 357 183 278 210 554 570 528 154 374 578 367 169 260 503 219 262 185 490 141 425 586 249 312 316 334 449 177 385 573 525 261 568 311 484 433 266 182 482 136 264 171 584 160 203 407 275 462 216 551 360 394 152 167 462 308 325 599 291 424 485 457 204 417 229 333 205 492 557 244 262 193 371 221 200 154 569 449 239 572 117 415 332 168 424 459 124 467 414 364 374 455 250 269 242 453 162 245 490 355 571 571 532 586 271 185 550 286 154 265 203 259 199 399 479 325 536 106 383 172 455 
135 588 506 283 381 271 385 151 141 180 348 562 549 519 395 338 252 598 345 271 150 575 0 481 591 257 385 310 545 288 339 430 535 162 255 572 121 353 252 596 549 211 323 256 531 300 324 466 513 364 585 433 155 468 102 450 252 146 589 580 143 248 104 135 394 466 558 586 161 520 114 192 297 498 380 145 311 427 555 163 576 345 227 316 288 123 244 487 321 399 299 522 162 215 110 202 144 318 223 454 280 403 382 179 158 285 532 269 411 500 344 332 155 141 401 234 434 521 166 220 501 487 599 348 227 406 247 430 503 214 279 340 286 496 143 336 517 366 568 372 566 502 547 144 139 155 364 196 157 593 251 265 352 330 348 228 314 361 217 262 242 123 598 118 534 157 545 198 202 437 236 569 454 262 304 498 346 227 592 581 248 581 199 135 450 132 187 367 503 439 367 280 286 404 572 375 234 436 420 503 
178 441 587 468 572 292 149 189 590 209 520 405 340 515 449 488 353 237 382 562 115 178 481 0 456 176 575 284 197 144 103 400 211 173 380 561 357 163 282 208 157 126 292 223 302 130 133 303 582 129 564 369 100 486 360 346 375 241 158 150 381 428 245 597 379 582 521 442 542 143 224 445 294 415 414 232 459 232 195 487 538 422 203 444 282 402 513 198 428 491 189 526 460 346 101 405 469 265 435 333 405 543 509 162 107 487 582 185 550 130 437 348 347 312 316 521 394 507 295 457 310 370 547 282 251 213 366 128 478 467 209 437 456 389 110 547 219 178 119 167 314 107 568 482 260 362 432 288 565 116 471 382 513 487 509 155 134 366 279 330 173 466 560 415 284 235 106 445 575 361 587 246 305 549 394 100 218 148 311 400 407 138 184 217 342 381 391 511 185 137 597 295 566 144 256 470 481 295 464 266 
374 395 255 563 550 375 392 256 450 491 558 145 572 500 500 129 149 182 199 216 418 307 591 456 0 234 267 280 112 373 422 521 560 260 423 189 402 236 357 526 369 549 196 240 398 468 210 405 487 122 588 532 116 271 241 270 227 444 149 466 240 252 407 180 521 198 121 313 393 164 224 149 104 544 357 489 531 347 272 108 402 208 423 197 253 122 451 112 325 422 277 366 224 452 104 411 543 593 357 340 529 199 337 209 201 549 367 597 383 533 588 516 124 525 567 283 238 134 403 100 318 500 113 424 256 498 145 246 554 301 420 465 364 569 510 263 276 168 486 586 565 228 346 523 513 220 422 105 411 263 150 128 160 296 128 380 229 498 569 354 219 196 344 157 255 294 392 529 365 436 326 369 334 459 278 348 449 389 540 448 347 540 176 142 281 205 595 317 411 548 457 409 120 437 583 256 497 537 287 185 
280 231 573 437 126 335 582 171 343 567 479 266 321 551 269 239 139 475 264 591 195 397 257 176 234 0 336 353 120 469 317 161 316 203 172 321 107 451 290 263 529 492 123 580 585 180 365 456 289 501 142 409 168 153 487 356 586 150 137 408 314 148 511 403 499 569 454 159 477 160 365 266 344 125 336 415 210 560 127 466 209 501 221 242 412 377 384 373 399 200 392 248 527 131 479 574 144 516 591 220 265 293 484 355 382 485 506 477 354 343 498 449 440 305 497 263 305 424 354 521 264 299 481 514 136 270 490 320 299 570 207 579 328 362 370 188 327 208 155 447 534 526 422 135 536 577 170 293 142 457 433 225 510 531 208 133 183 248 447 438 404 169 195 552 568 568 259 358 431 275 477 540 137 168 186 527 331 489 277 499 443 569 270 371 476 125 565 201 407 573 223 104 258 227 205 412 327 187 125 573 
516 451 331 440 241 534 241 275 430 413 181 456 136 358 361 396 310 547 519 398 408 100 385 575 267 336 0 570 368 143 593 367 331 119 488 546 190 260 494 585 188 540 580 488 500 325 179 236 199 414 294 378 287 278 382 137 295 517 197 107 285 132 261 140 564 288 371 428 118 112 177 135 341 216 352 176 427 486 394 123 464 199 215 456 222 135 427 372 483 438 230 115 585 146 180 557 442 162 384 135 235 162 376 165 401 414 454 441 568 145 343 531 133 350 261 432 326 434 466 310 596 489 348 198 312 348 355 565 526 328 520 281 300 576 200 231 408 573 248 411 246 162 389 104 493 472 379 242 269 460 588 394 125 429 234 524 254 174 357 588 348 451 129 215 177 479 312 254 205 181 361 185 122 122 188 302 161 537 112 197 325 478 131 240 423 372 530 312 568 119 291 183 496 398 340 441 579 152 477 381 
188 563 434 456 565 199 354 472 241 168 133 299 306 104 144 185 347 449 362 373 101 300 310 284 280 353 570 0 121 424 484 285 102 479 141 274 245 504 265 578 468 306 270 465 518 598 458 531 236 317 124 321 545 274 524 410 240 473 286 161 292 335 319 197 188 130 123 471 249 110 587 413 297 310 218 396 505 404 128 345 508 127 192 258 271 547 387 228 370 544 155 528 197 216 156 590 519 560 395 225 152 162 316 434 564 216 278 201 229 437 510 326 555 405 404 550 324 580 400 461 103 287 133 456 341 107 500 107 242 275 492 457 582 560 253 589 154 406 375 421 354 566 501 214 517 103 339 542 230 337 450 478 121 584 551 380 272 187 271 182 144 437 294 286 201 234 154 509 505 510 123 487 168 211 345 588 418 397 586 389 289 175 599 334 363 146 286 585 265 405 214 445 554 476 578 352 231 482 443 219 
141 394 351 577 245 111 154 320 269 252 502 367 187 110 314 121 423 131 563 112 264 470 545 197 112 120 368 121 0 123 354 229 519 278 447 490 201 558 183 508 223 175 138 229 427 370 364 433 345 201 308 311 141 189 594 483 203 464 164 232 503 343 129 330 201 188 242 180 349 594 157 177 445 414 325 533 511 108 552 336 310 287 197 482 230 310 117 578 116 598 517 233 568 444 282 565 286 268 557 403 424 128 227 182 154 174 392 168 135 187 209 104 268 237 424 177 527 579 367 542 334 447 128 569 408 561 199 187 121 504 428 131 449 550 433 375 266 433 180 500 123 349 570 216 409 492 475 391 206 250 402 131 221 199 338 370 417 167 459 207 566 189 118 380 593 379 515 570 509 441 529 290 342 504 149 161 335 207 281 287 161 362 108 318 354 436 502 222 508 595 466 521 525 354 292 597 221 507 545 485 
402 421 337 548 500 417 238 589 242 122 220 433 424 259 264 204 317 268 221 394 302 258 288 144 373 469 143 424 123 0 308 486 498 498 210 479 145 474 385 304 428 395 113 155 476 266 116 148 329 559 369 518 247 278 515 580 513 372 158 154 540 308 102 194 464 319 329 534 554 567 343 516 288 457 554 442 113 188 327 267 263 551 439 451 532 129 515 351 174 227 323 161 246 526 499 171 542 223 332 174 148 129 190 598 262 547 483 153 305 107 247 399 127 175 516 173 532 262 429 134 138 127 594 494 264 279 511 549 185 193 187 473 390 531 485 204 518 555 457 554 407 248 389 557 277 455 274 431 559 226 202 270 314 328 401 151 582 172 179 466 476 324 409 117 190 534 412 303 407 222 348 496 127 290 408 412 386 171 477 306 201 533 281 470 589 234 165 327 501 404 222 283 284 594 151 244 531 441 584 362 
386 522 312 221 443 515 417 334 420 533 111 325 480 178 203 330 512 478 164 240 432 301 339 103 422 317 593 484 354 308 0 194 564 436 379 401 269 232 290 530 579 551 543 386 201 146 572 216 453 297 258 527 271 545 463 409 309 545 544 385 145 524 299 122 225 157 431 152 198 377 224 352 319 595 175 394 437 425 474 483 449 300 556 345 134 338 228 254 198 459 176 172 528 504 371 519 321 182 396 502 160 576 578 293 166 188 240 553 390 223 164 149 246 129 157 424 585 411 211 235 273 305 385 128 261 596 581 355 488 452 450 394 203 388 339 484 438 179 204 459 206 407 116 114 100 117 246 378 362 227 212 453 183 446 477 333 537 561 398 343 141 299 562 192 484 125 220 414 534 332 462 452 357 237 599 295 442 232 477 589 359 335 526 267 337 211 422 500 475 170 486 586 202 319 599 288 226 204 364 110 
442 595 323 174 449 490 498 328 492 221 568 152 583 225 335 246 120 504 321 238 456 192 430 400 521 161 367 285 229 486 194 0 465 198 398 228 313 250 356 456 146 278 104 219 352 378 390 231 290 432 178 455 100 515 256 197 585 520 101 566 562 160 493 129 156 539 349 411 493 557 421 320 486 262 342 378 248 496 103 162 457 385 519 407 382 236 493 415 400 441 136 398 207 353 284 582 355 241 241 502 406 234 531 547 408 297 307 404 359 161 398 306 222 350 436 348 376 250 317 454 317 495 448 236 110 372 328 414 171 325 348 339 122 365 222 250 374 151 344 371 170 494 507 111 424 534 461 218 503 100 459 174 445 314 429 125 230 531 271 401 126 226 380 591 341 455 449 465 245 256 511 378 444 310 566 384 173 246 207 138 422 387 508 132 580 486 368 439 403 372 278 474 433 202 271 166 426 363 221 515 
575 358 581 337 475 214 331 181 134 264 167 511 444 269 117 301 206 273 564 439 284 315 535 211 560 316 331 102 519 498 564 465 0 481 255 114 356 386 465 366 298 503 506 444 434 522 481 448 395 550 482 387 267 374 363 484 397 487 103 168 333 293 333 341 129 370 494 147 227 471 115 444 248 548 590 166 239 190 396 350 380 495 291 128 221 114 522 426 175 286 294 412 374 423 138 406 150 232 375 528 394 295 293 423 267 366 161 388 234 438 235 103 339 443 129 118 261 220 331 504 572 157 271 113 306 411 349 432 355 295 255 204 556 335 470 140 346 174 244 414 309 275 335 515 311 210 356 385 172 335 297 270 399 559 125 181 314 461 302 123 159 158 317 435 271 334 458 263 554 292 191 568 233 224 450 285 193 355 584 205 124 263 309 251 416 166 418 186 172 102 521 270 135 171 187 254 454 197 150 119 
297 330 449 375 376 189 162 403 436 385 188 196 440 116 482 264 489 548 107 337 412 329 162 173 260 203 119 479 278 498 436 198 481 0 322 136 210 570 215 446 283 206 100 112 172 591 226 589 146 155 260 100 244 346 206 341 539 146 307 541 411 555 597 451 573 241 175 134 520 141 301 300 139 230 424 515 233 230 215 504 368 204 427 199 508 212 566 567 471 322 421 211 330 112 280 328 567 525 220 278 163 191 401 510 547 580 554 510 411 497 333 589 383 544 432 597 334 552 230 219 453 595 244 438 484 272 135 269 496 127 490 247 561 598 193 273 248 509 158 107 170 422 449 539 279 444 436 431 441 443 260 206 426 225 470 258 237 227 514 577 545 546 193 247 371 209 127 372 485 505 131 371 413 184 324 514 225 567 134 401 218 379 254 350 256 279 571 212 200 413 109 149 105 410 164 224 120 432 342 480 
161 511 520 366 431 370 113 366 127 557 448 297 550 206 418 324 123 157 102 464 440 536 255 380 423 172 488 141 447 210 379 398 255 322 0 439 107 350 346 465 512 240 415 152 286 115 579 329 270 587 530 401 406 504 126 170 330 368 280 488 505 175 528 170 115 177 372 437 360 438 328 326 352 459 297 509 409 538 505 446 335 306 487 181 246 401 229 363 311 271 322 231 181 147 297 187 450 518 160 271 167 488 561 436 553 383 401 366 407 428 378 369 237 217 192 442 270 533 192 219 186 254 512 129 570 272 568 536 170 164 221 201 158 316 241 179 264 178 374 137 301 232 300 581 591 163 278 194 135 593 597 189 257 585 221 106 146 225 597 421 118 594 118 395 338 593 240 318 100 323 369 218 359 255 402 292 466 559 423 125 181 448 123 466 475 332 270 574 411 107 172 202 466 354 316 262 390 571 229 250 
472 562 373 245 193 136 597 105 186 599 256 150 558 548 107 178 516 394 191 404 396 433 572 561 189 321 546 274 490 479 401 228 114 136 439 0 217 357 404 443 228 597 379 388 447 311 598 293 463 235 217 526 556 359 402 570 237 265 497 262 102 179 314 125 140 443 490 483 207 566 238 438 405 373 508 321 191 178 332 212 526 553 437 521 272 542 342 381 318 588 416 254 162 209 496 293 305 588 505 561 158 349 236 254 134 443 118 465 357 252 276 485 354 555 373 543 376 162 288 599 164 291 377 190 438 516 515 356 596 255 207 291 279 125 388 219 270 456 395 246 420 401 131 244 378 488 346 419 294 181 219 424 503 175 159 262 374 235 534 292 579 276 137 363 185 504 302 522 210 420 152 257 394 489 544 110 239 337 369 142 348 184 568 485 224 263 196 157 199 424 306 201 519 326 417 447 195 405 169 298 
425 310 166 204 597 472 518 183 224 213 154 372 422 459 377 180 289 125 488 394 504 156 121 357 402 107 190 245 201 145 269 313 356 210 107 217 0 149 182 165 494 391 563 551 518 381 101 208 328 461 515 350 501 547 172 230 308 384 442 218 473 287 462 352 212 575 244 165 567 337 178 434 105 221 413 493 148 527 397 444 513 189 167 374 485 356 565 494 432 537 285 211 382 113 495 114 265 240 205 335 210 136 202 259 585 454 202 285 348 346 528 533 573 520 370 114 319 110 375 577 294 494 425 367 519 382 110 127 192 375 552 186 142 434 491 587 483 172 510 296 271 162 527 474 571 566 346 445 229 214 518 121 297 323 562 285 212 341 558 226 151 442 508 142 199 292 327 588 235 357 566 393 468 594 390 117 512 324 233 400 274 260 281 163 147 325 292 446 406 543 243 369 495 455 367 596 145 282 206 232 
401 591 449 325 179 466 478 309 344 106 346 155 161 589 138 535 146 575 131 217 322 305 353 163 236 451 260 504 558 474 232 250 386 570 350 357 149 0 177 544 324 392 215 579 148 381 240 361 256 134 495 487 392 131 426 166 352 453 200 152 203 431 300 584 496 408 149 516 423 253 429 549 185 566 521 541 157 469 446 332 256 220 175 508 168 353 540 144 224 587 170 535 192 127 525 455 519 285 346 345 483 573 102 268 429 478 213 591 222 391 404 187 451 449 346 210 341 525 253 134 285 534 441 521 302 546 239 279 157 423 260 490 118 501 345 246 360 453 543 214 175 169 468 325 335 497 432 314 374 130 331 576 479 397 219 382 426 449 210 136 476 102 347 266 575 546 542 114 282 574 187 201 143 124 531 503 331 473 318 460 292 322 324 390 142 109 571 150 375 122 414 487 177 487 564 258 574 306 461 355 
184 454 559 140 147 356 511 583 175 222 372 100 106 172 538 331 175 314 141 190 564 289 252 282 357 290 494 265 183 385 290 356 465 215 346 404 182 177 0 352 393 262 405 239 176 485 415 194 360 315 300 402 251 109 424 579 401 574 196 334 562 227 586 360 474 170 222 236 322 353 535 572 187 567 390 414 385 393 543 478 199 591 233 349 179 342 243 100 406 573 236 150 301 160 171 585 353 277 210 472 461 504 313 299 531 218 420 349 255 509 490 382 160 314 571 132 104 311 241 430 319 333 324 496 467 191 305 528 471 394 537 535 597 228 554 129 446 100 382 211 422 311 195 373 362 405 164 123 139 135 252 406 452 558 446 500 492 594 348 113 285 176 324 457 341 321 592 535 375 239 197 225 514 392 308 289 183 279 206 144 368 583 327 390 238 522 410 317 291 149 384 501 301 119 266 237 160 165 484 107 
369 137 362 174 475 366 443 219 504 246 197 323 478 261 469 289 409 121 465 478 129 549 596 208 526 263 585 578 508 304 530 456 366 446 465 443 165 544 352 0 107 286 216 242 191 251 377 109 451 592 494 497 223 495 510 247 380 535 505 436 354 170 213 402 326 291 240 199 204 366 211 123 473 330 496 215 300 198 308 565 542 493 215 250 108 379 586 270 459 360 219 180 448 395 212 381 413 525 286 229 355 322 380 177 545 333 489 539 383 251 375 165 365 133 498 328 299 559 573 217 514 133 108 369 236 453 459 559 129 500 571 208 239 295 515 551 499 470 531 543 270 115 428 456 276 244 591 402 368 198 589 462 305 487 463 461 515 448 180 298 103 120 292 342 530 397 548 327 589 301 397 530 534 338 401 504 454 510 537 449 107 469 508 391 441 145 573 173 302 352 338 576 306 246 293 327 289 310 360 299 
160 562 286 193 398 128 324 286 108 149 142 198 358 518 154 131 279 428 512 420 459 241 549 157 369 529 188 468 223 428 579 146 298 283 512 228 494 324 393 107 0 520 382 527 301 256 595 241 104 451 376 245 549 419 152 404 326 533 319 302 451 539 136 269 351 147 365 177 550 268 160 261 181 298 586 207 360 414 220 556 324 200 129 107 293 398 435 412 582 222 301 129 319 179 302 153 565 376 565 141 164 275 348 269 503 138 364 151 466 157 295 159 560 544 329 547 309 590 533 245 546 319 484 199 105 566 496 375 488 232 298 149 460 422 122 394 268 213 241 516 100 101 293 112 380 379 309 268 114 136 567 577 128 192 575 548 523 320 179 333 498 296 113 272 119 244 154 446 587 490 467 221 361 394 389 533 200 170 424 210 508 448 257 469 435 398 410 451 224 473 582 569 109 210 489 579 485 315 219 221 
335 338 353 232 333 489 552 531 398 250 180 444 376 184 257 323 235 205 107 234 518 313 211 126 549 492 540 306 175 395 551 278 503 206 240 597 391 392 262 286 520 0 126 458 280 563 373 367 357 392 265 220 174 167 538 315 171 478 234 552 406 453 598 324 363 414 323 434 478 186 341 414 174 349 476 276 207 570 145 510 543 427 273 230 315 476 285 491 553 447 259 471 585 309 237 143 548 252 286 115 485 356 419 340 423 519 197 516 237 145 357 265 484 437 537 291 416 588 512 272 294 380 233 234 178 576 326 364 178 435 528 365 589 562 464 358 166 132 232 203 277 289 420 506 492 211 337 575 216 177 544 352 579 197 484 221 470 538 269 505 332 383 284 381 586 500 527 301 450 399 139 512 179 218 523 239 375 467 493 279 267 208 528 450 544 534 540 517 439 299 493 296 372 137 174 582 440 157 209 211 
101 523 401 300 390 307 516 359 389 146 340 239 528 473 166 237 348 579 230 226 160 188 323 292 196 123 580 270 138 113 543 104 506 100 415 379 563 215 405 216 382 126 0 321 399 597 123 315 503 277 378 540 595 229 127 413 181 333 434 293 168 216 545 284 566 122 330 452 275 249 336 528 542 298 481 233 174 270 105 197 577 315 593 140 553 382 557 235 523 402 271 577 518 410 278 589 580 229 555 437 495 595 260 329 463 241 435 343 216 414 338 114 144 229 253 523 551 382 511 316 135 580 471 242 351 569 451 390 456 290 207 219 128 115 249 171 467 463 553 470 515 537 505 402 491 421 518 189 168 270 545 549 465 466 276 330 105 201 373 572 563 516 538 266 538 353 292 458 335 383 199 492 585 231 350 399 547 490 572 221 528 519 358 464 236 297 539 401 199 542 499 410 201 464 368 169 109 113 548 211 
499 148 329 184 300 401 583 219 266 234 588 343 172 548 559 182 488 350 596 260 395 412 256 223 240 580 488 465 229 155 386 219 444 112 152 388 551 579 239 242 527 458 321 0 118 262 284 315 404 336 333 523 407 570 386 241 384 403 134 567 561 321 532 273 230 504 469 297 241 557 581 441 594 555 230 145 218 507 326 300 138 256 459 113 313 325 398 203 338 540 258 433 555 233 415 501 452 299 136 279 552 460 521 290 215 499 489 248 465 547 511 599 462 219 412 437 503 180 567 220 188 448 433 255 488 109 480 492 587 547 347 502 234 216 311 220 302 445 345 305 207 277 141 531 588 485 139 580 113 563 312 263 253 245 588 320 577 454 383 179 377 377 314 537 343 554 465 330 470 449 347 267 421 222 578 306 472 182 264 152 268 281 427 558 565 213 421 416 385 244 540 445 508 191 406 153 278 197 193 202 
505 471 275 131 536 255 364 579 157 544 203 265 287 105 221 346 350 192 279 463 337 483 531 302 398 585 500 518 427 476 201 352 434 172 286 447 518 148 176 191 301 280 399 118 0 131 587 546 278 599 509 539 166 591 427 243 300 136 114 510 539 512 450 147 431 146 530 531 432 331 542 594 121 103 138 192 350 165 199 171 583 109 319 280 456 584 290 257 153 293 188 530 263 282 182 316 138 345 596 111 278 302 502 551 129 532 416 427 135 453 333 260 492 314 443 122 556 522 108 270 453 514 260 315 178 503 275 100 244 585 380 234 560 322 567 140 361 247 528 384 556 181 321 240 443 239 170 426 161 159 193 345 303 412 244 170 491 148 500 547 557 552 215 266 110 449 486 114 442 188 266 148 207 199 443 325 112 139 428 475 416 370 330 390 555 442 344 308 368 336 492 290 157 267 188 424 472 393 173 592 
469 597 557 353 273 442 548 215 115 508 134 504 175 146 329 105 172 493 497 433 133 163 300 130 468 180 325 598 370 266 146 378 522 591 115 311 381 381 485 251 256 563 597 262 131 0 455 565 297 479 442 310 391 495 505 491 548 568 537 360 137 582 569 518 327 328 495 327 181 101 125 593 580 573 557 561 573 210 160 548 141 356 230 206 210 154 376 219 254 541 456 335 291 532 398 341 346 401 445 193 490 414 184 112 578 455 214 513 123 497 397 381 255 293 219 287 182 171 460 542 363 273 233 464 393 432 161 442 464 595 313 214 275 576 198 277 587 259 515 513 437 156 539 118 143 201 404 137 308 494 482 269 539 422 359 544 373 295 179 335 586 105 541 546 387 548 288 127 294 577 104 225 289 452 221 285 408 231 299 404 265 202 133 504 189 534 515 130 497 168 314 477 164 597 103 430 100 144 537 415 
562 145 562 490 426 406 327 469 358 451 567 343 511 560 497 466 136 414 469 382 237 180 324 133 210 365 179 458 364 116 572 390 481 226 579 598 101 240 415 377 595 373 123 284 587 455 0 445 269 449 118 157 332 327 162 130 321 382 469 359 319 429 299 418 166 125 274 327 448 204 551 177 229 460 316 585 108 433 473 460 594 377 178 423 356 254 102 111 409 406 459 175 433 282 277 133 531 421 184 305 202 161 546 245 295 152 222 234 234 252 168 128 342 145 135 393 421 425 161 396 308 446 182 194 465 244 442 398 459 582 249 401 223 459 518 457 209 262 167 147 145 507 549 529 520 549 544 249 230 588 403 256 450 324 186 230 595 228 220 127 139 222 503 405 162 192 494 512 388 180 283 460 274 597 152 342 303 329 177 341 416 307 443 284 432 458 363 333 190 545 269 253 223 255 184 299 191 523 196 512 
534 465 523 515 552 284 462 118 424 372 126 563 565 363 441 121 210 121 372 507 591 183 466 303 405 456 236 531 433 148 216 231 448 589 329 293 208 361 194 109 241 367 315 315 546 565 445 0 296 464 103 525 483 342 272 419 288 540 518 559 202 199 350 199 288 333 145 385 542 276 181 479 187 250 594 349 583 192 581 150 229 383 477 450 236 439 106 261 408 295 283 434 272 307 376 354 566 117 485 392 400 139 474 471 342 494 355 518 477 276 492 392 307 536 419 527 192 463 226 144 445 506 121 277 387 407 324 472 428 134 426 264 159 216 586 541 434 337 299 241 329 194 503 422 461 557 128 280 463 206 383 411 216 201 355 506 386 324 267 475 245 267 423 179 167 115 473 582 385 173 172 444 308 586 210 403 133 340 384 197 542 336 486 511 145 492 408 140 258 117 564 535 580 513 146 344 113 578 489 233 
488 266 182 229 223 586 370 560 119 188 322 465 183 301 146 397 189 216 256 132 394 261 513 582 487 289 199 236 345 329 453 290 395 146 270 463 328 256 360 451 104 357 503 404 278 297 269 296 0 393 315 231 294 406 121 155 540 258 318 479 230 392 206 235 287 412 318 106 287 334 374 380 493 263 336 467 426 488 507 572 495 204 547 473 519 313 577 468 388 519 447 569 276 509 335 133 535 497 288 321 471 254 339 503 313 244 392 544 563 137 249 546 388 504 484 273 591 495 568 329 244 281 347 454 237 146 339 569 409 591 498 531 127 411 273 309 378 201 280 306 562 231 324 321 591 483 123 166 398 340 366 592 211 249 397 243 254 354 126 251 119 148 356 401 445 308 223 233 472 216 461 354 427 219 309 191 244 462 177 482 263 451 589 507 494 249 542 387 163 490 593 230 361 519 309 360 224 254 417 276 
159 456 562 111 169 294 591 330 561 560 340 426 584 546 256 504 393 359 190 114 527 323 364 129 122 501 414 317 201 559 297 432 550 155 587 235 461 134 315 592 451 392 277 336 599 479 449 464 393 0 248 262 588 371 209 311 391 420 524 105 295 557 400 224 187 270 108 542 550 341 345 297 347 171 428 211 563 175 192 504 252 125 230 355 406 313 346 446 218 329 323 424 512 413 136 156 479 523 466 364 333 563 374 192 377 318 131 589 120 314 377 463 382 573 249 267 342 196 397 169 287 550 260 434 326 416 147 138 402 480 139 475 462 277 324 126 577 242 195 506 429 393 527 166 338 568 270 358 274 420 362 523 233 587 448 361 435 552 577 247 146 593 588 463 359 373 477 207 245 144 419 152 205 444 218 229 289 337 404 464 312 378 233 269 220 207 142 212 421 171 218 294 465 455 273 495 118 380 526 548 
