200 2353 4

0 159 291 127 327 182 295 275 668 126 438 319 535 284 443 578 310 372 107 258 249 692 368 576 114 499 668 640 539 184 685 606 347 446 332 492 292 509 657 512 620 684 318 114 197 194 534 299 491 293 274 201 114 185 216 592 586 570 617 355 144 165 165 695 674 544 558 168 622 682 557 468 303 253 148 630 390 616 281 214 153 657 556 411 490 200 390 394 127 190 598 304 281 476 601 379 243 216 244 135 649 475 569 325 466 398 316 238 348 386 281 693 435 302 580 210 501 347 245 226 517 308 670 380 418 521 594 423 379 139 211 215 529 130 592 630 305 401 674 215 580 459 297 197 341 439 351 330 671 263 337 101 256 615 598 594 470 256 117 405 533 212 375 161 250 332 390 547 462 541 497 404 442 265 197 155 260 217 401 144 604 520 334 221 133 675 393 256 691 589 239 579 109 199 116 468 639 524 167 151 
159 0 160 699 557 466 458 606 185 329 347 359 485 568 127 657 392 175 264 548 660 511 339 395 562 579 672 496 101 266 670 208 159 520 616 464 276 556 320 486 457 365 559 117 584 117 518 480 492 631 116 695 547 605 300 567 252 442 233 492 430 415 361 258 371 545 308 257 352 639 368 199 690 673 531 231 654 340 307 191 548 554 205 655 465 254 240 373 264 189 197 526 589 448 606 191 318 270 640 153 526 222 446 211 526 643 547 466 466 696 484 107 182 482 527 256 531 245 132 313 410 430 263 266 452 120 455 395 468 499 566 133 145 222 317 239 435 389 228 152 169 206 283 495 501 485 519 463 117 591 284 678 239 163 588 269 168 444 353 657 441 652 461 256 150 371 163 263 500 389 185 616 271 297 261 369 453 301 241 343 194 671 108 402 433 399 511 513 140 432 184 311 209 317 366 197 585 240 322 607 
291 160 0 453 181 655 235 191 190 470 211 450 328 544 420 647 114 592 279 294 101 380 677 133 543 696 319 392 314 543 243 517 545 560 450 186 483 305 103 462 408 698 618 577 448 472 114 624 571 108 106 473 571 464 458 671 101 549 694 466 295 564 227 335 395 207 678 448 146 563 231 511 236 221 298 220 139 678 598 168 143 420 606 446 660 638 326 229 408 403 535 124 368 528 563 411 194 356 109 169 293 210 679 472 301 283 311 393 227 285 291 380 281 627 225 249 643 162 595 348 553 310 168 673 249 151 446 420 553 515 227 683 346 313 291 658 408 311 300 547 630 617 341 552 502 527 349 590 238 201 224 248 566 546 435 261 430 118 297 351 365 104 542 217 412 669 168 380 240 631 574 230 239 407 473 351 322 530 103 169 616 406 206 276 387 322 557 124 651 640 638 160 457 687 680 431 391 521 273 416 
127 699 453 0 362 605 129 118 337 498 618 510 152 226 315 543 501 526 171 133 251 412 242 170 613 401 411 162 682 132 134 273 126 449 139 667 506 671 353 567 466 151 548 473 276 529 324 187 280 396 178 551 571 506 294 539 598 198 267 282 435 251 228 387 679 346 113 544 531 671 353 574 565 153 659 195 379 236 592 697 343 365 431 141 262 553 236 276 491 218 499 220 553 679 630 490 437 335 430 613 537 650 447 293 613 348 236 105 401 367 153 597 581 372 631 252 569 613 249 552 112 610 662 691 239 174 656 488 460 205 609 227 610 373 413 538 264 285 242 311 561 302 435 331 222 181 485 584 591 138 697 203 178 345 264 188 418 618 557 635 256 271 195 625 183 698 183 536 353 512 321 224 639 117 364 471 566 133 421 516 109 596 320 241 235 532 365 650 381 673 690 454 493 402 234 617 422 166 179 691 
327 557 181 362 0 556 639 533 433 289 216 119 142 313 647 315 261 607 647 337 206 496 246 178 403 693 453 235 365 239 225 257 672 259 204 187 135 189 289 259 230 648 395 199 122 187 448 196 503 536 167 594 534 310 331 394 224 446 443 395 180 538 456 581 657 137 146 437 417 488 359 366 698 394 217 681 273 608 387 187 373 100 320 581 406 199 424 497 576 483 431 384 544 570 300 376 425 581 411 219 419 289 439 211 106 539 376 577 622 260 692 316 228 256 293 343 328 193 424 259 493 456 397 100 251 643 312 344 556 602 338 585 403 532 532 404 297 454 394 450 581 347 152 164 336 496 572 259 634 662 655 333 652 258 657 292 299 417 512 128 477 349 613 421 436 573 475 455 404 624 588 522 483 106 394 486 228 655 119 423 367 364 474 154 513 149 567 164 523 257 337 309 473 633 518 433 170 216 671 231 
182 466 655 605 556 0 191 693 451 683 538 299 391 454 213 177 660 525 443 317 365 407 351 188 579 407 567 133 294 402 300 699 178 642 209 505 165 497 134 143 609 202 360 475 298 600 654 579 501 498 330 463 370 646 603 124 664 682 539 538 660 691 633 279 158 124 350 388 336 360 228 301 339 146 415 254 239 257 556 217 383 570 577 437 279 389 280 240 332 434 307 244 638 148 589 320 620 243 347 125 284 664 270 681 621 529 549 417 523 556 411 134 294 208 386 178 344 343 643 196 513 584 156 296 497 506 228 330 249 266 574 240 382 629 583 327 243 337 269 390 129 581 215 231 118 354 507 524 688 177 312 694 196 339 601 480 320 103 409 370 441 446 569 409 657 331 412 308 240 375 116 130 110 569 235 119 563 666 111 254 115 461 474 167 682 301 525 481 351 242 601 363 256 275 234 533 418 695 505 372 
295 458 235 129 639 191 0 146 695 244 242 645 371 652 331 201 165 682 139 206 514 478 166 173 388 166 424 331 564 144 275 633 189 301 214 484 508 569 138 356 444 627 304 259 207 349 414 299 254 112 201 348 161 376 253 442 690 695 591 135 491 441 579 466 128 356 297 123 615 673 490 385 188 187 385 155 593 227 301 471 667 382 259 522 591 412 392 501 107 237 228 568 482 329 273 197 671 556 683 444 371 453 442 615 665 242 202 241 542 122 548 352 398 422 437 315 545 693 372 273 333 674 585 633 453 524 161 424 183 370 342 482 388 529 219 688 256 275 533 298 545 638 237 497 172 246 123 435 338 415 684 524 610 420 284 134 321 229 534 469 492 369 503 410 126 528 467 345 141 274 216 217 646 490 487 271 585 457 521 271 319 128 613 601 143 646 423 140 449 385 141 153 218 413 315 375 430 350 158 262 
275 606 191 118 533 693 146 0 219 100 397 690 313 418 188 390 680 699 571 674 451 690 283 379 384 371 416 518 625 484 177 609 236 610 492 173 126 673 239 627 263 363 130 322 375 500 104 515 463 520 557 105 457 162 345 272 321 466 257 513 637 201 135 567 208 284 504 241 444 211 571 156 397 629 258 388 403 178 368 648 424 660 467 511 512 363 539 178 229 596 328 216 290 373 514 552 368 671 369 582 660 376 157 173 289 101 504 517 146 657 576 169 584 492 169 689 249 602 446 519 642 398 184 135 107 219 391 456 592 512 213 585 361 678 682 314 591 159 698 216 526 308 379 348 122 594 563 601 234 555 598 137 634 549 316 523 420 577 153 234 342 274 230 493 287 263 510 182 378 135 659 282 229 280 174 676 580 412 221 486 486 537 550 261 449 147 466 183 570 416 189 636 196 184 482 478 434 495 660 663 
668 185 190 337 433 451 695 219 0 232 401 206 350 106 289 548 421 360 485 387 585 218 129 147 119 429 254 445 296 168 223 255 609 240 128 292 481 294 204 152 399 243 225 585 608 666 138 106 274 683 193 169 144 176 519 352 699 504 201 265 521 330 416 418 308 699 302 655 234 456 568 447 356 431 316 175 629 640 592 371 361 465 268 195 135 510 422 178 645 448 136 233 366 268 672 410 291 196 404 177 115 275 383 396 336 314 461 452 560 280 375 460 220 470 627 309 625 119 667 524 480 151 152 435 140 203 107 348 632 638 167 509 578 284 303 204 376 462 616 236 613 126 154 176 576 157 488 580 290 240 137 267 562 593 555 554 318 402 484 188 312 452 324 207 107 253 474 515 160 320 193 291 537 615 318 636 234 307 665 546 415 332 302 250 469 500 359 322 681 453 647 285 103 611 670 202 209 380 676 620 
126 329 470 498 289 683 244 100 232 0 348 476 132 477 568 653 543 651 132 612 193 540 339 407 540 502 527 282 119 351 536 649 434 419 633 215 513 444 192 572 234 108 688 670 237 134 277 431 536 410 299 276 364 375 290 653 111 466 106 472 694 445 552 640 503 171 602 643 665 536 189 410 504 630 576 665 289 162 244 254 670 212 610 222 166 125 361 483 420 387 355 490 403 656 212 144 499 225 374 637 162 114 611 169 210 223 456 106 122 165 321 560 460 686 447 448 531 619 188 356 511 309 527 299 191 564 112 685 473 512 113 375 304 366 478 597 179 554 475 453 590 619 433 416 328 524 397 244 464 126 645 676 124 307 320 105 567 389 353 385 102 237 254 150 648 280 475 522 248 148 479 374 672 144 408 482 332 145 520 519 552 592 211 312 286 449 211 638 592 287 378 290 110 347 579 342 413 244 350 517 
438 347 211 618 216 538 242 397 401 348 0 164 344 190 481 580 472 193 515 620 337 203 132 302 591 103 218 290 644 475 263 164 590 271 276 676 479 146 266 475 126 561 401 333 219 301 385 623 519 512 398 589 161 580 121 504 109 119 480 523 360 678 456 241 663 333 225 213 252 201 544 342 154 202 114 604 184 649 275 595 529 657 495 643 133 277 656 321 448 662 198 447 424 399 276 386 252 375 455 477 583 138 490 578 268 653 300 520 380 636 171 334 538 506 338 290 536 395 430 262 467 305 206 639 312 202 169 108 514 298 329 336 100 578 309 459 184 253 220 659 218 699 205 402 471 188 484 117 543 210 319 313 185 459 118 330 206 322 177 281 229 673 115 529 638 165 236 478 514 214 197 146 311 474 276 589 634 677 512 273 429 590 246 336 136 217 225 522 435 340 449 390 402 369 122 540 369 215 469 285 
319 359 450 510 119 299 645 690 206 476 164 0 278 165 107 168 439 549 630 234 560 472 690 505 647 563 592 645 411 102 308 308 550 445 588 432 635 637 657 607 522 196 234 614 289 357 275 691 669 215 669 670 398 114 631 514 576 685 386 654 221 150 346 539 176 367 136 122 189 569 276 284 685 248 464 660 237 171 312 572 565 670 325 387 126 438 449 624 197 408 365 270 652 238 207 620 640 407 191 408 685 490 631 455 293 391 459 331 519 634 302 258 636 301 476 679 605 504 390 159 345 136 432 282 371 553 575 115 287 233 622 654 677 459 503 454 310 525 238 256 100 630 281 503 526 471 364 588 232 381 346 378 425 616 294 620 638 548 102 428 172 121 361 360 218 401 423 210 333 261 551 221 102 436 326 672 646 105 115 248 665 640 672 238 416 294 554 505 665 146 465 602 521 571 339 179 393 559 499 626 
535 485 328 152 142 391 371 313 350 132 344 278 0 502 357 312 256 610 223 568 272 409 664 211 126 534 110 627 598 483 340 633 646 679 631 131 577 698 411 513 593 260 225 160 424 220 207 494 595 197 660 579 372 394 310 600 546 257 290 242 199 678 367 127 350 494 488 233 183 524 476 520 496 153 436 617 121 236 672 212 652 385 630 340 496 309 272 680 185 184 185 214 253 395 164 471 437 169 624 102 678 594 628 521 443 123 491 434 473 393 644 648 158 267 129 654 591 144 314 101 485 662 382 629 387 329 613 430 191 380 388 422 378 218 645 355 654 669 307 127 443 680 143 420 158 544 698 517 198 316 272 252 196 158 197 274 662 466 415 617 280 395 175 221 137 285 317 433 173 397 519 221 204 100 469 349 590 466 332 325 473 616 326 521 273 430 347 105 194 443 518 346 525 386 189 343 357 473 382 430 
284 568 544 226 313 454 652 418 106 477 190 165 502 0 189 606 291 615 656 146 618 519 412 359 164 691 267 678 568 216 208 632 291 119 235 495 293 317 360 461 619 225 210 322 397 207 320 667 612 385 218 693 418 373 202 186 181 498 569 162 113 588 589 178 633 183 676 146 618 176 215 640 245 670 182 251 246 416 452 234 245 424 599 394 217 221 174 158 324 350 535 369 167 450 556 239 546 501 201 521 600 221 285 424 637 203 275 393 413 460 228 382 523 575 194 397 546 161 251 473 612 172 496 294 460 502 457 691 474 518 168 520 154 169 302 487 497 602 245 519 502 569 164 330 393 562 248 105 139 590 661 502 689 567 305 478 622 444 457 466 691 428 379 322 598 224 575 594 405 641 194 329 285 185 360 404 411 645 445 178 518 104 505 256 119 499 350 261 543 103 367 583 571 637 182 684 118 109 210 341 
443 127 420 315 647 213 331 188 289 568 481 107 357 189 0 620 180 180 549 238 657 372 215 526 237 685 157 441 442 409 605 436 492 306 550 340 405 359 288 614 141 135 617 463 102 252 588 322 117 407 677 236 564 453 295 477 589 667 638 262 289 539 280 593 167 378 413 513 592 541 232 239 422 352 486 174 373 322 396 660 522 577 173 477 328 677 400 317 289 652 672 562 145 433 301 428 383 250 343 394 301 253 499 434 502 365 343 373 183 103 463 501 238 691 338 571 159 266 390 257 478 115 111 185 174 385 167 416 256 485 416 499 575 595 669 116 496 691 262 393 392 335 418 321 133 316 455 540 406 167 517 638 431 493 528 183 348 471 476 498 358 152 307 208 652 508 602 200 505 398 434 374 211 606 602 101 484 462 569 370 513 352 665 623 360 238 383 248 398 245 423 685 478 574 573 612 614 594 278 435 
578 657 647 543 315 177 201 390 548 653 580 168 312 606 620 0 692 570 389 191 277 601 473 532 694 222 555 170 500 665 446 656 621 169 623 423 345 464 308 694 107 572 409 189 234 499 277 488 477 538 635 106 379 506 397 555 639 256 546 400 250 335 424 254 195 123 661 562 377 461 415 120 506 622 316 230 332 466 611 603 616 259 185 594 270 551 192 293 356 503 154 376 264 644 611 572 181 248 356 220 482 230 692 327 221 160 537 698 255 467 196 513 609 489 643 442 677 571 632 527 359 264 478 582 114 454 611 422 215 508 113 536 504 105 263 424 154 453 413 614 449 243 325 357 133 471 476 344 178 113 687 468 454 238 171 478 332 696 532 193 685 530 527 308 262 313 636 558 524 514 251 199 684 180 520 316 455 234 544 134 411 496 539 408 517 542 204 427 137 166 155 520 332 246 419 394 201 235 591 213 
310 392 114 501 261 660 165 680 421 543 472 439 256 291 180 692 0 224 130 224 383 421 500 610 409 420 669 373 289 162 217 374 520 574 148 461 323 503 476 250 296 455 654 393 519 653 233 268 658 529 202 664 651 296 613 375 640 175 334 236 173 203 625 646 455 255 468 291 176 304 566 110 684 634 644 540 103 510 496 287 697 603 118 541 247 584 517 403 174 212 606 467 478 492 533 126 474 595 393 426 264 105 337 395 425 626 268 280 590 431 261 509 172 546 506 310 295 130 183 131 247 247 620 390 224 199 192 465 412 103 216 541 317 397 416 430 498 658 612 434 512 661 163 136 690 642 337 565 350 570 200 297 357 324 194 680 559 649 302 261 161 278 436 129 444 250 558 153 427 166 206 478 489 668 198 253 116 560 664 558 210 260 554 266 166 600 381 598 303 550 555 213 118 404 394 369 290 282 185 434 
372 175 592 526 607 525 682 699 360 651 193 549 610 615 180 570 224 0 633 515 510 599 613 344 458 256 360 688 250 463 102 492 211 675 294 350 120 236 404 234 699 685 534 533 102 170 457 626 404 547 479 115 570 673 239 237 371 318 594 524 172 561 381 277 397 550 240 107 273 452 281 120 474 576 406 653 307 592 685 238 660 449 634 236 588 129 341 198 366 249 124 266 354 138 564 564 614 193 360 537 593 629 436 366 541 492 665 185 670 189 396 129 571 673 149 538 640 363 425 184 485 342 685 397 127 374 472 229 673 638 299 126 279 433 647 174 518 204 139 116 555 216 329 153 455 557 276 479 651 218 169 303 438 266 262 105 184 352 683 276 690 587 340 461 229 380 528 572 171 332 537 171 110 611 448 120 227 523 540 177 241 371 103 303 548 471 541 371 545 597 330 188 470 442 415 123 560 347 281 190 
107 264 279 171 647 443 139 571 485 132 515 630 223 656 549 389 130 633 0 103 304 182 521 522 266 596 595 546 566 488 491 318 489 584 107 475 131 694 685 373 464 241 587 543 593 169 483 435 330 255 430 342 596 583 514 243 474 667 597 130 185 181 578 213 185 560 288 495 272 684 133 514 662 276 163 699 491 629 145 515 148 246 322 445 300 511 354 447 399 375 172 519 314 126 544 123 190 203 234 157 484 563 191 545 682 607 209 101 619 216 345 356 405 162 659 134 500 138 461 568 348 285 114 451 195 655 435 604 293 613 229 343 593 631 366 305 201 685 336 569 319 565 112 225 698 231 304 511 560 157 200 250 542 106 172 308 634 317 575 147 681 578 541 251 237 693 190 492 438 524 654 443 338 505 561 687 359 600 596 498 300 155 230 131 192 176 486 604 602 203 678 677 647 645 389 484 218 177 691 646 
258 548 294 133 337 317 206 674 387 612 620 234 568 146 238 191 224 515 103 0 158 655 101 503 311 119 216 538 319 115 618 501 132 105 540 373 190 372 219 433 335 670 286 533 659 676 586 566 270 350 593 332 253 385 370 225 140 427 417 557 599 563 167 164 196 634 468 380 294 322 529 598 460 273 194 216 384 625 528 317 132 240 229 210 278 303 481 238 268 474 241 525 570 147 583 625 641 347 516 318 473 509 522 567 271 336 223 458 330 378 331 237 383 612 530 236 429 638 565 537 251 231 659 398 245 296 581 593 325 614 576 268 654 163 491 657 363 168 239 519 246 265 606 315 309 509 133 253 103 176 339 118 221 103 532 251 427 431 399 201 597 554 218 333 478 127 103 478 364 293 496 666 392 219 431 201 561 567 472 546 512 482 431 441 206 557 262 513 601 522 583 475 541 480 640 123 504 300 268 276 
249 660 101 251 206 365 514 451 585 193 337 560 272 618 657 277 383 510 304 158 0 102 153 590 616 395 317 424 189 455 223 673 687 427 656 117 462 274 197 143 452 690 118 554 565 426 622 469 459 629 536 636 141 597 338 379 108 547 513 646 514 395 201 635 415 388 470 433 521 644 212 178 527 179 607 564 506 238 472 429 385 204 445 556 423 589 332 629 243 646 363 108 220 464 255 683 591 473 344 574 287 186 165 180 287 527 633 504 150 694 113 525 152 103 552 192 653 650 642 559 665 253 129 520 496 380 175 180 675 235 505 458 130 112 124 599 112 291 568 195 494 287 165 512 189 402 413 604 580 432 288 413 193 606 230 180 656 698 445 426 254 368 159 455 656 656 422 177 629 323 487 697 108 427 105 154 652 418 544 147 358 539 219 404 152 557 678 613 217 358 492 129 637 636 180 177 676 375 695 430 
692 511 380 412 496 407 478 690 218 540 203 472 409 519 372 601 421 599 182 655 102 0 227 354 476 214 574 304 472 120 336 443 549 322 305 287 270 199 554 549 452 455 360 508 264 678 123 202 382 246 474 465 218 560 397 132 169 126 167 392 583 300 270 632 560 557 447 256 205 250 323 283 166 109 432 488 134 660 229 655 551 480 687 546 171 205 569 406 316 684 643 105 129 180 353 557 637 224 406 354 221 522 286 211 366 492 341 382 633 247 311 623 484 269 549 630 599 296 128 308 551 430 686 597 210 332 246 359 664 247 457 442 650 537 687 527 169 520 531 218 518 387 141 284 138 406 370 385 577 110 281 585 127 246 444 290 623 182 585 202 564 605 381 106 542 349 684 190 452 477 423 361 208 341 466 165 195 370 224 200 509 441 430 234 689 128 634 115 531 144 462 585 167 655 444 503 423 466 407 626 
368 339 677 242 246 351 166 283 129 339 132 690 664 412 215 473 500 613 521 101 153 227 0 601 263 555 285 307 576 323 284 644 348 517 389 368 215 276 322 495 410 274 691 274 509 280 113 587 561 459 157 177 194 396 679 637 185 653 595 164 528 115 333 600 527 668 653 493 460 471 222 358 142 210 232 233 130 459 365 398 494 151 457 687 515 377 634 100 297 464 591 238 506 247 213 317 216 370 469 473 266 130 289 257 537 293 117 268 538 245 674 434 492 219 373 221 688 488 391 233 433 344 645 166 649 555 496 198 427 169 535 103 287 666 528 534 103 655 357 414 249 136 459 220 125 371 174 568 574 597 657 250 325 129 154 198 161 402 641 694 211 359 568 187 550 474 574 568 300 308 374 459 299 329 653 448 238 659 113 219 264 190 548 554 587 399 608 573 222 570 596 411 638 310 629 578 491 143 216 251 
576 395 133 170 178 188 173 379 147 407 302 505 211 359 526 532 610 344 522 503 590 354 601 0 347 408 107 319 420 195 211 114 443 279 200 555 482 285 253 476 557 335 100 549 117 468 151 695 222 148 160 535 203 213 257 482 586 216 400 247 345 595 690 454 375 380 361 107 256 158 352 222 376 651 339 138 433 543 571 224 112 284 359 591 457 599 550 498 451 471 225 391 541 405 158 415 624 420 222 503 487 215 304 634 376 689 479 513 246 637 478 336 664 186 300 485 265 290 147 304 490 600 106 394 197 364 698 435 608 445 341 428 113 321 690 573 329 540 365 685 153 506 236 612 385 595 453 342 208 442 187 662 157 201 647 476 428 333 674 237 436 570 208 453 309 611 377 100 486 200 394 418 197 460 696 296 504 689 340 133 400 339 690 681 342 454 372 673 222 228 691 320 599 175 381 151 524 375 274 233 
114 562 543 613 403 579 388 384 119 540 591 647 126 164 237 694 409 458 266 311 616 476 263 347 0 613 433 272 221 606 373 431 512 257 298 407 622 632 272 189 653 674 105 397 503 215 324 417 474 663 496 111 613 372 210 376 617 208 411 533 225 112 594 164 368 328 161 409 302 681 469 584 438 317 599 326 423 363 667 207 485 238 490 649 267 248 312 688 648 388 643 699 219 120 414 580 123 169 674 373 304 369 552 102 560 483 101 171 503 335 610 545 150 689 647 329 342 548 676 589 617 436 652 232 638 585 438 547 687 287 449 593 504 530 683 611 543 495 638 512 506 398 575 508 265 292 477 138 273 373 179 236 426 630 146 639 574 167 118 260 655 239 450 312 315 619 354 429 558 511 334 217 181 333 270 380 698 402 479 328 569 365 688 697 398 372 457 531 608 159 529 395 110 445 145 310 453 685 355 173 
499 579 696 401 693 407 166 371 429 502 103 563 534 691 685 222 420 256 596 119 395 214 555 408 613 0 563 397 497 346 147 286 323 228 189 201 353 686 457 162 640 223 264 659 597 418 175 580 228 389 249 189 291 438 600 198 424 434 592 118 219 239 104 215 305 665 534 291 335 330 549 512 143 202 462 654 330 151 464 298 522 277 373 291 563 350 699 265 157 205 411 517 552 613 313 500 245 294 209 605 421 431 538 498 657 671 146 187 613 229 190 325 601 464 548 698 349 409 631 170 232 157 254 232 133 102 433 647 579 432 465 235 632 321 252 636 601 370 665 164 392 586 398 170 563 290 339 167 613 523 682 502 275 627 222 529 501 575 333 398 318 658 308 464 442 652 293 146 476 534 143 262 665 121 547 492 204 630 558 646 231 544 639 592 370 230 687 525 676 260 160 380 419 297 572 377 169 652 147 672 
668 672 319 411 453 567 424 416 254 527 218 592 110 267 157 555 669 360 595 216 317 574 285 107 433 563 0 517 175 392 181 323 606 169 591 121 665 689 259 103 140 331 644 203 440 229 599 398 322 647 637 446 537 358 258 424 453 418 227 377 539 112 405 290 357 213 399 198 494 328 345 474 235 297 350 384 261 300 221 543 491 501 262 578 661 167 279 251 619 669 454 420 115 379 513 234 362 314 577 415 202 638 293 298 569 542 307 325 602 608 369 123 245 446 378 452 673 305 132 166 186 368 206 202 261 189 222 448 137 388 696 511 608 641 467 637 442 229 190 383 338 588 184 559 642 255 101 511 458 185 380 358 654 624 181 614 589 353 232 686 573 472 473 355 508 403 503 334 602 258 643 610 394 286 342 285 351 211 196 233 300 195 372 229 547 664 233 316 158 125 611 370 532 265 350 303 572 370 693 497 
640 496 392 162 235 133 331 518 445 282 290 645 627 678 441 170 373 688 546 538 424 304 307 319 272 397 517 0 229 122 639 466 438 225 119 275 697 182 593 163 298 363 168 641 269 428 349 178 237 683 474 423 465 628 373 590 554 392 408 211 527 664 685 498 577 256 582 204 131 165 378 484 464 541 228 101 280 241 174 658 262 521 211 385 633 292 521 157 234 546 405 118 389 601 241 183 592 560 520 628 440 588 571 174 187 276 668 629 321 699 287 248 683 505 448 436 662 110 223 191 273 205 344 176 177 248 279 669 278 510 441 503 478 237 374 526 135 622 611 229 602 484 404 594 235 408 318 244 693 365 178 217 618 587 437 475 688 170 612 247 431 428 261 218 607 159 593 239 239 621 134 449 240 506 473 546 208 186 512 614 410 245 174 207 658 584 175 541 174 121 603 418 329 487 224 463 593 699 239 511 
539 101 314 682 365 294 564 625 296 119 644 411 598 568 442 500 289 250 566 319 189 472 576 420 221 497 175 229 0 448 223 441 534 223 457 227 373 542 131 380 469 465 307 599 220 109 386 171 497 592 468 504 233 525 579 453 580 615 143 373 279 229 438 424 350 412 244 445 470 218 479 268 524 198 498 649 382 446 300 398 604 160 500 528 489 370 468 385 580 436 399 574 558 427 615 270 255 657 303 443 562 280 698 269 105 230 391 649 638 537 322 665 368 363 679 686 542 401 461 368 595 486 157 102 446 621 366 152 196 179 615 625 565 339 464 547 648 355 205 235 483 555 383 571 123 502 657 414 276 417 108 230 405 488 616 193 100 560 655 458 137 607 215 492 138 527 277 609 195 682 152 177 591 648 521 478 583 371 109 476 238 307 476 278 695 374 673 387 499 607 686 248 427 359 212 679 438 465 620 333 
184 266 543 132 239 402 144 484 168 351 475 102 483 216 409 665 162 463 488 115 455 120 323 195 606 346 392 122 448 0 231 343 117 361 695 275 314 207 466 656 271 493 184 686 256 181 579 284 430 689 192 599 159 565 652 105 593 246 380 493 490 177 257 255 263 302 678 273 192 274 239 215 380 548 488 508 686 487 527 381 123 366 695 652 118 431 218 511 434 254 338 166 452 234 500 372 571 268 369 325 101 275 578 206 551 533 608 545 256 656 286 255 402 183 675 664 271 560 263 375 196 474 450 545 524 291 628 372 244 288 548 507 462 526 464 255 180 196 469 218 187 460 404 533 602 111 241 354 613 637 417 179 594 654 512 273 327 218 533 433 414 420 146 249 631 102 635 232 280 510 410 459 395 558 269 339 556 642 117 108 454 426 675 241 433 462 401 187 697 409 675 297 654 511 560 408 636 328 521 563 
685 670 243 134 225 300 275 177 223 536 263 308 340 208 605 446 217 102 491 618 223 336 284 211 373 147 181 639 223 231 0 223 214 236 431 260 571 133 317 494 612 202 179 644 490 330 540 364 423 353 162 190 613 546 182 439 146 178 271 177 464 341 494 691 489 231 554 338 423 361 583 244 177 245 450 588 202 512 223 127 356 436 603 346 122 255 518 670 107 339 408 361 641 427 580 234 273 198 273 249 566 643 565 209 118 538 133 274 630 435 664 351 481 333 554 209 372 204 139 438 421 128 559 634 313 215 313 696 620 342 512 485 243 521 244 153 230 172 361 394 370 453 466 439 403 201 513 623 182 607 355 164 260 197 529 159 282 269 640 288 589 275 402 289 428 694 446 521 542 224 474 456 418 236 545 564 485 371 327 223 293 315 112 162 132 117 649 683 641 353 583 342 249 176 540 683 243 694 656 692 
606 208 517 273 257 699 633 609 255 649 164 308 633 632 436 656 374 492 318 501 673 443 644 114 431 286 323 466 441 343 223 0 336 690 683 152 161 131 208 553 219 449 654 359 333 692 592 247 122 669 668 163 122 456 649 303 579 682 449 533 317 165 550 438 226 221 417 190 492 558 285 626 289 500 346 569 658 327 614 652 241 649 190 116 328 653 634 502 383 661 590 381 613 224 308 324 400 534 639 238 167 194 587 228 260 219 344 426 447 494 598 583 342 268 250 128 377 116 542 416 137 172 478 325 456 153 310 625 468 377 610 548 694 329 694 259 335 256 204 543 385 447 403 220 675 131 692 412 535 281 208 216 326 220 374 138 171 326 497 378 124 441 109 179 372 329 538 505 310 680 489 482 541 349 323 254 294 386 273 244 119 352 374 202 233 593 161 208 360 186 623 530 363 211 117 145 503 540 603 620 
347 159 545 126 672 178 189 236 609 434 590 550 646 291 492 621 520 211 489 132 687 549 348 443 512 323 606 438 534 117 214 336 0 182 262 460 456 140 452 193 505 610 316 141 204 476 541 451 507 430 534 284 363 571 289 365 414 509 147 534 624 601 592 269 640 425 231 488 357 533 264 665 682 588 614 147 615 284 133 323 318 697 400 515 495 586 335 384 288 607 588 226 645 134 360 636 664 125 207 265 277 154 597 303 236 239 667 280 123 585 114 314 496 495 667 345 104 487 368 586 495 668 467 512 356 564 625 484 576 550 362 149 371 481 375 631 491 223 496 159 459 528 426 636 308 603 202 394 426 175 409 385 533 320 643 554 217 101 317 105 309 654 395 485 309 324 499 549 404 128 561 197 426 365 288 430 334 545 250 107 160 246 108 623 438 240 161 668 592 631 242 135 458 539 390 376 254 327 444 421 
446 520 560 449 259 642 301 610 240 419 271 445 679 119 306 169 574 675 584 105 427 322 517 279 257 228 169 225 223 361 236 690 182 0 555 471 258 533 150 587 344 362 459 534 127 104 616 160 543 378 558 462 665 171 349 436 138 602 259 289 249 583 297 648 158 371 107 663 326 228 289 176 583 269 102 109 532 572 292 488 317 396 210 480 551 443 228 104 171 374 485 450 190 209 124 145 381 283 264 308 122 581 392 478 567 579 284 426 662 571 410 651 218 147 174 482 358 591 641 425 560 320 164 612 186 328 201 447 173 241 238 274 329 517 343 218 558 104 168 265 496 618 108 525 363 161 596 358 155 172 311 465 485 122 434 426 256 336 189 270 522 457 210 470 641 479 202 623 470 200 510 319 239 285 231 682 122 492 626 522 137 365 188 205 639 465 653 440 253 206 156 138 649 479 112 667 435 152 245 483 
332 616 450 139 204 209 214 492 128 633 276 588 631 235 550 623 148 294 107 540 656 305 389 200 298 189 591 119 457 695 431 683 262 555 0 205 600 611 207 527 591 111 174 117 303 484 217 581 103 602 329 496 401 601 523 509 205 458 374 284 455 186 365 366 348 244 576 150 370 538 669 244 189 416 228 494 133 133 128 627 253 246 137 438 111 625 678 667 138 435 415 569 269 334 569 612 350 147 371 590 331 600 102 401 106 342 193 531 188 145 594 431 460 333 560 428 229 297 133 228 369 611 601 555 590 384 194 162 298 390 624 647 400 440 484 683 587 453 305 415 615 341 483 180 687 601 355 462 280 510 604 380 485 382 360 686 316 491 428 627 557 528 411 607 211 286 333 189 571 216 240 358 186 396 199 326 219 239 646 472 173 563 608 590 410 279 592 479 620 667 643 452 643 583 335 640 194 455 397 364 
492 464 186 667 187 505 484 173 292 215 676 432 131 495 340 423 461 350 475 373 117 287 368 555 407 201 121 275 227 275 260 152 460 471 205 0 631 469 537 421 384 315 498 691 163 499 429 422 278 621 260 295 230 140 644 176 627 645 396 625 119 453 457 304 583 527 447 660 458 590 577 294 343 365 129 637 308 289 452 693 569 439 268 226 122 399 233 271 363 108 634 101 214 167 197 282 496 168 438 441 593 361 316 623 226 238 615 105 641 244 142 295 648 461 613 605 356 678 507 238 137 109 689 685 203 474 679 218 423 584 505 366 152 608 414 539 677 115 513 474 511 546 160 114 457 100 618 626 256 563 102 579 458 571 334 253 451 584 274 245 154 163 681 167 514 504 643 542 308 663 618 141 506 654 358 401 670 183 615 437 513 619 645 537 488 611 660 545 241 606 492 461 155 284 252 418 395 565 430 396 
292 276 483 506 135 165 508 126 481 513 479 635 577 293 405 345 323 120 131 190 462 270 215 482 622 353 665 697 373 314 571 161 456 258 600 631 0 339 639 238 454 133 275 300 232 669 267 553 627 420 546 301 677 505 383 383 364 194 320 679 408 640 591 181 169 272 251 124 609 598 102 569 136 492 478 549 611 609 531 586 560 412 212 259 329 463 334 571 218 633 514 463 689 284 185 464 697 613 318 545 274 417 513 687 112 580 676 518 246 541 651 416 552 214 445 520 290 504 641 285 129 443 183 402 283 282 149 114 669 397 474 177 169 280 386 397 498 321 591 227 230 271 624 110 206 270 137 467 413 686 574 600 395 459 661 619 213 472 311 526 106 637 171 471 652 527 512 534 633 662 460 176 582 578 141 481 199 342 163 350 125 471 153 600 348 174 518 509 592 265 508 120 380 656 477 105 358 498 340 447 
509 556 305 671 189 497 569 673 294 444 146 637 698 317 359 464 503 236 694 372 274 199 276 285 632 686 689 182 542 207 133 131 140 533 611 469 339 0 506 392 671 289 586 441 663 684 407 477 225 230 550 638 349 490 690 608 520 181 193 361 256 205 550 650 515 697 203 550 340 354 457 482 420 401 406 682 433 275 281 325 181 615 660 398 470 169 558 388 365 102 693 483 381 479 621 361 531 179 687 597 572 101 601 561 671 133 142 208 303 642 186 522 269 189 179 237 617 113 567 566 290 294 471 373 626 508 621 238 287 277 151 436 319 244 271 120 523 553 270 559 534 694 677 241 371 372 512 150 161 526 239 635 500 231 546 322 480 680 473 464 244 185 237 439 505 457 567 148 534 529 202 123 378 178 423 286 508 207 318 325 226 565 211 423 197 238 589 350 677 629 246 409 590 581 247 426 647 658 492 248 
657 320 103 353 289 134 138 239 204 192 266 657 411 360 288 308 476 404 685 219 197 554 322 253 272 457 259 593 131 466 317 208 452 150 207 537 639 506 0 106 208 199 208 117 194 492 668 485 603 288 445 617 345 119 493 162 383 225 685 341 361 264 645 529 338 168 426 412 618 235 633 325 452 656 658 597 147 471 128 504 348 644 612 209 350 670 481 375 678 651 283 186 631 658 665 369 215 620 681 556 309 143 490 401 143 521 149 406 640 150 333 345 197 237 221 439 440 493 424 127 374 288 644 563 316 313 632 554 191 495 533 108 544 246 152 228 686 454 677 499 661 290 311 110 332 232 404 398 644 416 438 136 261 370 324 609 515 504 151 312 645 117 368 400 326 202 567 144 396 315 110 544 110 610 140 266 523 431 253 283 621 122 222 501 309 167 247 370 608 541 114 175 678 523 607 522 419 671 466 250 
512 486 462 567 259 143 356 627 152 572 475 607 513 461 614 694 250 234 373 433 143 549 495 476 189 162 103 163 380 656 494 553 193 587 527 421 238 392 106 0 527 485 188 322 464 696 381 225 687 352 324 649 104 400 477 145 674 594 249 674 431 298 260 394 342 132 367 192 668 146 461 182 481 222 107 668 334 345 505 214 380 221 341 316 631 661 646 674 346 231 590 315 588 627 337 311 617 635 434 350 283 359 469 296 463 212 375 578 212 520 393 231 645 228 292 529 656 542 310 450 135 587 386 116 524 109 342 360 474 470 446 407 326 346 110 211 268 426 260 145 662 234 588 342 296 464 397 131 422 191 281 438 486 240 305 614 298 148 287 259 350 465 557 511 321 286 443 501 110 292 670 605 305 571 468 368 647 686 540 470 398 124 657 682 667 268 304 599 267 284 287 650 433 606 381 547 454 520 385 353 
620 457 408 466 230 609 444 263 399 234 126 522 593 619 141 107 296 699 464 335 452 452 410 557 653 640 140 298 469 271 612 219 505 344 591 384 454 671 208 527 0 127 326 562 264 280 158 461 250 694 648 661 535 363 576 269 122 618 321 153 531 514 672 571 498 287 506 409 630 211 611 395 322 548 524 434 209 560 536 356 662 227 299 220 330 137 528 663 522 255 485 369 628 627 261 318 487 660 170 452 429 539 500 205 566 473 651 203 665 507 677 124 121 641 236 565 498 300 607 579 574 165 163 181 529 306 254 164 365 171 609 468 355 651 111 325 599 450 349 626 198 511 160 514 111 243 134 229 467 273 122 334 114 609 424 407 635 683 312 291 392 577 274 300 212 118 631 660 146 594 408 273 483 479 190 338 515 214 381 222 289 130 541 116 618 567 518 252 344 331 223 124 540 234 419 216 173 480 114 545 
684 365 698 151 648 202 627 363 243 108 561 196 260 225 135 572 455 685 241 670 690 455 274 335 674 223 331 363 465 493 202 449 610 362 111 315 133 289 199 485 127 0 419 638 327 573 397 152 315 191 139 334 381 253 233 526 428 208 105 242 387 585 324 509 543 518 196 105 440 691 161 213 489 574 174 674 310 611 527 580 394 366 146 382 330 662 575 198 674 670 277 512 561 424 154 110 491 507 254 356 491 259 157 217 403 175 207 682 698 173 206 121 216 434 115 619 697 262 366 384 611 299 400 363 254 351 230 320 504 535 428 565 234 547 564 385 266 265 330 442 421 425 581 595 121 535 268 258 372 599 226 631 653 691 247 368 669 696 269 329 161 407 492 233 255 671 250 672 227 431 171 589 453 617 288 612 160 138 231 436 681 231 511 599 650 337 663 562 226 385 690 532 563 558 648 612 576 435 548 387 
318 559 618 548 395 360 304 130 225 688 401 234 225 210 617 409 654 534 587 286 118 360 691 100 105 264 644 168 307 184 179 654 316 459 174 498 275 586 208 188 326 419 0 513 542 317 560 236 579 660 666 618 551 649 184 219 152 426 117 567 674 642 511 514 468 185 510 530 105 421 618 464 331 181 613 481 194 646 367 352 585 452 536 218 393 383 273 390 111 143 523 383 505 445 193 655 615 327 282 497 572 368 278 155 331 290 634 599 326 208 462 460 577 397 619 206 637 539 578 118 369 225 424 639 499 348 325 607 620 152 140 549 578 379 205 574 695 342 678 238 630 433 448 437 542 626 557 543 454 538 264 328 376 252 173 451 339 466 439 421 649 494 160 186 159 602 163 155 475 501 645 283 327 635 266 325 283 263 452 188 521 144 535 574 178 605 632 550 550 437 451 572 537 495 547 420 417 627 300 368 
114 117 577 473 199 475 259 322 585 670 333 614 160 322 463 189 393 533 543 533 554 508 274 549 397 659 203 641 599 686 644 359 141 534 117 691 300 441 117 322 562 638 513 0 163 364 236 410 133 171 576 609 342 401 532 447 298 640 506 502 362 695 636 533 144 624 300 579 511 439 352 678 521 417 171 143 507 158 190 190 395 413 174 222 474 635 583 245 548 288 447 219 595 566 445 196 323 350 367 267 505 305 667 620 317 152 389 166 215 320 232 100 318 581 200 127 274 186 211 330 539 139 536 177 395 367 519 502 622 389 104 473 650 265 256 612 425 659 366 184 315 573 692 560 513 615 225 256 284 233 155 193 444 612 538 220 445 421 599 280 427 487 259 170 534 596 604 672 280 456 418 122 267 386 504 485 433 679 638 157 579 677 420 623 154 137 456 456 252 413 176 493 414 241 212 649 697 269 650 108 
197 584 448 276 122 298 207 375 608 237 219 289 424 397 102 234 519 102 593 659 565 264 509 117 503 597 440 269 220 256 490 333 204 127 303 163 232 663 194 464 264 327 542 163 0 551 225 525 294 380 338 656 304 329 505 611 650 339 472 272 623 506 500 448 530 390 450 679 211 308 616 534 137 214 417 551 102 361 475 346 314 320 209 558 205 142 144 500 340 408 337 621 110 320 282 452 220 222 625 230 580 249 302 542 337 147 643 317 264 363 466 238 224 292 628 104 279 475 546 452 334 270 273 127 536 543 663 201 100 632 172 323 564 680 632 448 218 259 623 634 382 304 203 445 302 644 446 265 307 645 153 673 179 585 134 520 137 364 391 539 269 231 594 225 521 510 426 368 505 506 674 105 365 293 680 523 399 645 467 669 156 615 459 501 105 677 236 198 596 178 230 566 675 313 324 509 452 430 591 265 
194 117 472 529 187 600 349 500 666 134 301 357 220 207 252 499 653 170 169 676 426 678 280 468 215 418 229 428 109 181 330 692 476 104 484 499 669 684 492 696 280 573 317 364 551 0 323 100 327 119 609 470 677 436 103 305 608 561 623 398 418 165 619 134 310 164 245 373 680 293 594 281 465 434 252 660 669 312 362 285 571 270 566 670 248 603 427 358 408 256 632 406 355 332 158 616 376 566 338 123 617 181 127 691 258 524 411 358 511 697 372 697 393 116 175 585 524 557 229 622 424 414 627 258 402 528 668 663 631 665 581 533 644 186 500 659 421 511 622 237 464 416 476 324 693 261 369 332 349 398 107 399 123 464 331 550 667 419 419 583 422 544 611 114 143 568 311 621 693 440 401 224 654 689 246 411 452 315 624 107 486 569 376 475 262 200 389 615 138 114 493 564 129 671 535 451 564 291 291 333 
534 518 114 324 448 654 414 104 138 277 385 275 207 320 588 277 233 457 483 586 622 123 113 151 324 175 599 349 386 579 540 592 541 616 217 429 267 407 668 381 158 397 560 236 225 323 0 167 202 455 601 147 407 262 560 553 292 631 497 517 524 312 688 460 124 564 545 211 409 232 530 581 595 502 647 561 366 540 151 694 249 261 404 516 343 641 280 529 171 635 538 428 113 239 376 161 504 166 575 209 123 127 277 142 470 436 616 584 486 222 407 431 113 646 350 661 549 226 575 415 397 319 627 280 613 529 289 650 542 428 509 386 669 246 482 214 550 452 242 462 311 318 425 597 463 183 314 346 517 260 529 591 156 521 568 341 532 386 205 434 556 125 313 345 651 234 163 620 687 411 306 671 685 462 225 676 278 124 397 319 330 221 499 574 478 490 636 103 441 663 138 398 509 539 100 313 681 509 461 161 
299 480 624 187 196 579 299 515 106 431 623 691 494 667 322 488 268 626 435 566 469 202 587 695 417 580 398 178 171 284 364 247 451 160 581 422 553 477 485 225 461 152 236 410 525 100 167 0 507 661 459 431 363 372 212 297 682 457 139 488 625 488 375 383 375 529 220 626 402 539 563 273 214 459 636 279 643 637 149 139 600 349 322 266 470 467 612 431 528 409 615 473 190 218 674 591 489 624 283 194 161 450 163 367 130 640 229 671 572 133 189 205 313 320 235 516 306 623 534 123 267 352 485 286 173 605 393 561 394 612 158 523 635 120 576 325 685 231 451 470 218 313 114 436 579 658 473 385 347 524 294 320 223 588 530 154 386 494 582 129 453 128 144 217 467 689 389 182 395 228 536 294 183 613 241 275 145 150 121 221 444 646 609 290 120 695 234 251 520 442 455 404 126 354 510 119 679 313 630 671 
491 492 571 280 503 501 254 463 274 536 519 669 595 612 117 477 658 404 330 270 459 382 561 222 474 228 322 237 497 430 423 122 507 543 103 278 627 225 603 687 250 315 579 133 294 327 202 507 0 512 379 507 132 511 149 668 303 223 225 366 587 603 641 625 670 291 174 248 163 636 572 486 270 674 539 236 531 297 333 175 499 545 431 438 387 112 166 161 523 457 359 292 536 226 402 211 191 251 524 464 295 690 616 577 161 436 570 308 407 550 136 244 286 537 268 589 529 364 610 314 131 412 563 489 345 582 220 172 674 444 190 120 139 222 578 634 531 384 313 165 176 522 685 552 581 365 400 581 105 424 535 397 652 402 146 622 616 379 339 446 634 323 544 289 420 124 311 479 656 555 557 585 355 456 426 521 283 616 277 337 542 144 160 540 145 282 447 321 346 124 179 215 563 235 597 538 636 495 169 122 
293 631 108 396 536 498 112 520 683 410 512 215 197 385 407 538 529 547 255 350 629 246 459 148 663 389 647 683 592 689 353 669 430 378 602 621 420 230 288 352 694 191 660 171 380 119 455 661 512 0 507 216 593 124 442 126 226 330 693 366 424 118 238 464 489 693 135 645 144 310 291 342 536 225 554 392 354 396 464 348 334 505 592 355 466 571 554 502 386 223 302 283 284 168 275 555 470 123 321 649 135 377 231 213 382 426 346 502 523 190 691 415 256 326 348 592 180 514 519 221 332 468 698 163 542 674 618 135 651 193 155 153 296 676 602 581 386 668 488 434 131 610 187 107 477 511 290 340 178 540 508 239 190 374 478 659 562 409 648 286 157 285 634 457 520 510 528 186 455 421 607 551 351 620 643 374 161 239 487 465 625 318 543 399 275 295 333 534 483 648 575 492 447 522 689 494 115 417 349 151 
