40 475 3

0 691 294 472 517 290 198 675 204 582 314 258 319 292 364 219 164 453 684 284 335 216 336 253 197 141 659 180 150 116 512 407 662 339 124 419 472 406 558 579 
691 0 103 561 652 589 547 121 147 559 212 657 474 383 607 353 580 456 234 616 240 479 668 682 487 629 214 620 241 336 193 476 476 162 443 638 378 194 433 633 
294 103 0 181 129 642 401 194 325 109 669 200 498 680 152 675 439 167 197 537 548 477 107 193 481 410 400 507 697 529 498 119 477 237 440 598 517 392 120 127 
472 561 181 0 602 431 442 455 655 564 616 544 438 577 233 412 615 471 291 503 282 217 686 351 325 592 448 537 218 435 395 560 480 570 250 500 194 360 578 357 
517 652 129 602 0 468 522 230 403 385 592 618 172 410 503 289 433 161 313 586 517 427 178 597 322 196 143 364 610 549 197 140 463 272 699 171 671 452 222 539 
290 589 642 431 468 0 200 204 631 316 340 553 690 448 481 496 598 584 400 447 148 268 287 336 374 560 325 128 357 610 658 449 223 111 105 243 163 293 451 426 
198 547 401 442 522 200 0 370 531 552 169 292 181 172 132 108 420 300 643 201 402 348 466 650 451 607 461 678 103 146 641 413 596 333 630 638 480 223 649 421 
675 121 194 455 230 204 370 0 452 397 437 288 684 294 449 191 306 310 125 471 467 509 366 105 321 260 545 699 344 235 444 658 684 386 360 658 503 498 411 485 
204 147 325 655 403 631 531 452 0 433 262 633 460 495 604 195 156 222 594 488 199 442 286 183 294 335 231 335 377 352 257 646 603 173 497 501 420 191 334 317 
582 559 109 564 385 316 552 397 433 0 596 239 528 674 409 397 144 541 694 277 522 392 616 107 619 427 533 631 524 379 635 123 544 618 395 250 416 618 256 219 
314 212 669 616 592 340 169 437 262 596 0 368 490 192 402 350 571 494 584 126 116 104 113 325 402 316 571 648 236 498 230 464 386 526 207 556 597 190 318 211 
258 657 200 544 618 553 292 288 633 239 368 0 489 226 696 293 680 580 687 148 416 445 188 676 484 448 151 180 641 592 390 513 670 562 425 566 543 670 430 569 
319 474 498 438 172 690 181 684 460 528 490 489 0 235 616 311 196 664 277 329 599 633 612 200 151 174 650 374 197 281 146 387 461 545 231 279 609 135 639 666 
292 383 680 577 410 448 172 294 495 674 192 226 235 0 482 558 135 172 147 592 317 368 226 403 462 275 195 530 236 283 258 391 674 242 477 167 664 154 604 654 
364 607 152 233 503 481 132 449 604 409 402 696 616 482 0 510 618 438 361 311 455 393 187 652 686 277 351 481 149 350 388 128 129 309 423 328 682 394 321 185 
219 353 675 412 289 496 108 191 195 397 350 293 311 558 510 0 131 495 305 151 486 651 501 401 348 402 642 557 322 414 667 114 167 557 173 241 314 350 641 480 
164 580 439 615 433 598 420 306 156 144 571 680 196 135 618 131 0 560 352 459 164 659 314 312 227 446 457 612 596 132 129 361 419 513 530 364 685 144 270 665 
453 456 167 471 161 584 300 310 222 541 494 580 664 172 438 495 560 0 316 332 573 630 543 699 574 613 506 427 658 195 565 576 646 366 587 102 461 356 546 641 
684 234 197 291 313 400 643 125 594 694 584 687 277 147 361 305 352 316 0 495 526 457 484 331 531 203 382 660 105 487 672 538 310 577 491 192 253 369 127 254 
284 616 537 503 586 447 201 471 488 277 126 148 329 592 311 151 459 332 495 0 180 542 271 659 617 430 400 320 117 445 391 235 201 231 346 447 309 227 687 613 
335 240 548 282 517 148 402 467 199 522 116 416 599 317 455 486 164 573 526 180 0 687 343 184 577 377 282 360 539 275 674 560 103 455 259 162 236 364 112 207 
216 479 477 217 427 268 348 509 442 392 104 445 633 368 393 651 659 630 457 542 687 0 118 298 129 316 665 373 377 654 443 348 114 110 523 664 391 576 564 234 
336 668 107 686 178 287 466 366 286 616 113 188 612 226 187 501 314 543 484 271 343 118 0 278 437 536 653 257 233 459 219 640 239 238 372 404 104 235 392 602 
253 682 193 351 597 336 650 105 183 107 325 676 200 403 652 401 312 699 331 659 184 298 278 0 610 172 246 266 493 667 165 555 273 413 359 220 187 360 390 250 
197 487 481 325 322 374 451 321 294 619 402 484 151 462 686 348 227 574 531 617 577 129 437 610 0 150 173 295 561 302 508 147 105 232 532 651 359 526 691 380 
141 629 410 592 196 560 607 260 335 427 316 448 174 275 277 402 446 613 203 430 377 316 536 172 150 0 308 135 296 464 110 338 114 132 697 610 108 417 218 645 
659 214 400 448 143 325 461 545 231 533 571 151 650 195 351 642 457 506 382 400 282 665 653 246 173 308 0 201 297 656 407 662 363 687 381 600 122 490 315 442 
180 620 507 537 364 128 678 699 335 631 648 180 374 530 481 557 612 427 660 320 360 373 257 266 295 135 201 0 631 588 350 410 271 132 149 113 536 179 586 174 
150 241 697 218 610 357 103 344 377 524 236 641 197 236 149 322 596 658 105 117 539 377 233 493 561 296 297 631 0 309 138 575 207 464 533 636 243 367 134 180 
116 336 529 435 549 610 146 235 352 379 498 592 281 283 350 414 132 195 487 445 275 654 459 667 302 464 656 588 309 0 246 119 199 623 593 341 208 547 181 132 
512 193 498 395 197 658 641 444 257 635 230 390 146 258 388 667 129 565 672 391 674 443 219 165 508 110 407 350 138 246 0 177 643 620 408 308 394 333 401 475 
407 476 119 560 140 449 413 658 646 123 464 513 387 391 128 114 361 576 538 235 560 348 640 555 147 338 662 410 575 119 177 0 400 546 267 625 683 679 418 424 
662 476 477 480 463 223 596 684 603 544 386 670 461 674 129 167 419 646 310 201 103 114 239 273 105 114 363 271 207 199 643 400 0 353 345 331 566 202 249 206 
339 162 237 570 272 111 333 386 173 618 526 562 545 242 309 557 513 366 577 231 455 110 238 413 232 132 687 132 464 623 620 546 353 0 300 218 500 672 230 388 
124 443 440 250 699 105 630 360 497 395 207 425 231 477 423 173 530 587 491 346 259 523 372 359 532 697 381 149 533 593 408 267 345 300 0 392 404 456 482 253 
419 638 598 500 171 243 638 658 501 250 556 566 279 167 328 241 364 102 192 447 162 664 404 220 651 610 600 113 636 341 308 625 331 218 392 0 577 394 352 493 
472 378 517 194 671 163 480 503 420 416 597 543 609 664 682 314 685 461 253 309 236 391 104 187 359 108 122 536 243 208 394 683 566 500 404 577 0 191 114 337 
406 194 392 360 452 293 223 498 191 618 190 670 135 154 394 350 144 356 369 227 364 576 235 360 526 417 490 179 367 547 333 679 202 672 456 394 191 0 521 683 
558 433 120 578 222 451 649 411 334 256 318 430 639 604 321 641 270 546 127 687 112 564 392 390 691 218 315 586 134 181 401 418 249 230 482 352 114 521 0 163 
579 633 127 357 539 426 421 485 317 219 211 569 666 654 185 480 665 641 254 613 207 234 602 250 380 645 442 174 180 132 475 424 206 388 253 493 337 683 163 0 

0 31 96 28 20 72 60 24 88 42 83 64 87 81 63 83 95 54 51 88 73 89 82 83 69 65 25 70 64 91 42 28 59 89 94 57 41 25 30 53 
31 0 69 47 29 39 53 77 69 22 87 22 29 91 30 82 21 34 89 27 94 24 24 31 24 22 60 22 64 75 66 35 46 96 44 32 81 60 44 26 
96 69 0 87 64 46 43 69 93 65 22 96 41 49 93 37 25 76 62 51 56 54 76 67 46 20 42 57 20 50 50 90 59 73 27 41 44 49 82 80 
28 47 87 0 42 30 23 39 27 50 24 36 30 47 76 32 31 47 61 58 62 66 56 90 77 51 25 52 88 56 31 38 22 28 70 56 94 90 52 95 
20 29 64 42 0 37 24 91 38 92 30 53 90 54 49 94 33 87 65 27 22 24 67 48 75 94 99 71 35 52 98 93 58 85 32 70 28 59 71 49 
72 39 46 30 37 0 87 93 43 78 79 42 57 35 44 29 35 30 25 49 62 77 91 67 80 25 84 79 73 57 35 51 85 83 66 88 91 69 44 38 
60 53 43 23 24 87 0 85 50 49 71 68 64 79 92 87 21 86 35 96 58 96 58 59 32 28 37 44 95 78 20 44 54 68 32 31 20 71 36 53 
24 77 69 39 91 93 85 0 45 20 48 76 40 62 24 70 61 66 91 20 36 47 87 87 96 88 50 54 67 63 52 49 51 87 96 33 50 38 57 58 
88 69 93 27 38 43 50 45 0 51 61 25 22 48 30 93 63 81 41 28 72 55 75 70 96 94 83 74 61 96 90 23 57 79 55 44 35 99 68 91 
42 22 65 50 92 78 49 20 51 0 21 81 40 31 29 44 98 23 27 61 30 43 54 78 24 27 27 53 26 71 59 60 35 57 47 77 23 23 67 98 
83 87 22 24 30 79 71 48 61 21 0 61 44 92 50 89 46 55 48 62 98 96 78 63 51 76 55 42 66 43 73 49 88 45 97 39 46 72 65 92 
64 22 96 36 53 42 68 76 25 81 61 0 29 67 28 77 26 34 42 99 41 47 79 46 34 57 86 93 25 52 52 53 23 37 47 28 47 55 28 48 
87 29 41 30 90 57 64 40 22 40 44 29 0 67 55 79 97 35 96 93 32 23 52 78 75 77 57 87 78 92 75 91 47 49 67 73 37 94 52 57 
81 91 49 47 54 35 79 62 48 31 92 67 67 0 30 40 85 81 68 58 72 60 60 29 23 65 83 41 61 73 76 29 24 74 42 66 49 73 31 46 
63 30 93 76 49 44 92 24 30 29 50 28 55 30 0 53 20 39 84 76 37 28 80 51 43 62 96 24 67 94 46 98 67 96 59 90 23 35 78 73 
83 82 37 32 94 29 87 70 93 44 89 77 79 40 53 0 85 39 97 96 42 25 44 22 64 45 51 42 63 33 26 61 95 58 73 90 64 94 43 38 
95 21 25 31 33 35 21 61 63 98 46 26 97 85 20 85 0 49 85 32 78 29 60 83 97 35 31 45 51 92 99 64 42 48 37 72 57 89 90 59 
54 34 76 47 87 30 86 66 81 23 55 34 35 81 39 39 49 0 79 73 28 50 27 40 22 47 54 45 53 86 37 21 51 73 58 66 56 99 38 42 
51 89 62 61 65 25 35 91 41 27 48 42 96 68 84 97 85 79 0 31 54 45 57 90 47 86 73 27 95 53 45 41 85 54 29 75 95 80 68 92 
88 27 51 58 27 49 96 20 28 61 62 99 93 58 76 96 32 73 31 0 64 20 69 51 43 33 44 93 77 54 49 81 89 99 63 48 69 92 42 32 
73 94 56 62 22 62 58 36 72 30 98 41 32 72 37 42 78 28 54 64 0 41 74 87 27 64 96 69 56 78 31 41 94 26 94 65 80 78 98 70 
89 24 54 66 24 77 96 47 55 43 96 47 23 60 28 25 29 50 45 20 41 0 90 97 78 68 23 93 79 37 20 76 79 89 28 21 52 50 56 69 
82 24 76 56 67 91 58 87 75 54 78 79 52 60 80 44 60 27 57 69 74 90 0 99 28 26 49 86 90 47 64 24 67 80 93 41 60 91 49 43 
83 31 67 90 48 67 59 87 70 78 63 46 78 29 51 22 83 40 90 51 87 97 99 0 39 83 63 87 24 40 65 52 88 51 65 85 91 75 25 62 
69 24 46 77 75 80 32 96 96 24 51 34 75 23 43 64 97 22 47 43 27 78 28 39 0 69 69 68 27 89 52 93 69 65 53 21 82 49 45 83 
65 22 20 51 94 25 28 88 94 27 76 57 77 65 62 45 35 47 86 33 64 68 26 83 69 0 96 62 81 43 69 93 98 65 38 37 91 30 98 54 
25 60 42 25 99 84 37 50 83 27 55 86 57 83 96 51 31 54 73 44 96 23 49 63 69 96 0 88 73 50 59 29 90 32 75 56 79 25 62 44 
70 22 57 52 71 79 44 54 74 53 42 93 87 41 24 42 45 45 27 93 69 93 86 87 68 62 88 0 25 57 99 34 89 73 70 62 20 79 45 60 
64 64 20 88 35 73 95 67 61 26 66 25 78 61 67 63 51 53 95 77 56 79 90 24 27 81 73 25 0 70 98 28 62 42 23 39 91 63 94 85 
91 75 50 56 52 57 78 63 96 71 43 52 92 73 94 33 92 86 53 54 78 37 47 40 89 43 50 57 70 0 69 71 67 44 22 65 97 47 80 70 
42 66 50 31 98 35 20 52 90 59 73 52 75 76 46 26 99 37 45 49 31 20 64 65 52 69 59 99 98 69 0 97 28 48 25 75 49 78 31 55 
28 35 90 38 93 51 44 49 23 60 49 53 91 29 98 61 64 21 41 81 41 76 24 52 93 93 29 34 28 71 97 0 47 36 93 43 31 41 41 57 
59 46 59 22 58 85 54 51 57 35 88 23 47 24 67 95 42 51 85 89 94 79 67 88 69 98 90 89 62 67 28 47 0 97 64 81 43 76 66 80 
89 96 73 28 85 83 68 87 79 57 45 37 49 74 96 58 48 73 54 99 26 89 80 51 65 65 32 73 42 44 48 36 97 0 78 96 28 47 88 22 
94 44 27 70 32 66 32 96 55 47 97 47 67 42 59 73 37 58 29 63 94 28 93 65 53 38 75 70 23 22 25 93 64 78 0 54 24 40 49 74 
57 32 41 56 70 88 31 33 44 77 39 28 73 66 90 90 72 66 75 48 65 21 41 85 21 37 56 62 39 65 75 43 81 96 54 0 45 33 94 45 
41 81 44 94 28 91 20 50 35 23 46 47 37 49 23 64 57 56 95 69 80 52 60 91 82 91 79 20 91 97 49 31 43 28 24 45 0 63 82 70 
25 60 49 90 59 69 71 38 99 23 72 55 94 73 35 94 89 99 80 92 78 50 91 75 49 30 25 79 63 47 78 41 76 47 40 33 63 0 21 51 
30 44 82 52 71 44 36 57 68 67 65 28 52 31 78 43 90 38 68 42 98 56 49 25 45 98 62 45 94 80 31 41 66 88 49 94 82 21 0 77 
53 26 80 95 49 38 53 58 91 98 92 48 57 46 73 38 59 42 92 32 70 69 43 62 83 54 44 60 85 70 55 57 80 22 74 45 70 51 77 0 

441.0 516.0 1 23
515.0 312.0 1 23
386.0 327.0 1 35
588.0 201.0 1 21
515.0 280.0 1 35
450.0 297.0 1 24
450.0 249.0 1 23
515.0 318.0 1 26
644.0 280.0 1 24
386.0 264.0 1 31
588.0 327.0 1 23
515.0 254.0 1 26
579.0 393.0 1 36
552.0 290.0 1 20
579.0 285.0 1 33
450.0 184.0 1 37
736.0 296.0 1 23
736.0 153.0 2 20
386.0 288.0 2 29
515.0 144.0 2 22
662.0 620.0 2 21
588.0 277.0 2 39
736.0 124.0 2 40
552.0 138.0 2 26
579.0 437.0 2 37
441.0 132.0 2 40
386.0 342.0 2 38
662.0 427.0 2 30
515.0 118.0 2 28
515.0 324.0 2 38
386.0 237.0 2 35
644.0 163.0 2 36
662.0 118.0 2 26
588.0 220.0 2 32
386.0 165.0 2 22
386.0 210.0 3 31
515.0 258.0 3 36
552.0 264.0 3 27
441.0 492.0 3 39
450.0 342.0 3 28
441.0 246.0 3 36
579.0 547.0 3 1
331.0 328.0 3 34
450.0 459.0 3 34
515.0 285.0 3 31
579.0 321.0 3 24
386.0 282.0 3 36
515.0 275.0 4 26
496.0 120.0 4 27
552.0 352.0 4 36
644.0 441.0 4 35
331.0 273.0 4 35
515.0 277.0 4 22
450.0 366.0 4 37
579.0 319.0 4 23
386.0 120.0 4 27
515.0 285.0 4 23
386.0 423.0 4 37
644.0 352.0 4 36
588.0 535.0 5 34
496.0 259.0 5 24
441.0 620.0 5 26
441.0 96.0 5 1
588.0 122.0 5 22
552.0 676.0 5 31
552.0 535.0 5 34
662.0 653.0 5 27
579.0 112.0 5 21
441.0 348.0 5 33
496.0 136.0 5 29
450.0 295.0 5 33
644.0 343.0 5 30
496.0 157.0 6 31
450.0 579.0 6 27
588.0 376.0 6 30
515.0 343.0 6 36
386.0 241.0 6 21
736.0 96.0 7 37
515.0 248.0 7 39
588.0 633.0 7 20
644.0 538.0 7 30
515.0 237.0 7 32
588.0 323.0 8 32
552.0 244.0 8 33
386.0 365.0 8 24
579.0 158.0 8 36
331.0 323.0 8 32
552.0 348.0 8 40
331.0 382.0 8 40
450.0 417.0 8 34
662.0 535.0 9 26
386.0 653.0 9 38
515.0 222.0 9 33
496.0 126.0 9 20
331.0 264.0 9 22
552.0 345.0 9 21
736.0 315.0 9 23
644.0 518.0 9 25
588.0 241.0 9 37
386.0 374.0 9 30
386.0 220.0 9 37
386.0 151.0 9 20
331.0 313.0 9 22
441.0 410.0 9 21
386.0 399.0 9 24
552.0 462.0 10 39
441.0 206.0 10 22
496.0 145.0 10 26
579.0 157.0 10 33
662.0 239.0 10 1
496.0 306.0 10 32
441.0 298.0 10 30
441.0 346.0 10 36
644.0 113.0 10 26
736.0 311.0 10 20
450.0 361.0 10 39
644.0 158.0 10 37
736.0 140.0 10 29
644.0 270.0 10 32
515.0 432.0 11 38
386.0 220.0 11 32
662.0 205.0 11 32
386.0 306.0 11 31
386.0 175.0 11 34
662.0 333.0 12 32
644.0 244.0 12 40
450.0 109.0 12 39
386.0 207.0 12 24
441.0 184.0 12 21
441.0 117.0 12 39
386.0 187.0 12 40
450.0 387.0 12 27
386.0 109.0 12 36
644.0 359.0 12 26
441.0 244.0 12 40
441.0 268.0 12 1
579.0 446.0 12 28
331.0 427.0 13 25
515.0 153.0 13 21
579.0 351.0 13 29
515.0 495.0 13 31
736.0 641.0 13 20
579.0 220.0 13 34
496.0 201.0 13 21
331.0 393.0 13 27
579.0 503.0 13 36
515.0 96.0 13 22
736.0 155.0 13 37
662.0 552.0 13 30
441.0 365.0 13 1
450.0 391.0 13 28
331.0 110.0 13 22
588.0 491.0 13 29
386.0 191.0 13 34
496.0 365.0 14 20
588.0 121.0 14 24
644.0 115.0 14 33
386.0 415.0 14 36
588.0 144.0 15 37
515.0 371.0 15 35
644.0 207.0 15 31
662.0 177.0 15 21
588.0 281.0 15 33
450.0 100.0 15 28
588.0 434.0 15 1
386.0 179.0 15 31
441.0 166.0 15 21
441.0 103.0 15 37
552.0 648.0 15 30
588.0 290.0 15 24
552.0 558.0 15 32
441.0 422.0 15 33
441.0 340.0 16 29
736.0 178.0 16 30
441.0 366.0 16 38
515.0 148.0 16 40
579.0 507.0 16 38
552.0 432.0 16 20
644.0 180.0 16 39
386.0 171.0 16 31
441.0 239.0 16 40
579.0 261.0 16 34
386.0 205.0 16 40
386.0 109.0 16 31
386.0 105.0 16 22
588.0 261.0 16 34
579.0 230.0 17 40
662.0 359.0 17 37
496.0 607.0 17 30
552.0 153.0 17 20
331.0 570.0 17 1
441.0 421.0 17 21
588.0 456.0 17 1
736.0 384.0 17 32
496.0 465.0 17 25
386.0 367.0 17 36
441.0 239.0 17 33
386.0 324.0 17 36
386.0 155.0 17 35
515.0 256.0 17 37
496.0 579.0 17 30
441.0 226.0 17 33
386.0 473.0 17 24
386.0 316.0 17 34
736.0 239.0 18 40
552.0 206.0 18 29
579.0 182.0 18 39
386.0 182.0 18 39
662.0 118.0 18 25
644.0 156.0 18 24
515.0 683.0 18 38
331.0 267.0 18 26
515.0 225.0 18 22
441.0 198.0 18 33
515.0 259.0 18 1
644.0 324.0 18 27
588.0 182.0 18 39
386.0 226.0 18 27
450.0 240.0 18 22
386.0 153.0 19 28
515.0 634.0 19 40
496.0 387.0 19 39
644.0 306.0 19 27
515.0 340.0 19 34
552.0 541.0 19 37
579.0 184.0 19 32
552.0 254.0 19 30
496.0 593.0 19 26
331.0 258.0 19 32
441.0 359.0 19 23
386.0 172.0 20 40
588.0 303.0 20 27
450.0 84.0 20 22
386.0 414.0 20 38
496.0 534.0 20 33
441.0 331.0 20 23
386.0 418.0 20 28
450.0 114.0 20 22
441.0 364.0 20 21
441.0 434.0 20 37
386.0 269.0 20 23
515.0 191.0 20 31
579.0 207.0 20 26
515.0 192.0 20 40
579.0 308.0 20 31
441.0 351.0 20 24
386.0 336.0 20 24
331.0 558.0 20 32
496.0 171.0 21 34
579.0 538.0 21 30
579.0 315.0 21 40
644.0 372.0 21 28
588.0 514.0 21 30
331.0 252.0 21 29
579.0 414.0 21 28
441.0 129.0 21 25
644.0 552.0 21 37
662.0 273.0 21 36
450.0 432.0 21 37
496.0 529.0 21 39
515.0 148.0 21 34
736.0 614.0 22 1
515.0 117.0 22 35
450.0 362.0 22 28
579.0 159.0 22 21
579.0 379.0 22 33
552.0 355.0 22 29
450.0 351.0 22 40
552.0 184.0 23 25
588.0 221.0 23 36
736.0 567.0 23 22
515.0 142.0 23 25
515.0 412.0 23 28
386.0 205.0 23 27
515.0 462.0 23 33
441.0 369.0 23 1
588.0 324.0 23 30
515.0 432.0 23 34
515.0 319.0 23 1
736.0 541.0 23 28
331.0 444.0 23 21
331.0 234.0 23 37
552.0 105.0 24 39
496.0 249.0 24 32
515.0 443.0 24 28
441.0 504.0 24 23
662.0 334.0 24 40
441.0 244.0 24 20
588.0 491.0 24 37
515.0 465.0 24 22
386.0 292.0 24 31
331.0 354.0 24 37
515.0 351.0 24 20
662.0 427.0 24 40
331.0 216.0 24 30
441.0 228.0 24 30
331.0 142.0 24 39
386.0 354.0 24 37
441.0 448.0 24 26
496.0 310.0 25 1
552.0 113.0 25 29
386.0 434.0 25 33
386.0 105.0 25 29
588.0 304.0 25 22
496.0 113.0 25 29
662.0 285.0 25 28
450.0 587.0 25 30
579.0 109.0 25 23
579.0 189.0 25 39
515.0 153.0 25 21
441.0 270.0 25 20
515.0 229.0 25 39
331.0 331.0 25 1
644.0 235.0 25 38
450.0 356.0 26 40
450.0 627.0 26 37
662.0 241.0 26 28
515.0 409.0 26 28
386.0 101.0 26 23
331.0 269.0 26 31
662.0 646.0 26 39
644.0 434.0 27 24
386.0 336.0 27 31
579.0 142.0 27 1
579.0 300.0 27 30
552.0 576.0 27 21
386.0 310.0 27 25
331.0 338.0 27 23
588.0 409.0 28 26
386.0 357.0 28 1
552.0 516.0 28 23
441.0 357.0 28 35
331.0 683.0 28 31
386.0 445.0 28 31
579.0 335.0 28 23
579.0 378.0 29 30
515.0 386.0 29 21
579.0 508.0 29 20
588.0 462.0 29 30
450.0 117.0 29 35
588.0 648.0 29 39
588.0 131.0 29 35
441.0 411.0 29 31
579.0 441.0 29 30
386.0 480.0 30 39
736.0 374.0 30 21
662.0 198.0 30 34
588.0 330.0 30 27
450.0 362.0 30 32
450.0 210.0 30 27
736.0 307.0 30 28
441.0 351.0 30 21
662.0 188.0 30 22
736.0 529.0 31 29
441.0 249.0 31 23
662.0 230.0 31 34
386.0 249.0 31 23
579.0 244.0 31 34
331.0 204.0 31 39
450.0 343.0 31 25
552.0 331.0 31 34
496.0 142.0 31 35
515.0 363.0 31 40
552.0 378.0 31 32
662.0 302.0 31 34
736.0 290.0 32 40
515.0 193.0 32 28
331.0 136.0 32 23
496.0 669.0 32 31
736.0 193.0 32 28
552.0 558.0 32 26
331.0 282.0 32 21
386.0 669.0 32 31
331.0 296.0 33 38
515.0 300.0 33 1
386.0 261.0 33 23
386.0 282.0 33 32
450.0 381.0 33 23
515.0 560.0 33 20
386.0 297.0 33 39
644.0 433.0 33 38
450.0 239.0 33 32
386.0 460.0 34 36
496.0 351.0 34 35
441.0 580.0 34 39
386.0 182.0 34 27
644.0 260.0 34 24
515.0 427.0 34 22
579.0 253.0 34 25
331.0 125.0 34 40
331.0 331.0 34 25
736.0 153.0 34 27
515.0 534.0 34 22
450.0 252.0 34 29
441.0 159.0 34 37
579.0 432.0 34 36
386.0 432.0 34 36
662.0 321.0 34 24
515.0 288.0 35 33
441.0 448.0 35 24
515.0 249.0 35 39
331.0 378.0 35 20
441.0 374.0 36 34
441.0 312.0 36 21
441.0 386.0 36 27
450.0 216.0 36 40
496.0 393.0 36 1
515.0 409.0 36 28
588.0 564.0 36 39
496.0 331.0 36 21
644.0 576.0 36 34
386.0 234.0 36 29
386.0 283.0 36 40
496.0 245.0 36 32
515.0 243.0 36 37
552.0 88.0 36 22
579.0 472.0 36 31
496.0 340.0 36 33
515.0 184.0 36 23
441.0 662.0 36 34
588.0 308.0 37 27
515.0 302.0 37 38
515.0 136.0 37 35
644.0 546.0 37 29
736.0 302.0 37 38
579.0 270.0 37 1
644.0 396.0 37 23
386.0 219.0 37 33
515.0 159.0 37 1
588.0 518.0 37 29
552.0 196.0 37 1
736.0 518.0 37 26
588.0 582.0 37 30
386.0 279.0 37 31
450.0 96.0 37 28
552.0 312.0 37 21
515.0 115.0 37 35
515.0 358.0 37 22
515.0 196.0 38 32
515.0 321.0 38 37
579.0 204.0 38 35
736.0 421.0 38 21
450.0 282.0 38 34
579.0 119.0 38 39
515.0 342.0 38 33
450.0 142.0 38 1
496.0 245.0 38 37
515.0 282.0 39 32
579.0 592.0 39 29
496.0 235.0 39 22
441.0 396.0 39 34
515.0 257.0 39 33
515.0 535.0 39 36
736.0 81.0 39 38
515.0 344.0 39 37
450.0 552.0 39 30
441.0 221.0 39 32
450.0 415.0 39 33
386.0 126.0 39 38
450.0 420.0 40 21
331.0 310.0 40 36
496.0 297.0 40 24
552.0 348.0 40 25
662.0 392.0 40 39
515.0 226.0 40 26
644.0 224.0 40 27
515.0 331.0 40 22
662.0 118.0 40 34
579.0 192.0 40 20
450.0 138.0 40 34
736.0 171.0 40 27
386.0 206.0 40 23
579.0 184.0 40 27
644.0 466.0 40 35
441.0 270.0 40 23

0 138 29 36 67 91 39 140 40 30 125 51 189 58 29 87 16 62 25 106 131 86 0 151 118 56 148 18 60 69 25 94 25 163 24 29 49 61 56 24 
0 138 29 36 67 91 39 140 40 30 125 51 189 58 29 87 16 62 25 106 131 86 0 151 118 56 148 18 60 69 25 94 25 163 24 29 49 61 56 24 
0 138 29 36 67 91 39 140 40 30 125 51 189 58 29 87 16 62 25 106 131 86 133 151 118 56 148 18 60 69 25 94 25 163 0 29 49 61 56 24 
0 138 29 36 67 91 39 140 40 30 125 51 189 58 29 87 16 62 25 106 0 86 133 151 118 56 148 18 60 69 25 94 25 163 24 29 49 61 56 24 
0 138 29 36 67 91 39 140 40 30 125 51 189 58 29 87 16 62 25 106 131 86 133 151 118 56 148 18 60 69 25 94 25 163 0 29 49 61 56 24 
0 138 29 36 67 91 39 140 40 30 125 51 189 58 29 87 16 62 25 106 131 86 133 0 118 56 148 18 60 69 25 94 25 163 24 29 49 61 56 24 
0 138 29 36 67 91 39 140 40 30 125 51 189 58 29 87 16 62 25 106 131 86 0 151 118 56 148 18 60 69 25 94 25 163 24 29 49 61 56 24 
0 138 29 36 67 91 39 140 40 30 125 51 189 58 29 87 16 62 25 106 131 86 133 151 118 0 148 18 60 69 25 94 25 163 24 29 49 61 56 24 
0 138 29 36 67 91 39 140 40 30 125 51 189 58 29 87 16 62 25 106 131 86 133 0 118 56 148 18 60 69 25 94 25 163 24 29 49 61 56 24 
0 138 29 36 67 91 39 140 40 30 125 51 189 58 29 87 16 62 25 106 131 86 133 151 118 56 148 18 60 69 0 94 25 163 24 29 49 61 56 24 
0 138 29 36 67 91 39 140 40 30 125 51 189 58 29 87 16 62 25 106 131 86 0 151 118 56 148 18 60 69 25 94 25 163 24 29 49 61 56 24 
0 138 29 36 67 91 39 140 40 30 125 51 189 58 29 87 16 62 25 106 131 86 133 151 118 0 148 18 60 69 25 94 25 163 24 29 49 61 56 24 
0 138 29 36 67 91 39 140 40 30 125 51 189 58 29 87 16 62 25 106 131 86 133 151 118 56 148 18 60 69 25 94 25 163 24 0 49 61 56 24 
0 138 29 36 67 91 39 140 40 30 125 51 189 58 29 87 16 62 25 0 131 86 133 151 118 56 148 18 60 69 25 94 25 163 24 29 49 61 56 24 
0 138 29 36 67 91 39 140 40 30 125 51 189 58 29 87 16 62 25 106 131 86 133 151 118 56 148 18 60 69 25 94 0 163 24 29 49 61 56 24 
0 138 29 36 67 91 39 140 40 30 125 51 189 58 29 87 16 62 25 106 131 86 133 151 118 56 148 18 60 69 25 94 25 163 24 29 0 61 56 24 
0 138 29 36 67 91 39 140 40 30 125 51 189 58 29 87 16 62 25 106 131 86 0 151 118 56 148 18 60 69 25 94 25 163 24 29 49 61 56 24 
414 0 10 56 65 58 218 24 58 55 42 65 47 38 60 70 232 182 46 0 48 191 400 272 97 125 85 62 96 67 115 95 285 16 44 127 37 116 173 126 
414 0 10 56 65 58 218 24 58 55 42 65 47 38 60 70 232 182 46 61 48 191 400 272 97 125 85 62 0 67 115 95 285 16 44 127 37 116 173 126 
414 0 10 56 65 58 218 24 58 55 42 65 47 38 60 70 232 182 46 61 48 0 400 272 97 125 85 62 96 67 115 95 285 16 44 127 37 116 173 126 
414 0 10 56 65 58 218 24 58 55 42 65 47 38 60 70 232 182 46 61 0 191 400 272 97 125 85 62 96 67 115 95 285 16 44 127 37 116 173 126 
414 0 10 56 65 58 218 24 58 55 42 65 47 38 60 70 232 182 46 61 48 191 400 272 97 125 85 62 96 67 115 95 285 16 44 127 37 116 0 126 
414 0 10 56 65 58 218 24 58 55 42 65 47 38 60 70 232 182 46 61 48 191 400 272 97 125 85 62 96 67 115 95 285 16 44 127 37 116 173 0 
414 0 10 56 65 58 218 24 58 55 42 65 47 38 60 70 232 182 46 61 48 191 400 272 97 0 85 62 96 67 115 95 285 16 44 127 37 116 173 126 
414 0 10 56 65 58 218 24 58 55 42 65 47 38 60 70 232 182 46 61 48 191 400 272 97 125 85 62 96 67 115 95 285 16 44 127 0 116 173 126 
414 0 10 56 65 58 218 24 58 55 42 65 47 38 60 70 232 182 46 61 48 191 400 272 97 125 85 62 96 67 115 95 285 16 44 127 37 116 173 0 
414 0 10 56 65 58 218 24 58 55 42 65 47 38 60 70 232 182 46 61 48 191 400 272 97 125 85 62 96 67 115 95 285 16 44 127 37 0 173 126 
414 0 10 56 65 58 218 24 58 55 42 65 47 38 60 70 232 182 46 61 48 191 400 272 97 125 85 62 96 0 115 95 285 16 44 127 37 116 173 126 
414 0 10 56 65 58 218 24 58 55 42 65 47 38 60 70 232 182 46 61 48 191 400 272 97 125 85 0 96 67 115 95 285 16 44 127 37 116 173 126 
414 0 10 56 65 58 218 24 58 55 42 65 47 38 60 70 232 182 46 61 48 191 400 272 97 125 85 62 96 67 115 95 285 16 44 127 37 0 173 126 
414 0 10 56 65 58 218 24 58 55 42 65 47 38 60 70 232 182 46 61 48 191 400 272 97 125 85 62 96 67 115 95 285 16 0 127 37 116 173 126 
414 0 10 56 65 58 218 24 58 55 42 65 47 38 60 70 232 182 46 61 48 191 400 272 97 125 85 62 96 67 115 95 285 16 44 0 37 116 173 126 
414 0 10 56 65 58 218 24 58 55 42 65 47 38 60 70 232 182 46 61 48 191 400 272 97 0 85 62 96 67 115 95 285 16 44 127 37 116 173 126 
414 0 10 56 65 58 218 24 58 55 42 65 47 38 60 70 232 182 46 61 48 191 400 272 97 125 85 62 96 67 115 0 285 16 44 127 37 116 173 126 
414 0 10 56 65 58 218 24 58 55 42 65 47 38 60 70 232 182 46 61 48 0 400 272 97 125 85 62 96 67 115 95 285 16 44 127 37 116 173 126 
29 41 0 108 25 128 80 77 65 65 267 40 298 272 91 135 87 100 118 53 54 190 10 77 192 82 80 304 418 105 0 71 47 47 264 358 310 39 12 12 
29 41 0 108 25 128 80 77 65 65 267 40 298 272 91 135 87 100 118 53 54 190 10 77 192 82 80 304 418 105 49 71 47 47 264 0 310 39 12 12 
29 41 0 108 25 128 80 77 65 65 267 40 298 272 91 135 87 100 118 53 54 190 10 77 192 82 0 304 418 105 49 71 47 47 264 358 310 39 12 12 
29 41 0 108 25 128 80 77 65 65 267 40 298 272 91 135 87 100 118 53 54 190 10 77 192 82 80 304 418 105 49 71 47 47 264 358 310 39 0 12 
29 41 0 108 25 128 80 77 65 65 267 40 298 272 91 135 87 100 118 53 54 190 10 77 192 82 80 0 418 105 49 71 47 47 264 358 310 39 12 12 
29 41 0 108 25 128 80 77 65 65 267 40 298 272 91 135 87 100 118 53 54 190 10 77 192 82 80 304 418 105 49 71 47 47 264 0 310 39 12 12 
0 41 0 108 25 128 80 77 65 65 267 40 298 272 91 135 87 100 118 53 54 190 10 77 192 82 80 304 418 105 49 71 47 47 264 358 310 39 12 12 
29 41 0 108 25 128 80 77 65 65 267 40 298 272 91 135 87 100 118 53 54 190 10 77 192 82 80 304 418 105 49 71 47 0 264 358 310 39 12 12 
29 41 0 108 25 128 80 77 65 65 267 40 298 272 91 135 87 100 118 53 54 190 10 77 192 82 80 304 418 105 49 71 47 0 264 358 310 39 12 12 
29 41 0 108 25 128 80 77 65 65 267 40 298 272 91 135 87 100 118 53 54 190 10 77 192 82 80 304 418 105 0 71 47 47 264 358 310 39 12 12 
29 41 0 108 25 128 80 77 65 65 267 40 298 272 91 135 87 100 118 53 54 190 10 0 192 82 80 304 418 105 49 71 47 47 264 358 310 39 12 12 
29 41 0 108 25 128 80 77 65 65 267 40 298 272 91 135 87 100 118 53 54 190 10 77 192 82 80 304 418 105 49 71 47 47 264 0 310 39 12 12 
47 56 36 0 120 172 88 45 65 112 369 54 175 115 93 247 123 188 174 201 112 21 411 210 195 0 268 214 43 43 237 336 288 57 100 100 77 144 115 142 
47 56 36 0 120 172 88 45 65 112 369 54 175 115 93 247 123 188 174 201 112 21 411 210 195 59 0 214 43 43 237 336 288 57 100 100 77 144 115 142 
47 56 36 0 120 172 88 45 65 112 369 54 175 115 93 247 123 188 174 201 112 21 411 210 195 59 268 214 43 43 237 336 288 57 100 0 77 144 115 142 
47 56 36 0 120 172 88 45 65 112 369 54 175 115 93 247 123 188 174 201 112 21 411 210 195 59 268 214 43 43 237 336 288 57 0 100 77 144 115 142 
47 56 36 0 120 172 88 45 65 112 369 54 175 115 93 247 123 188 174 201 112 21 411 210 195 59 268 214 43 43 237 336 288 57 0 100 77 144 115 142 
47 56 36 0 120 172 88 45 65 112 369 54 175 115 93 247 123 188 174 201 112 0 411 210 195 59 268 214 43 43 237 336 288 57 100 100 77 144 115 142 
47 56 36 0 120 172 88 45 65 112 369 54 175 115 93 247 123 188 174 201 112 21 411 210 195 59 268 214 43 43 237 336 288 57 100 100 0 144 115 142 
47 56 36 0 120 172 88 45 65 112 369 54 175 115 93 247 123 188 174 201 112 21 0 210 195 59 268 214 43 43 237 336 288 57 100 100 77 144 115 142 
47 56 36 0 120 172 88 45 65 112 369 54 175 115 93 247 123 188 174 201 112 21 411 210 195 59 0 214 43 43 237 336 288 57 100 100 77 144 115 142 
47 56 36 0 120 172 88 45 65 112 369 54 175 115 93 247 123 188 174 201 112 21 0 210 195 59 268 214 43 43 237 336 288 57 100 100 77 144 115 142 
47 56 36 0 120 172 88 45 65 112 369 54 175 115 93 247 123 188 174 201 112 21 411 210 195 59 268 214 43 43 237 336 288 57 100 100 0 144 115 142 
47 56 36 0 120 172 88 45 65 112 369 54 175 115 93 247 123 188 174 201 112 21 411 210 195 59 268 214 43 43 237 336 288 57 100 0 77 144 115 142 
310 65 25 60 0 280 208 46 80 38 236 370 68 164 201 28 259 64 125 351 310 256 106 238 193 117 28 145 244 329 118 84 92 0 279 68 268 180 44 215 
310 65 25 60 0 280 208 46 80 38 236 370 68 164 201 28 259 64 125 351 310 256 106 0 193 117 28 145 244 329 118 84 92 163 279 68 268 180 44 215 
310 65 25 60 0 280 208 46 80 38 236 370 68 164 201 28 259 64 125 351 310 256 106 238 193 0 28 145 244 329 118 84 92 163 279 68 268 180 44 215 
0 65 25 60 0 280 208 46 80 38 236 370 68 164 201 28 259 64 125 351 310 256 106 238 193 117 28 145 244 329 118 84 92 163 279 68 268 180 44 215 
310 65 25 60 0 280 208 46 80 38 236 370 68 164 201 28 259 64 125 351 310 0 106 238 193 117 28 145 244 329 118 84 92 163 279 68 268 180 44 215 
310 65 25 60 0 280 208 46 80 38 236 370 68 164 201 28 259 64 125 351 310 256 106 238 193 117 28 145 244 329 0 84 92 163 279 68 268 180 44 215 
310 65 25 60 0 280 208 46 80 38 236 370 68 164 201 28 259 64 125 351 310 256 106 238 193 117 28 145 244 329 118 84 92 0 279 68 268 180 44 215 
310 65 25 60 0 280 208 46 80 38 236 370 68 164 201 28 259 64 125 351 310 256 106 238 193 117 0 145 244 329 118 84 92 163 279 68 268 180 44 215 
310 65 25 60 0 280 208 46 80 38 236 370 68 164 201 28 259 64 125 351 0 256 106 238 193 117 28 145 244 329 118 84 92 163 279 68 268 180 44 215 
310 65 25 60 0 280 208 46 80 38 236 370 68 164 201 28 259 64 125 351 310 256 106 238 193 117 28 145 244 329 118 84 0 163 279 68 268 180 44 215 
310 65 25 60 0 280 208 46 80 38 236 370 68 164 201 28 259 64 125 351 310 256 106 238 193 117 28 145 0 329 118 84 92 163 279 68 268 180 44 215 
310 65 25 60 0 280 208 46 80 38 236 370 68 164 201 28 259 64 125 351 310 256 106 238 193 117 28 145 244 329 118 84 0 163 279 68 268 180 44 215 
310 65 25 60 0 280 208 46 80 38 236 370 68 164 201 28 259 64 125 351 310 256 106 238 193 117 28 145 244 0 118 84 92 163 279 68 268 180 44 215 
116 58 385 43 280 0 80 81 252 31 68 110 69 44 48 49 358 58 80 268 29 160 172 33 74 56 65 25 214 122 0 269 133 11 42 24 16 175 90 85 
116 58 385 43 280 0 80 81 252 31 68 110 69 44 48 49 358 58 80 268 29 160 172 33 74 56 0 25 214 122 131 269 133 11 42 24 16 175 90 85 
116 58 385 43 280 0 80 81 252 31 68 110 69 44 48 49 358 58 80 268 29 160 172 33 74 56 65 25 214 0 131 269 133 11 42 24 16 175 90 85 
116 58 385 43 280 0 80 81 252 31 68 110 69 44 48 49 358 58 80 268 29 160 172 33 74 56 65 25 214 122 131 269 133 11 42 0 16 175 90 85 
116 58 385 43 280 0 80 81 252 31 68 110 69 44 48 49 358 58 80 268 0 160 172 33 74 56 65 25 214 122 131 269 133 11 42 24 16 175 90 85 
39 54 80 265 313 20 0 222 318 55 101 175 18 68 13 64 84 180 385 80 40 208 279 65 270 364 184 406 41 58 64 165 238 133 126 127 0 22 389 42 
39 54 80 265 313 20 0 222 318 55 101 175 18 68 13 64 84 180 385 80 40 208 279 65 270 364 184 406 41 58 64 165 238 133 126 127 48 22 0 42 
39 54 80 265 313 20 0 222 318 55 101 175 18 68 13 64 84 180 385 0 40 208 279 65 270 364 184 406 41 58 64 165 238 133 126 127 48 22 389 42 
39 54 80 265 313 20 0 222 318 55 101 175 18 68 13 64 84 180 385 80 40 208 279 65 270 364 184 406 41 0 64 165 238 133 126 127 48 22 389 42 
39 54 80 265 313 20 0 222 318 55 101 175 18 68 13 64 84 180 385 80 40 208 279 65 270 364 184 406 41 58 64 0 238 133 126 127 48 22 389 42 
270 12 19 273 138 40 37 0 90 158 43 172 273 58 44 19 30 186 12 47 46 203 219 42 64 26 54 419 68 47 44 0 136 154 72 263 301 49 41 291 
270 12 19 273 138 40 37 0 90 158 43 172 273 58 44 19 30 186 12 47 46 203 219 42 64 26 54 419 68 47 44 65 0 154 72 263 301 49 41 291 
270 12 19 273 138 40 37 0 90 158 43 172 273 58 44 19 30 186 12 47 46 203 219 0 64 26 54 419 68 47 44 65 136 154 72 263 301 49 41 291 
270 12 19 273 138 40 37 0 90 158 43 172 273 58 44 19 30 186 12 47 46 203 219 42 64 26 54 419 68 47 44 65 136 154 72 0 301 49 41 291 
270 12 19 273 138 40 37 0 90 158 43 172 273 58 44 19 30 186 12 47 46 203 219 42 64 26 54 419 68 47 44 0 136 154 72 263 301 49 41 291 
270 12 19 273 138 40 37 0 90 158 43 172 273 58 44 19 30 186 12 47 46 203 219 42 64 26 54 419 68 47 44 65 136 154 72 263 301 49 41 0 
270 12 19 273 138 40 37 0 90 158 43 172 273 58 44 19 30 186 12 47 46 203 219 42 64 26 54 419 68 47 44 65 136 154 72 263 301 49 41 0 
270 12 19 273 138 40 37 0 90 158 43 172 273 58 44 19 30 186 12 47 46 203 219 42 64 26 54 419 68 47 44 65 136 0 72 263 301 49 41 291 
81 88 65 262 241 252 53 180 0 86 52 253 92 198 362 78 15 44 356 195 79 265 171 36 58 0 46 134 150 211 102 258 361 103 99 100 42 38 133 63 
81 88 65 262 241 252 53 180 0 86 52 253 92 198 362 78 15 44 356 195 79 265 171 36 58 201 46 134 150 211 102 258 361 103 99 100 42 0 133 63 
81 88 65 262 241 252 53 180 0 86 52 253 92 198 362 78 15 44 356 195 79 265 171 36 58 201 46 134 150 211 102 258 0 103 99 100 42 38 133 63 
81 88 65 262 241 252 53 180 0 86 52 253 92 198 362 78 15 44 356 0 79 265 171 36 58 201 46 134 150 211 102 258 361 103 99 100 42 38 133 63 
81 88 65 262 241 252 53 180 0 86 52 253 92 198 362 78 15 44 356 195 79 0 171 36 58 201 46 134 150 211 102 258 361 103 99 100 42 38 133 63 
81 88 65 262 241 252 53 180 0 86 52 253 92 198 362 78 15 44 356 195 0 265 171 36 58 201 46 134 150 211 102 258 361 103 99 100 42 38 133 63 
81 88 65 262 241 252 53 180 0 86 52 253 92 198 362 78 15 44 356 195 79 265 0 36 58 201 46 134 150 211 102 258 361 103 99 100 42 38 133 63 
81 88 65 262 241 252 53 180 0 86 52 253 92 198 362 78 15 44 356 195 79 265 171 36 0 201 46 134 150 211 102 258 361 103 99 100 42 38 133 63 
81 88 65 262 241 252 53 180 0 86 52 253 92 198 362 78 15 44 356 195 79 265 171 36 58 201 46 134 150 211 102 258 361 103 99 100 0 38 133 63 
81 88 65 262 241 252 53 180 0 86 52 253 92 198 362 78 15 44 356 195 79 265 171 36 58 201 46 134 150 0 102 258 361 103 99 100 42 38 133 63 
81 88 65 262 241 252 53 180 0 86 52 253 92 198 362 78 15 44 356 195 79 265 171 36 58 201 46 134 150 211 102 258 361 103 99 100 0 38 133 63 
81 88 65 262 241 252 53 180 0 86 52 253 92 198 362 78 15 44 356 0 79 265 171 36 58 201 46 134 150 211 102 258 361 103 99 100 42 38 133 63 
81 88 65 262 241 252 53 180 0 86 52 253 92 198 362 78 15 44 356 195 79 0 171 36 58 201 46 134 150 211 102 258 361 103 99 100 42 38 133 63 
81 88 65 262 241 252 53 180 0 86 52 253 92 198 362 78 15 44 356 195 0 265 171 36 58 201 46 134 150 211 102 258 361 103 99 100 42 38 133 63 
81 88 65 262 241 252 53 180 0 86 52 253 92 198 362 78 15 44 356 195 79 265 171 0 58 201 46 134 150 211 102 258 361 103 99 100 42 38 133 63 
116 223 65 338 38 126 220 158 86 0 59 23 105 269 163 158 14 324 69 55 52 78 246 10 247 42 319 252 104 151 63 24 217 247 39 25 249 61 0 43 
116 223 65 338 38 126 220 158 86 0 59 23 105 269 163 158 14 324 69 55 52 0 246 10 247 42 319 252 104 151 63 24 217 247 39 25 249 61 153 43 
116 223 65 338 38 126 220 158 86 0 59 23 105 269 163 158 14 324 69 55 52 78 246 10 247 0 319 252 104 151 63 24 217 247 39 25 249 61 153 43 
116 223 65 338 38 126 220 158 86 0 59 23 105 269 163 158 14 324 69 55 52 78 246 10 247 42 319 252 104 151 63 24 0 247 39 25 249 61 153 43 
0 223 65 338 38 126 220 158 86 0 59 23 105 269 163 158 14 324 69 55 52 78 246 10 247 42 319 252 104 151 63 24 217 247 39 25 249 61 153 43 
116 223 65 338 38 126 220 158 86 0 59 23 105 269 163 158 14 324 69 55 52 78 246 10 247 42 319 252 104 151 63 0 217 247 39 25 249 61 153 43 
116 223 65 338 38 126 220 158 86 0 59 23 105 269 163 158 14 324 69 55 52 78 246 10 247 42 319 252 104 0 63 24 217 247 39 25 249 61 153 43 
116 223 65 338 38 126 220 158 86 0 59 23 105 269 163 158 14 324 69 55 52 78 246 10 247 42 319 252 104 151 63 24 217 247 39 0 249 61 153 43 
116 223 65 338 38 126 220 158 86 0 59 23 105 269 163 158 14 324 69 55 52 78 246 10 247 0 319 252 104 151 63 24 217 247 39 25 249 61 153 43 
116 223 65 338 38 126 220 158 86 0 59 23 105 269 163 158 14 324 69 0 52 78 246 10 247 42 319 252 104 151 63 24 217 247 39 25 249 61 153 43 
116 223 65 338 38 126 220 158 86 0 59 23 105 269 163 158 14 324 69 55 52 78 246 10 247 42 319 252 104 151 63 24 217 247 39 25 249 61 0 43 
116 223 65 338 38 126 220 158 86 0 59 23 105 269 163 158 14 324 69 55 52 78 246 10 247 42 319 252 104 151 63 24 217 247 39 25 0 61 153 43 
116 223 65 338 38 126 220 158 86 0 59 23 105 269 163 158 14 324 69 55 52 78 246 10 247 42 319 252 0 151 63 24 217 247 39 25 249 61 153 43 
116 223 65 338 38 126 220 158 86 0 59 23 105 269 163 158 14 324 69 55 52 78 246 10 247 42 319 252 104 151 63 0 217 247 39 25 249 61 153 43 
31 21 267 369 118 136 67 262 26 357 0 147 49 19 80 210 57 296 350 75 69 41 45 32 160 126 342 64 141 298 138 46 77 105 41 222 358 0 190 42 
31 21 267 369 118 136 67 262 26 357 0 147 49 19 80 210 57 296 350 75 69 41 45 32 160 126 342 64 141 298 138 0 77 105 41 222 358 38 190 42 
31 21 267 369 118 136 67 262 26 357 0 147 49 19 80 210 57 296 350 75 69 41 45 32 160 126 342 64 141 298 138 0 77 105 41 222 358 38 190 42 
31 21 267 369 118 136 67 262 26 357 0 147 49 19 80 210 57 296 350 75 69 41 45 32 160 126 342 64 141 298 0 46 77 105 41 222 358 38 190 42 
31 21 267 369 118 136 67 262 26 357 0 147 49 19 80 210 57 296 350 75 69 41 45 32 160 126 342 64 141 298 138 46 77 0 41 222 358 38 190 42 
154 262 120 108 61 331 58 28 126 95 147 0 97 22 69 175 68 348 68 59 166 178 37 270 290 44 90 72 256 236 78 0 268 56 255 339 108 67 86 113 
154 262 120 108 61 331 58 28 126 95 147 0 97 22 69 175 68 348 68 59 166 178 37 270 290 44 90 72 256 236 78 102 268 56 255 339 108 67 86 0 
154 262 120 108 61 331 58 28 126 95 147 0 97 22 69 175 68 348 68 59 166 178 37 270 290 44 90 72 256 236 78 102 268 56 255 339 108 67 0 113 
154 262 120 108 61 331 58 28 126 95 147 0 97 22 69 175 68 348 68 59 166 178 37 0 290 44 90 72 256 236 78 102 268 56 255 339 108 67 86 113 
154 262 120 108 61 331 58 28 126 95 147 0 97 22 69 175 68 348 68 59 0 178 37 270 290 44 90 72 256 236 78 102 268 56 255 339 108 67 86 113 
154 262 120 108 61 331 58 28 126 95 147 0 97 22 69 175 68 348 68 59 166 178 37 270 290 44 90 72 256 236 78 102 268 56 255 339 108 67 0 113 
154 262 120 108 61 331 58 28 126 95 147 0 97 22 69 175 68 348 68 59 166 178 37 270 290 44 90 72 256 236 78 102 268 56 255 339 108 67 86 0 
154 262 120 108 61 331 58 28 126 95 147 0 97 22 69 175 68 348 68 59 166 178 37 270 290 44 0 72 256 236 78 102 268 56 255 339 108 67 86 113 
154 262 120 108 61 331 58 28 126 95 147 0 97 22 69 175 68 348 68 59 166 178 37 270 290 44 90 72 256 236 78 102 268 56 255 0 108 67 86 113 
154 262 120 108 61 331 58 28 126 95 147 0 97 22 69 175 68 348 68 59 166 178 37 270 290 0 90 72 256 236 78 102 268 56 255 339 108 67 86 113 
154 262 120 108 61 331 58 28 126 95 147 0 97 22 69 175 68 348 68 59 166 178 37 270 290 44 90 72 256 236 78 102 268 56 255 339 108 67 86 0 
0 262 120 108 61 331 58 28 126 95 147 0 97 22 69 175 68 348 68 59 166 178 37 270 290 44 90 72 256 236 78 102 268 56 255 339 108 67 86 113 
154 262 120 108 61 331 58 28 126 95 147 0 97 22 69 175 68 348 68 59 166 178 37 270 290 44 90 0 256 236 78 102 268 56 255 339 108 67 86 113 
31 284 298 43 34 69 72 410 276 211 49 195 0 141 123 31 78 265 27 32 359 63 244 80 0 34 390 224 78 56 29 154 46 218 23 55 60 13 383 266 
31 284 298 43 34 69 72 410 276 211 49 195 0 141 123 31 78 265 27 32 0 63 244 80 15 34 390 224 78 56 29 154 46 218 23 55 60 13 383 266 
31 284 298 43 34 69 72 410 276 211 49 195 0 141 123 31 78 265 27 32 359 63 244 80 15 34 390 224 0 56 29 154 46 218 23 55 60 13 383 266 
31 284 298 43 34 69 72 410 276 211 49 195 0 141 123 31 78 265 27 32 359 63 244 80 15 34 390 224 78 56 0 154 46 218 23 55 60 13 383 266 
31 284 298 43 34 69 72 410 276 211 49 195 0 141 123 31 78 265 27 0 359 63 244 80 15 34 390 224 78 56 29 154 46 218 23 55 60 13 383 266 
31 284 298 43 34 69 72 410 276 211 49 195 0 141 123 31 78 265 27 32 359 63 244 80 15 34 390 224 78 56 29 154 46 0 23 55 60 13 383 266 
31 284 298 43 34 69 72 410 276 211 49 195 0 141 123 31 78 265 27 32 0 63 244 80 15 34 390 224 78 56 29 154 46 218 23 55 60 13 383 266 
31 284 298 43 34 69 72 410 276 211 49 195 0 141 123 31 78 265 27 32 359 63 244 80 15 34 0 224 78 56 29 154 46 218 23 55 60 13 383 266 
31 284 298 43 34 69 72 410 276 211 49 195 0 141 123 31 78 265 27 32 359 63 244 80 15 34 390 224 78 56 29 154 46 218 23 0 60 13 383 266 
31 284 298 43 34 69 72 410 276 211 49 195 0 141 123 31 78 265 27 32 359 0 244 80 15 34 390 224 78 56 29 154 46 218 23 55 60 13 383 266 
31 284 298 43 34 69 72 410 276 211 49 195 0 141 123 31 78 265 27 32 359 63 244 80 15 34 390 224 78 56 29 154 46 218 23 55 0 13 383 266 
31 284 298 43 34 69 72 410 276 211 49 195 0 141 123 31 78 265 27 32 359 63 244 80 15 34 390 224 78 0 29 154 46 218 23 55 60 13 383 266 
