40 332 3

0 403 375 207 662 611 502 275 591 616 102 276 199 392 290 279 376 331 259 132 536 389 560 520 323 425 519 630 335 617 645 341 404 178 200 101 582 300 614 427 
403 0 232 583 641 381 639 585 290 407 472 300 638 683 359 197 697 598 325 302 374 279 181 174 321 172 483 158 409 381 665 476 469 385 672 628 578 143 535 594 
375 232 0 534 189 675 261 196 636 491 221 244 349 503 205 278 684 109 236 131 442 271 277 385 162 652 302 665 697 601 533 270 504 380 230 300 453 261 618 554 
207 583 534 0 189 682 242 245 335 301 697 123 354 620 447 681 214 580 618 585 224 163 398 412 167 209 405 432 643 370 194 374 261 571 319 467 689 622 335 528 
662 641 189 189 0 169 235 294 288 531 205 564 285 411 495 384 520 331 465 497 659 646 683 208 420 620 572 329 657 247 687 497 667 301 475 481 321 390 254 112 
611 381 675 682 169 0 689 557 517 535 388 428 523 613 359 320 659 619 106 507 515 434 447 160 559 128 505 225 199 362 119 692 351 275 467 100 617 611 323 620 
502 639 261 242 235 689 0 128 315 603 374 363 380 564 210 517 567 229 538 501 559 333 578 351 227 338 253 454 415 106 306 276 410 699 365 135 675 169 490 154 
275 585 196 245 294 557 128 0 220 468 565 485 537 394 589 674 650 632 319 534 403 537 230 615 500 568 287 600 493 208 627 606 634 438 422 222 124 175 421 310 
591 290 636 335 288 517 315 220 0 167 100 156 428 448 454 613 479 695 695 461 248 290 183 200 644 626 223 573 505 366 622 268 186 597 414 315 585 298 306 296 
616 407 491 301 531 535 603 468 167 0 128 296 134 585 109 204 315 439 351 458 286 193 401 592 363 197 322 111 627 361 261 463 175 560 132 618 232 320 261 545 
102 472 221 697 205 388 374 565 100 128 0 429 407 622 234 664 670 498 291 502 174 288 441 392 391 468 321 482 304 180 151 168 248 649 253 480 603 696 691 416 
276 300 244 123 564 428 363 485 156 296 429 0 208 612 413 253 511 594 242 437 504 169 584 490 342 227 509 211 467 613 385 480 429 335 367 537 318 248 578 132 
199 638 349 354 285 523 380 537 428 134 407 208 0 425 481 660 330 552 636 314 317 315 353 499 184 643 644 479 443 132 583 405 385 457 624 404 544 521 510 651 
392 683 503 620 411 613 564 394 448 585 622 612 425 0 644 639 357 596 696 655 428 690 194 204 479 420 114 215 422 266 151 234 273 636 166 611 158 658 176 148 
290 359 205 447 495 359 210 589 454 109 234 413 481 644 0 569 110 662 111 167 150 507 422 318 357 231 248 636 553 564 432 515 455 431 280 454 154 484 339 115 
279 197 278 681 384 320 517 674 613 204 664 253 660 639 569 0 427 158 511 333 323 386 329 140 411 102 243 683 516 380 136 430 211 365 433 278 292 260 432 371 
376 697 684 214 520 659 567 650 479 315 670 511 330 357 110 427 0 655 424 656 629 152 653 352 398 560 671 645 207 578 676 556 150 472 581 529 513 187 433 313 
331 598 109 580 331 619 229 632 695 439 498 594 552 596 662 158 655 0 426 673 311 500 654 288 221 671 571 209 546 190 382 616 460 118 175 312 614 575 594 243 
259 325 236 618 465 106 538 319 695 351 291 242 636 696 111 511 424 426 0 626 409 354 479 567 222 643 124 183 541 556 194 160 519 392 624 141 242 496 407 368 
132 302 131 585 497 507 501 534 461 458 502 437 314 655 167 333 656 673 626 0 515 198 173 542 376 416 117 479 283 311 523 544 163 444 157 119 437 670 101 490 
536 374 442 224 659 515 559 403 248 286 174 504 317 428 150 323 629 311 409 515 0 176 362 332 541 549 247 313 382 677 228 142 254 500 377 483 303 172 647 140 
389 279 271 163 646 434 333 537 290 193 288 169 315 690 507 386 152 500 354 198 176 0 396 685 301 205 106 439 328 423 361 130 382 482 366 293 158 370 193 531 
560 181 277 398 683 447 578 230 183 401 441 584 353 194 422 329 653 654 479 173 362 396 0 480 374 485 419 133 667 185 222 634 215 691 644 463 393 276 183 182 
520 174 385 412 208 160 351 615 200 592 392 490 499 204 318 140 352 288 567 542 332 685 480 0 134 219 273 554 247 498 674 166 110 543 473 126 439 456 499 694 
323 321 162 167 420 559 227 500 644 363 391 342 184 479 357 411 398 221 222 376 541 301 374 134 0 108 247 274 574 112 317 149 174 181 462 213 612 432 672 135 
425 172 652 209 620 128 338 568 626 197 468 227 643 420 231 102 560 671 643 416 549 205 485 219 108 0 167 146 545 373 678 450 197 544 658 238 273 464 541 449 
519 483 302 405 572 505 253 287 223 322 321 509 644 114 248 243 671 571 124 117 247 106 419 273 247 167 0 583 403 510 598 486 252 459 314 660 235 225 128 283 
630 158 665 432 329 225 454 600 573 111 482 211 479 215 636 683 645 209 183 479 313 439 133 554 274 146 583 0 619 226 254 214 592 243 228 695 287 489 653 182 
335 409 697 643 657 199 415 493 505 627 304 467 443 422 553 516 207 546 541 283 382 328 667 247 574 545 403 619 0 448 120 150 455 318 664 659 561 103 420 249 
617 381 601 370 247 362 106 208 366 361 180 613 132 266 564 380 578 190 556 311 677 423 185 498 112 373 510 226 448 0 495 238 128 606 429 646 510 548 328 585 
645 665 533 194 687 119 306 627 622 261 151 385 583 151 432 136 676 382 194 523 228 361 222 674 317 678 598 254 120 495 0 237 621 306 327 591 145 152 258 518 
341 476 270 374 497 692 276 606 268 463 168 480 405 234 515 430 556 616 160 544 142 130 634 166 149 450 486 214 150 238 237 0 506 642 326 178 648 639 174 241 
404 469 504 261 667 351 410 634 186 175 248 429 385 273 455 211 150 460 519 163 254 382 215 110 174 197 252 592 455 128 621 506 0 609 451 433 211 424 366 620 
178 385 380 571 301 275 699 438 597 560 649 335 457 636 431 365 472 118 392 444 500 482 691 543 181 544 459 243 318 606 306 642 609 0 313 494 513 233 298 654 
200 672 230 319 475 467 365 422 414 132 253 367 624 166 280 433 581 175 624 157 377 366 644 473 462 658 314 228 664 429 327 326 451 313 0 695 653 194 186 398 
101 628 300 467 481 100 135 222 315 618 480 537 404 611 454 278 529 312 141 119 483 293 463 126 213 238 660 695 659 646 591 178 433 494 695 0 599 327 220 402 
582 578 453 689 321 617 675 124 585 232 603 318 544 158 154 292 513 614 242 437 303 158 393 439 612 273 235 287 561 510 145 648 211 513 653 599 0 595 504 399 
300 143 261 622 390 611 169 175 298 320 696 248 521 658 484 260 187 575 496 670 172 370 276 456 432 464 225 489 103 548 152 639 424 233 194 327 595 0 284 583 
614 535 618 335 254 323 490 421 306 261 691 578 510 176 339 432 433 594 407 101 647 193 183 499 672 541 128 653 420 328 258 174 366 298 186 220 504 284 0 605 
427 594 554 528 112 620 154 310 296 545 416 132 651 148 115 371 313 243 368 490 140 531 182 694 135 449 283 182 249 585 518 241 620 654 398 402 399 583 605 0 

0 20 86 94 31 59 54 86 29 45 68 84 77 50 94 78 66 62 65 71 22 92 54 56 91 52 42 43 84 41 48 66 32 80 77 94 35 82 39 36 
20 0 72 26 35 90 30 26 73 23 22 72 39 40 79 78 47 38 62 63 93 69 85 69 66 64 30 88 30 72 29 49 45 91 39 20 41 81 27 52 
86 72 0 31 90 28 88 97 28 32 75 95 96 56 98 83 51 75 62 80 51 65 81 62 79 58 85 37 25 25 24 90 24 88 60 99 37 73 35 43 
94 26 31 0 95 54 63 99 82 85 39 70 98 52 22 38 62 37 30 32 64 94 34 49 97 87 40 44 48 73 69 81 75 40 99 35 22 44 94 38 
31 35 90 95 0 64 90 60 98 54 90 58 65 39 52 91 41 62 44 35 39 38 23 66 33 56 57 77 21 63 29 22 43 85 48 43 75 86 66 68 
59 90 28 54 64 0 53 42 26 38 68 49 45 37 85 70 26 30 98 30 45 58 21 98 54 94 59 79 69 71 95 31 61 92 40 73 42 28 73 51 
54 30 88 63 90 53 0 96 77 50 95 97 78 56 76 51 37 70 51 52 50 86 34 90 85 72 78 20 35 85 81 70 51 32 91 77 54 82 52 96 
86 26 97 99 60 42 96 0 85 57 55 30 53 29 51 50 53 47 91 48 40 46 85 27 46 22 96 36 53 87 46 57 20 40 57 87 80 94 50 62 
29 73 28 82 98 26 77 85 0 80 85 92 24 27 33 39 37 26 49 49 94 79 81 87 35 20 75 49 43 97 49 75 72 21 50 87 53 85 87 72 
45 23 32 85 54 38 50 57 80 0 77 91 80 50 74 62 95 21 94 55 81 80 49 28 92 83 79 69 26 76 93 59 73 59 64 32 60 97 83 58 
68 22 75 39 90 68 95 55 85 77 0 41 59 43 82 47 29 56 81 36 97 98 57 25 38 37 65 35 77 75 99 79 63 37 87 41 51 30 43 40 
84 72 95 70 58 49 97 30 92 91 41 0 68 35 50 65 54 34 64 23 25 95 56 52 62 77 44 95 54 23 84 42 58 99 83 46 85 79 58 61 
77 39 96 98 65 45 78 53 24 80 59 68 0 30 36 55 68 58 51 73 67 94 80 42 75 42 58 23 35 88 35 52 78 36 27 48 20 54 35 48 
50 40 56 52 39 37 56 29 27 50 43 35 30 0 51 58 72 32 27 57 47 27 83 72 23 27 75 94 55 84 87 84 85 51 84 21 96 53 66 92 
94 79 98 22 52 85 76 51 33 74 82 50 36 51 0 27 90 54 92 63 88 59 34 91 75 77 71 59 58 33 43 58 29 44 75 52 90 31 83 61 
78 78 83 38 91 70 51 50 39 62 47 65 55 58 27 0 55 84 30 96 82 71 74 77 53 68 89 35 21 97 89 29 73 87 37 99 87 67 29 72 
66 47 51 62 41 26 37 53 37 95 29 54 68 72 90 55 0 42 27 25 44 64 31 91 53 56 38 25 71 24 26 50 85 45 49 56 26 76 57 99 
62 38 75 37 62 30 70 47 26 21 56 34 58 32 54 84 42 0 49 45 94 23 45 87 67 44 22 70 44 75 81 49 27 80 90 64 39 58 40 91 
65 62 62 30 44 98 51 91 49 94 81 64 51 27 92 30 27 49 0 37 24 70 54 58 62 26 81 70 20 27 75 94 32 36 54 87 74 31 53 98 
71 63 80 32 35 30 52 48 49 55 36 23 73 57 63 96 25 45 37 0 37 64 74 24 62 55 85 59 84 65 47 22 72 20 77 74 38 37 63 31 
22 93 51 64 39 45 50 40 94 81 97 25 67 47 88 82 44 94 24 37 0 97 88 96 43 20 99 96 98 53 80 92 98 52 69 47 81 65 49 82 
92 69 65 94 38 58 86 46 79 80 98 95 94 27 59 71 64 23 70 64 97 0 45 36 85 88 88 30 92 29 94 61 80 36 93 76 91 62 80 48 
54 85 81 34 23 21 34 85 81 49 57 56 80 83 34 74 31 45 54 74 88 45 0 40 96 56 23 76 46 71 84 59 92 42 21 43 44 66 70 63 
56 69 62 49 66 98 90 27 87 28 25 52 42 72 91 77 91 87 58 24 96 36 40 0 81 71 86 49 82 50 22 64 66 29 26 81 36 50 56 45 
91 66 79 97 33 54 85 46 35 92 38 62 75 23 75 53 53 67 62 62 43 85 96 81 0 67 69 62 23 88 70 80 88 69 55 78 33 54 38 68 
52 64 58 87 56 94 72 22 20 83 37 77 42 27 77 68 56 44 26 55 20 88 56 71 67 0 84 63 31 84 32 40 82 54 23 62 68 55 21 43 
42 30 85 40 57 59 78 96 75 79 65 44 58 75 71 89 38 22 81 85 99 88 23 86 69 84 0 53 47 47 37 53 84 30 76 43 85 87 61 76 
43 88 37 44 77 79 20 36 49 69 35 95 23 94 59 35 25 70 70 59 96 30 76 49 62 63 53 0 49 88 84 76 29 96 78 21 60 28 44 89 
84 30 25 48 21 69 35 53 43 26 77 54 35 55 58 21 71 44 20 84 98 92 46 82 23 31 47 49 0 32 82 83 37 95 51 41 20 90 42 82 
41 72 25 73 63 71 85 87 97 76 75 23 88 84 33 97 24 75 27 65 53 29 71 50 88 84 47 88 32 0 52 79 68 56 58 54 35 49 85 40 
48 29 24 69 29 95 81 46 49 93 99 84 35 87 43 89 26 81 75 47 80 94 84 22 70 32 37 84 82 52 0 99 58 89 83 31 74 91 66 25 
66 49 90 81 22 31 70 57 75 59 79 42 52 84 58 29 50 49 94 22 92 61 59 64 80 40 53 76 83 79 99 0 41 44 73 93 39 52 87 96 
32 45 24 75 43 61 51 20 72 73 63 58 78 85 29 73 85 27 32 72 98 80 92 66 88 82 84 29 37 68 58 41 0 25 44 36 66 29 71 58 
80 91 88 40 85 92 32 40 21 59 37 99 36 51 44 87 45 80 36 20 52 36 42 29 69 54 30 96 95 56 89 44 25 0 61 47 30 87 89 21 
77 39 60 99 48 40 91 57 50 64 87 83 27 84 75 37 49 90 54 77 69 93 21 26 55 23 76 78 51 58 83 73 44 61 0 39 56 94 61 57 
94 20 99 35 43 73 77 87 87 32 41 46 48 21 52 99 56 64 87 74 47 76 43 81 78 62 43 21 41 54 31 93 36 47 39 0 50 93 70 23 
35 41 37 22 75 42 54 80 53 60 51 85 20 96 90 87 26 39 74 38 81 91 44 36 33 68 85 60 20 35 74 39 66 30 56 50 0 42 44 43 
82 81 73 44 86 28 82 94 85 97 30 79 54 53 31 67 76 58 31 37 65 62 66 50 54 55 87 28 90 49 91 52 29 87 94 93 42 0 70 45 
39 27 35 94 66 73 52 50 87 83 43 58 35 66 83 29 57 40 53 63 49 80 70 56 38 21 61 44 42 85 66 87 71 89 61 70 44 70 0 36 
36 52 43 38 68 51 96 62 72 58 40 61 48 92 61 72 99 91 98 31 82 48 63 45 68 43 76 89 82 40 25 96 58 21 57 23 43 45 36 0 

436.0 415.0 1 13
508.0 195.0 1 29
490.0 352.0 1 24
581.0 366.0 1 38
545.0 389.0 1 35
436.0 165.0 1 20
445.0 276.0 1 19
636.0 113.0 1 30
382.0 418.0 2 21
545.0 554.0 2 28
490.0 124.0 2 4
727.0 184.0 2 37
727.0 554.0 2 28
545.0 388.0 2 23
445.0 369.0 2 28
581.0 459.0 2 23
509.0 117.0 2 29
508.0 448.0 3 22
445.0 382.0 3 11
436.0 611.0 3 16
654.0 384.0 3 20
490.0 214.0 3 32
636.0 382.0 3 23
636.0 408.0 3 20
572.0 105.0 3 29
581.0 142.0 3 30
572.0 165.0 3 30
436.0 155.0 3 37
581.0 582.0 3 31
545.0 228.0 4 34
436.0 204.0 4 34
436.0 220.0 4 36
545.0 655.0 4 5
382.0 415.0 4 31
636.0 171.0 4 28
636.0 564.0 4 1
581.0 125.0 4 37
654.0 620.0 4 1
727.0 540.0 5 3
581.0 435.0 5 39
382.0 405.0 5 37
445.0 330.0 5 21
490.0 124.0 6 17
382.0 270.0 6 27
327.0 171.0 6 25
382.0 148.0 6 24
654.0 349.0 6 40
572.0 126.0 7 28
436.0 124.0 7 34
327.0 285.0 7 10
545.0 155.0 7 1
436.0 343.0 7 39
382.0 336.0 7 33
581.0 524.0 7 38
436.0 396.0 7 32
545.0 210.0 7 37
545.0 234.0 7 20
581.0 510.0 7 30
509.0 573.0 8 19
508.0 495.0 8 36
382.0 307.0 8 10
445.0 188.0 9 17
490.0 170.0 9 31
327.0 210.0 9 16
508.0 470.0 9 40
382.0 200.0 9 1
327.0 586.0 9 38
581.0 102.0 9 26
382.0 330.0 9 35
508.0 357.0 10 4
509.0 205.0 10 23
545.0 586.0 10 31
445.0 319.0 10 30
508.0 572.0 10 26
654.0 620.0 10 19
581.0 243.0 10 1
490.0 480.0 10 27
654.0 240.0 10 16
382.0 273.0 11 23
654.0 196.0 11 12
436.0 125.0 11 1
509.0 257.0 11 37
727.0 462.0 11 29
436.0 292.0 11 22
654.0 159.0 11 36
727.0 529.0 11 22
654.0 461.0 11 19
445.0 392.0 11 29
327.0 482.0 12 4
508.0 135.0 12 21
382.0 307.0 12 19
445.0 683.0 12 34
509.0 634.0 12 26
636.0 220.0 12 33
509.0 120.0 12 21
636.0 147.0 12 22
436.0 340.0 12 25
545.0 249.0 12 19
636.0 244.0 13 36
636.0 356.0 13 38
727.0 201.0 13 40
572.0 300.0 13 1
382.0 151.0 13 28
727.0 495.0 13 25
545.0 214.0 13 16
436.0 489.0 13 3
545.0 280.0 13 16
572.0 201.0 13 26
509.0 198.0 13 19
727.0 361.0 13 21
636.0 574.0 14 31
545.0 110.0 14 25
509.0 363.0 14 29
445.0 117.0 14 25
572.0 170.0 14 26
636.0 153.0 14 19
436.0 260.0 14 34
490.0 186.0 14 9
490.0 484.0 14 33
636.0 472.0 14 27
382.0 580.0 15 21
445.0 156.0 15 33
509.0 621.0 15 17
445.0 422.0 15 21
545.0 128.0 15 30
327.0 362.0 15 27
327.0 444.0 15 23
436.0 270.0 15 20
490.0 369.0 15 26
545.0 224.0 15 23
509.0 472.0 15 35
581.0 378.0 15 31
382.0 198.0 16 7
581.0 200.0 16 39
327.0 662.0 16 20
382.0 162.0 16 24
572.0 347.0 16 27
490.0 496.0 17 14
654.0 121.0 17 19
572.0 276.0 17 29
436.0 174.0 17 19
509.0 273.0 17 39
654.0 323.0 17 35
508.0 367.0 17 16
382.0 233.0 17 19
581.0 352.0 17 26
581.0 281.0 18 25
445.0 262.0 18 2
572.0 338.0 18 32
581.0 205.0 18 32
445.0 294.0 19 9
490.0 279.0 19 40
445.0 548.0 19 36
636.0 162.0 19 35
654.0 273.0 19 28
327.0 676.0 19 35
445.0 437.0 19 27
508.0 153.0 19 22
572.0 102.0 19 29
327.0 148.0 19 26
572.0 399.0 20 23
572.0 359.0 20 39
508.0 255.0 20 38
436.0 239.0 20 31
509.0 145.0 20 32
636.0 333.0 20 23
636.0 327.0 20 7
727.0 415.0 20 39
382.0 222.0 20 33
509.0 302.0 20 33
490.0 132.0 20 34
545.0 283.0 20 23
490.0 510.0 21 10
545.0 216.0 21 39
545.0 99.0 21 1
445.0 617.0 21 29
382.0 418.0 21 16
727.0 607.0 21 32
445.0 118.0 21 1
327.0 310.0 21 35
327.0 256.0 21 20
382.0 130.0 22 30
382.0 269.0 22 2
327.0 402.0 22 21
490.0 422.0 22 20
545.0 283.0 22 28
436.0 422.0 22 27
508.0 268.0 22 38
509.0 432.0 23 13
727.0 153.0 23 34
490.0 331.0 23 22
654.0 448.0 23 32
508.0 117.0 23 27
327.0 486.0 23 31
382.0 510.0 23 24
636.0 167.0 23 36
445.0 396.0 23 21
581.0 277.0 23 38
490.0 108.0 24 20
727.0 499.0 24 6
327.0 382.0 24 37
445.0 307.0 24 32
490.0 391.0 24 23
436.0 300.0 24 16
636.0 175.0 24 40
509.0 437.0 24 36
327.0 510.0 25 7
545.0 353.0 25 19
572.0 378.0 25 26
581.0 259.0 25 38
545.0 138.0 25 1
508.0 427.0 25 38
654.0 387.0 26 37
581.0 132.0 26 21
508.0 117.0 26 19
490.0 167.0 26 40
545.0 158.0 26 35
508.0 108.0 26 21
382.0 364.0 27 19
572.0 222.0 27 31
727.0 370.0 27 11
436.0 310.0 27 30
545.0 415.0 27 21
654.0 594.0 27 21
445.0 265.0 27 34
382.0 264.0 27 35
508.0 204.0 27 36
654.0 233.0 28 3
382.0 147.0 28 36
727.0 144.0 28 33
382.0 193.0 28 38
445.0 323.0 28 24
382.0 294.0 28 34
490.0 420.0 28 19
654.0 393.0 28 21
545.0 270.0 29 36
490.0 414.0 29 22
727.0 282.0 29 36
490.0 283.0 29 9
490.0 330.0 29 22
382.0 261.0 29 25
382.0 134.0 29 30
727.0 102.0 29 19
509.0 561.0 30 7
509.0 378.0 30 26
327.0 121.0 30 22
436.0 472.0 30 22
727.0 494.0 30 37
382.0 327.0 30 26
727.0 145.0 30 19
445.0 134.0 30 29
382.0 472.0 30 19
436.0 234.0 30 31
636.0 459.0 30 28
327.0 484.0 30 39
490.0 156.0 31 17
382.0 423.0 31 35
436.0 165.0 31 40
545.0 165.0 31 28
508.0 269.0 31 16
545.0 469.0 31 27
382.0 249.0 31 30
545.0 510.0 31 24
572.0 100.0 31 22
382.0 360.0 31 21
445.0 166.0 31 27
581.0 445.0 31 32
490.0 265.0 32 23
445.0 105.0 32 5
636.0 273.0 32 25
572.0 504.0 32 29
490.0 513.0 32 24
382.0 204.0 32 26
545.0 118.0 32 19
436.0 423.0 32 29
382.0 453.0 33 20
436.0 492.0 33 26
572.0 216.0 33 2
382.0 260.0 33 24
382.0 535.0 33 20
545.0 237.0 34 13
445.0 206.0 34 37
508.0 97.0 34 33
382.0 283.0 34 26
727.0 450.0 35 15
508.0 384.0 35 34
581.0 564.0 35 25
581.0 268.0 35 1
545.0 214.0 35 25
572.0 96.0 35 26
654.0 331.0 35 33
382.0 352.0 35 21
727.0 255.0 35 40
436.0 346.0 35 20
436.0 264.0 35 33
508.0 267.0 36 21
636.0 417.0 36 8
490.0 462.0 36 39
382.0 466.0 36 20
382.0 328.0 36 22
581.0 144.0 36 28
654.0 172.0 37 24
509.0 290.0 37 39
727.0 621.0 37 15
636.0 125.0 37 34
581.0 232.0 37 40
508.0 117.0 37 28
327.0 255.0 37 40
490.0 264.0 38 26
509.0 174.0 38 33
436.0 541.0 38 1
382.0 144.0 38 20
327.0 484.0 38 9
509.0 257.0 38 23
382.0 369.0 38 31
382.0 393.0 38 22
636.0 648.0 38 35
508.0 297.0 38 26
727.0 222.0 39 1
382.0 191.0 39 16
545.0 218.0 39 24
509.0 195.0 39 8
327.0 159.0 39 25
327.0 510.0 39 30
727.0 356.0 39 31
545.0 398.0 39 16
581.0 189.0 39 29
436.0 491.0 40 18
445.0 262.0 40 35
727.0 252.0 40 32
636.0 273.0 40 37
436.0 249.0 40 1

0 403 263 207 307 201 236 275 202 230 102 276 0 363 290 279 376 296 242 132 276 330 305 227 314 329 249 341 335 282 253 270 295 178 200 101 398 300 233 390 
0 403 263 207 307 201 236 275 202 230 102 276 199 363 290 279 376 296 242 132 276 330 305 227 314 329 249 341 0 282 253 270 295 178 200 101 398 300 233 390 
0 403 263 207 307 201 236 275 202 230 102 276 199 363 290 279 376 296 242 132 276 330 305 0 314 329 249 341 335 282 253 270 295 178 200 101 398 300 233 390 
0 403 263 207 307 201 236 275 202 230 102 276 199 363 290 279 376 296 242 132 276 330 305 227 314 329 249 341 335 282 253 270 295 178 200 101 398 0 233 390 
0 403 263 207 307 201 236 275 202 230 102 276 199 363 290 279 376 296 242 132 276 330 305 227 314 329 249 341 335 282 253 270 295 178 0 101 398 300 233 390 
0 403 263 207 307 201 236 275 0 230 102 276 199 363 290 279 376 296 242 132 276 330 305 227 314 329 249 341 335 282 253 270 295 178 200 101 398 300 233 390 
0 403 263 207 307 201 236 275 202 230 102 276 199 363 290 279 376 296 0 132 276 330 305 227 314 329 249 341 335 282 253 270 295 178 200 101 398 300 233 390 
0 403 263 207 307 201 236 275 0 230 102 276 199 363 290 279 376 296 242 132 276 330 305 227 314 329 249 341 335 282 253 270 295 178 200 101 398 300 233 390 
403 0 232 583 641 381 639 585 290 407 472 300 638 683 359 197 697 598 325 302 0 279 181 174 321 172 483 158 409 381 665 476 469 385 672 628 578 143 535 594 
403 0 232 583 641 381 639 585 290 407 472 300 638 683 359 197 697 598 325 302 374 279 181 174 321 172 483 0 409 381 665 476 469 385 672 628 578 143 535 594 
403 0 232 0 641 381 639 585 290 407 472 300 638 683 359 197 697 598 325 302 374 279 181 174 321 172 483 158 409 381 665 476 469 385 672 628 578 143 535 594 
403 0 232 583 641 381 639 585 290 407 472 300 638 683 359 197 697 598 325 302 374 279 181 174 321 172 483 158 409 381 665 476 469 385 672 628 0 143 535 594 
403 0 232 583 641 381 639 585 290 407 472 300 638 683 359 197 697 598 325 302 374 279 181 174 321 172 483 0 409 381 665 476 469 385 672 628 578 143 535 594 
403 0 232 583 641 381 639 585 290 407 472 0 638 683 359 197 697 598 325 302 374 279 181 174 321 172 483 158 409 381 665 476 469 385 672 628 578 143 535 594 
403 0 232 583 641 381 639 585 290 407 472 300 638 683 359 197 697 598 325 302 374 279 181 174 321 172 483 0 409 381 665 476 469 385 672 628 578 143 535 594 
403 0 232 583 641 381 639 585 290 407 472 300 638 683 359 197 697 598 325 302 374 279 0 174 321 172 483 158 409 381 665 476 469 385 672 628 578 143 535 594 
403 0 232 0 641 381 639 585 290 407 472 300 638 683 359 197 697 598 325 302 374 279 181 174 321 172 483 158 409 381 665 476 469 385 672 628 578 143 535 594 
375 232 0 534 189 675 261 196 636 491 221 244 349 503 205 278 684 109 236 131 442 0 277 385 162 652 302 665 697 601 533 270 504 380 230 300 453 261 618 554 
375 232 0 534 189 675 261 196 636 491 0 244 349 503 205 278 684 109 236 131 442 271 277 385 162 652 302 665 697 601 533 270 504 380 230 300 453 261 618 554 
375 232 0 534 189 675 261 0 636 491 221 244 349 503 205 278 684 109 236 131 442 271 277 385 162 652 302 665 697 601 533 270 504 380 230 300 453 261 618 554 
375 232 0 534 189 675 261 196 636 491 221 244 349 503 205 278 684 109 236 0 442 271 277 385 162 652 302 665 697 601 533 270 504 380 230 300 453 261 618 554 
375 232 0 534 189 675 261 196 636 491 221 244 349 503 205 278 0 109 236 131 442 271 277 385 162 652 302 665 697 601 533 270 504 380 230 300 453 261 618 554 
375 232 0 534 189 675 261 196 636 491 221 244 349 503 0 278 684 109 236 131 442 271 277 385 162 652 302 665 697 601 533 270 504 380 230 300 453 261 618 554 
375 232 0 534 189 675 261 196 636 491 221 244 349 503 205 278 684 109 236 0 442 271 277 385 162 652 302 665 697 601 533 270 504 380 230 300 453 261 618 554 
375 232 0 534 189 675 261 196 636 491 221 244 349 503 205 278 684 109 236 131 442 271 277 385 162 652 302 665 0 601 533 270 504 380 230 300 453 261 618 554 
375 232 0 534 189 675 261 196 636 491 221 244 349 503 205 278 684 109 236 131 442 271 277 385 162 652 302 665 697 0 533 270 504 380 230 300 453 261 618 554 
375 232 0 534 189 675 261 196 636 491 221 244 349 503 205 278 684 109 236 131 442 271 277 385 162 652 302 665 697 0 533 270 504 380 230 300 453 261 618 554 
375 232 0 534 189 675 261 196 636 491 221 244 349 503 205 278 684 109 236 131 442 271 277 385 162 652 302 665 697 601 533 270 504 380 230 300 0 261 618 554 
375 232 0 534 189 675 261 0 636 491 221 244 349 503 205 278 684 109 236 131 442 271 277 385 162 652 302 665 697 601 533 270 504 380 230 300 453 261 618 554 
207 583 534 0 189 682 242 245 335 301 697 123 354 620 447 681 214 580 618 585 224 163 398 412 167 209 405 432 643 370 194 374 261 0 319 467 689 622 335 528 
207 583 534 0 189 682 242 245 335 301 697 123 354 620 447 681 214 580 618 585 224 163 398 412 167 209 405 432 643 370 194 374 261 0 319 467 689 622 335 528 
207 583 534 0 189 682 242 245 335 301 697 123 354 620 447 681 214 580 618 585 224 163 398 412 167 209 405 432 643 370 194 374 261 571 319 0 689 622 335 528 
207 583 534 0 0 682 242 245 335 301 697 123 354 620 447 681 214 580 618 585 224 163 398 412 167 209 405 432 643 370 194 374 261 571 319 467 689 622 335 528 
207 583 534 0 189 682 0 245 335 301 697 123 354 620 447 681 214 580 618 585 224 163 398 412 167 209 405 432 643 370 194 374 261 571 319 467 689 622 335 528 
207 583 534 0 189 682 242 245 335 301 697 123 354 620 447 681 214 580 618 585 224 163 398 412 167 209 405 0 643 370 194 374 261 571 319 467 689 622 335 528 
0 583 534 0 189 682 242 245 335 301 697 123 354 620 447 681 214 580 618 585 224 163 398 412 167 209 405 432 643 370 194 374 261 571 319 467 689 622 335 528 
207 583 534 0 189 682 242 245 335 301 697 123 354 620 447 681 214 580 618 585 224 163 398 412 167 209 405 432 643 370 194 374 261 571 319 467 0 622 335 528 
0 583 534 0 189 682 242 245 335 301 697 123 354 620 447 681 214 580 618 585 224 163 398 412 167 209 405 432 643 370 194 374 261 571 319 467 689 622 335 528 
662 641 0 189 0 169 235 294 288 531 205 564 285 411 495 384 520 331 465 497 659 646 683 208 420 620 572 329 657 247 687 497 667 301 475 481 321 390 254 112 
662 641 189 189 0 169 235 294 288 531 205 564 285 411 495 384 520 331 465 497 659 646 683 208 420 620 572 329 657 247 687 497 667 301 475 481 321 390 0 112 
662 641 189 189 0 169 235 294 288 531 205 564 285 411 495 384 520 331 465 497 659 646 683 208 420 620 572 329 657 247 687 497 667 301 475 481 0 390 254 112 
662 641 189 189 0 169 235 294 288 531 205 0 285 411 495 384 520 331 465 497 659 646 683 208 420 620 572 329 657 247 687 497 667 301 475 481 321 390 254 112 
611 381 675 682 169 0 689 557 517 535 388 428 523 613 359 320 0 619 106 507 515 434 447 160 559 128 505 225 199 362 119 692 351 275 467 100 617 611 323 620 
611 381 675 682 169 0 689 557 517 535 388 428 0 613 359 320 659 619 106 507 515 434 447 160 559 128 505 225 199 362 119 692 351 275 467 100 617 611 323 620 
611 381 675 682 169 0 689 557 517 0 388 428 523 613 359 320 659 619 106 507 515 434 447 160 559 128 505 225 199 362 119 692 351 275 467 100 617 611 323 620 
611 381 675 682 169 0 689 557 0 535 388 428 523 613 359 320 659 619 106 507 515 434 447 160 559 128 505 225 199 362 119 692 351 275 467 100 617 611 323 620 
611 381 675 682 169 0 0 557 517 535 388 428 523 613 359 320 659 619 106 507 515 434 447 160 559 128 505 225 199 362 119 692 351 275 467 100 617 611 323 620 
502 639 261 242 235 689 0 128 315 603 374 363 380 564 210 517 567 229 538 501 559 333 578 351 227 338 253 0 415 106 306 276 410 699 365 135 675 169 490 154 
502 639 261 242 235 689 0 128 315 603 374 363 380 564 210 517 567 229 538 501 559 333 578 351 227 338 253 454 415 106 306 276 410 0 365 135 675 169 490 154 
502 639 261 242 235 689 0 128 315 0 374 363 380 564 210 517 567 229 538 501 559 333 578 351 227 338 253 454 415 106 306 276 410 699 365 135 675 169 490 154 
502 639 261 242 235 689 0 128 315 603 374 363 380 564 210 517 0 229 538 501 559 333 578 351 227 338 253 454 415 106 306 276 410 699 365 135 675 169 490 154 
502 639 261 242 235 689 0 128 315 603 374 363 380 564 210 517 567 229 538 501 559 333 578 351 227 338 253 454 415 106 306 276 410 699 365 135 675 169 0 154 
502 639 261 242 235 689 0 128 315 603 374 363 380 564 210 517 567 229 538 501 559 333 578 351 227 338 253 454 415 106 306 276 0 699 365 135 675 169 490 154 
502 639 261 242 235 689 0 128 315 603 374 363 380 564 0 517 567 229 538 501 559 333 578 351 227 338 253 454 415 106 306 276 410 699 365 135 675 169 490 154 
502 639 261 0 235 689 0 128 315 603 374 363 380 564 210 517 567 229 538 501 559 333 578 351 227 338 253 454 415 106 306 276 410 699 365 135 675 169 490 154 
502 639 261 242 235 689 0 128 315 603 374 363 380 564 210 517 567 229 538 501 559 333 578 351 227 338 253 454 415 106 306 276 410 699 365 135 0 169 490 154 
502 639 261 242 235 689 0 128 315 603 374 363 380 564 210 517 567 229 538 0 559 333 578 351 227 338 253 454 415 106 306 276 410 699 365 135 675 169 490 154 
502 639 261 242 235 689 0 128 315 603 374 363 380 564 210 517 567 229 538 501 559 333 578 351 227 338 253 454 415 0 306 276 410 699 365 135 675 169 490 154 
275 585 196 245 294 557 128 0 220 468 565 485 537 394 589 674 650 632 0 534 403 537 230 615 500 568 287 600 493 208 627 606 634 438 422 222 124 175 421 310 
275 585 196 245 294 557 128 0 220 468 565 485 537 394 589 674 650 632 319 534 403 537 230 615 500 568 287 600 493 208 627 606 634 438 422 0 124 175 421 310 
275 585 196 245 294 557 128 0 220 0 565 485 537 394 589 674 650 632 319 534 403 537 230 615 500 568 287 600 493 208 627 606 634 438 422 222 124 175 421 310 
591 290 636 335 288 517 315 220 0 167 100 156 428 448 454 613 0 695 695 461 248 290 183 200 644 626 223 573 505 366 622 268 186 597 414 315 585 298 306 296 
591 290 636 335 288 517 315 220 0 167 100 156 428 0 454 613 479 695 695 461 248 290 183 200 644 626 223 573 505 366 622 268 186 597 414 315 585 298 306 296 
591 290 636 335 288 517 315 220 0 167 100 156 428 448 454 0 479 695 695 461 248 290 183 200 644 626 223 573 505 366 622 268 186 597 414 315 585 298 306 296 
591 290 636 335 0 517 315 220 0 167 100 156 428 448 454 613 479 695 695 461 248 290 183 200 644 626 223 573 505 366 622 268 186 597 414 315 585 298 306 296 
0 290 636 335 288 517 315 220 0 167 100 156 428 448 454 613 479 695 695 461 248 290 183 200 644 626 223 573 505 366 622 268 186 597 414 315 585 298 306 296 
591 290 636 335 288 517 315 220 0 167 100 156 428 448 454 613 479 695 695 461 248 290 183 200 644 626 223 573 505 366 622 268 186 597 414 315 585 0 306 296 
591 290 636 335 288 517 315 220 0 167 100 156 428 448 454 613 479 695 695 461 248 290 183 200 644 0 223 573 505 366 622 268 186 597 414 315 585 298 306 296 
591 290 636 335 288 517 315 220 0 167 100 156 428 448 454 613 479 695 695 461 248 290 183 200 644 626 223 573 505 366 622 268 186 597 0 315 585 298 306 296 
616 407 491 0 531 535 603 468 167 0 128 296 134 585 109 204 315 439 351 458 286 193 401 592 363 197 322 111 627 361 261 463 175 560 132 618 232 320 261 545 
616 407 491 301 531 535 603 468 167 0 128 296 134 585 109 204 315 439 351 458 286 193 0 592 363 197 322 111 627 361 261 463 175 560 132 618 232 320 261 545 
616 407 491 0 531 535 603 468 167 0 128 296 134 585 109 204 315 439 351 458 286 193 401 592 363 197 322 111 627 361 261 463 175 560 132 618 232 320 261 545 
616 407 491 301 531 535 603 468 167 0 128 296 134 585 109 204 315 439 351 458 286 193 401 592 363 197 322 111 627 0 261 463 175 560 132 618 232 320 261 545 
616 407 491 301 531 535 603 468 167 0 128 296 134 585 109 204 315 439 351 458 286 193 401 592 363 0 322 111 627 361 261 463 175 560 132 618 232 320 261 545 
616 407 491 301 531 535 603 468 167 0 128 296 134 585 109 204 315 439 0 458 286 193 401 592 363 197 322 111 627 361 261 463 175 560 132 618 232 320 261 545 
0 407 491 301 531 535 603 468 167 0 128 296 134 585 109 204 315 439 351 458 286 193 401 592 363 197 322 111 627 361 261 463 175 560 132 618 232 320 261 545 
616 407 491 301 531 535 603 468 167 0 128 296 0 585 109 204 315 439 351 458 286 193 401 592 363 197 322 111 627 361 261 463 175 560 132 618 232 320 261 545 
616 407 491 301 531 535 0 468 167 0 128 296 134 585 109 204 315 439 351 458 286 193 401 592 363 197 322 111 627 361 261 463 175 560 132 618 232 320 261 545 
102 472 221 697 205 388 374 565 100 128 0 429 407 622 234 664 670 498 291 502 174 288 0 392 391 468 321 482 304 180 151 168 248 649 253 480 603 696 691 416 
102 472 221 697 205 388 374 565 100 128 0 0 407 622 234 664 670 498 291 502 174 288 441 392 391 468 321 482 304 180 151 168 248 649 253 480 603 696 691 416 
102 0 221 697 205 388 374 565 100 128 0 429 407 622 234 664 670 498 291 502 174 288 441 392 391 468 321 482 304 180 151 168 248 649 253 480 603 696 691 416 
102 472 221 0 205 388 374 565 100 128 0 429 407 622 234 664 670 498 291 502 174 288 441 392 391 468 321 482 304 180 151 168 248 649 253 480 603 696 691 416 
102 472 221 697 205 388 374 565 100 128 0 429 407 622 234 664 670 498 291 502 174 288 441 392 391 468 321 482 0 180 151 168 248 649 253 480 603 696 691 416 
102 472 0 697 205 388 374 565 100 128 0 429 407 622 234 664 670 498 291 502 174 288 441 392 391 468 321 482 304 180 151 168 248 649 253 480 603 696 691 416 
102 472 221 697 205 388 374 565 100 128 0 429 407 622 234 664 670 498 291 502 174 288 441 392 391 468 321 482 304 180 151 168 248 649 253 0 603 696 691 416 
102 472 221 697 205 388 374 565 100 128 0 429 407 622 234 664 670 498 291 502 174 0 441 392 391 468 321 482 304 180 151 168 248 649 253 480 603 696 691 416 
102 472 221 697 205 388 374 565 100 128 0 429 407 622 234 664 670 498 0 502 174 288 441 392 391 468 321 482 304 180 151 168 248 649 253 480 603 696 691 416 
102 472 221 697 205 388 374 565 100 128 0 429 407 622 234 664 670 498 291 502 174 288 441 392 391 468 321 482 0 180 151 168 248 649 253 480 603 696 691 416 
276 300 244 0 564 428 363 485 156 296 429 0 208 612 413 253 511 594 242 437 504 169 584 490 342 227 509 211 467 613 385 480 429 335 367 537 318 248 578 132 
276 300 244 123 564 428 363 485 156 296 429 0 208 612 413 253 511 594 242 437 0 169 584 490 342 227 509 211 467 613 385 480 429 335 367 537 318 248 578 132 
276 300 244 123 564 428 363 485 156 296 429 0 208 612 413 253 511 594 0 437 504 169 584 490 342 227 509 211 467 613 385 480 429 335 367 537 318 248 578 132 
276 300 244 123 564 428 363 485 156 296 429 0 208 612 413 253 511 594 242 437 504 169 584 490 342 227 509 211 467 613 385 480 429 0 367 537 318 248 578 132 
276 300 244 123 564 428 363 485 0 296 429 0 208 612 413 253 511 594 242 437 504 169 584 490 342 227 509 211 467 613 385 480 429 335 367 537 318 248 578 132 
276 300 244 123 564 0 363 485 156 296 429 0 208 612 413 253 511 594 242 437 504 169 584 490 342 227 509 211 467 613 385 480 429 335 367 537 318 248 578 132 
276 300 244 123 564 428 363 485 156 296 429 0 208 612 413 253 511 594 242 437 0 169 584 490 342 227 509 211 467 613 385 480 429 335 367 537 318 248 578 132 
276 300 244 123 564 428 363 485 156 296 429 0 208 0 413 253 511 594 242 437 504 169 584 490 342 227 509 211 467 613 385 480 429 335 367 537 318 248 578 132 
276 300 244 123 564 428 363 485 156 296 429 0 208 612 413 253 0 594 242 437 504 169 584 490 342 227 509 211 467 613 385 480 429 335 367 537 318 248 578 132 
276 300 244 123 564 428 363 485 156 296 429 0 208 612 413 253 511 594 0 437 504 169 584 490 342 227 509 211 467 613 385 480 429 335 367 537 318 248 578 132 
199 638 349 354 285 523 380 537 428 134 407 208 0 425 481 660 330 552 636 314 317 315 353 499 184 643 644 479 443 132 583 405 385 457 624 0 544 521 510 651 
199 638 349 354 285 523 380 537 428 134 407 208 0 425 481 660 330 552 636 314 317 315 353 499 184 643 644 479 443 132 583 405 385 457 624 404 544 0 510 651 
199 638 349 354 285 523 380 537 428 134 407 208 0 425 481 660 330 552 636 314 317 315 353 499 184 643 644 479 443 132 583 405 385 457 624 404 544 521 510 0 
0 638 349 354 285 523 380 537 428 134 407 208 0 425 481 660 330 552 636 314 317 315 353 499 184 643 644 479 443 132 583 405 385 457 624 404 544 521 510 651 
199 638 349 354 285 523 380 537 428 134 407 208 0 425 481 660 330 552 636 314 317 315 353 499 184 643 644 0 443 132 583 405 385 457 624 404 544 521 510 651 
199 638 349 354 285 523 380 537 428 134 407 208 0 425 481 660 330 552 636 314 317 315 353 499 0 643 644 479 443 132 583 405 385 457 624 404 544 521 510 651 
199 638 349 354 285 523 380 537 428 134 407 208 0 425 481 0 330 552 636 314 317 315 353 499 184 643 644 479 443 132 583 405 385 457 624 404 544 521 510 651 
199 638 0 354 285 523 380 537 428 134 407 208 0 425 481 660 330 552 636 314 317 315 353 499 184 643 644 479 443 132 583 405 385 457 624 404 544 521 510 651 
199 638 349 354 285 523 380 537 428 134 407 208 0 425 481 0 330 552 636 314 317 315 353 499 184 643 644 479 443 132 583 405 385 457 624 404 544 521 510 651 
199 638 349 354 285 523 380 537 428 134 407 208 0 425 481 660 330 552 636 314 317 315 353 499 184 0 644 479 443 132 583 405 385 457 624 404 544 521 510 651 
199 638 349 354 285 523 380 537 428 134 407 208 0 425 481 660 330 552 0 314 317 315 353 499 184 643 644 479 443 132 583 405 385 457 624 404 544 521 510 651 
199 638 349 354 285 523 380 537 428 134 407 208 0 425 481 660 330 552 636 314 0 315 353 499 184 643 644 479 443 132 583 405 385 457 624 404 544 521 510 651 
392 683 503 620 411 613 564 394 448 585 622 612 425 0 644 639 357 596 696 655 428 690 194 204 479 420 114 215 422 266 0 234 273 636 166 611 158 658 176 148 
392 683 503 620 411 613 564 394 448 585 622 612 425 0 644 639 357 596 696 655 428 690 194 204 0 420 114 215 422 266 151 234 273 636 166 611 158 658 176 148 
392 683 503 620 411 613 564 394 448 585 622 612 425 0 644 639 357 596 696 655 428 690 194 204 479 420 114 215 0 266 151 234 273 636 166 611 158 658 176 148 
392 683 503 620 411 613 564 394 448 585 622 612 425 0 644 639 357 596 696 655 428 690 194 204 0 420 114 215 422 266 151 234 273 636 166 611 158 658 176 148 
392 683 503 620 411 613 564 394 448 585 622 612 425 0 644 639 357 596 696 655 428 690 194 204 479 0 114 215 422 266 151 234 273 636 166 611 158 658 176 148 
392 683 503 620 411 613 564 394 448 585 622 612 425 0 644 639 357 596 0 655 428 690 194 204 479 420 114 215 422 266 151 234 273 636 166 611 158 658 176 148 
392 683 503 620 411 613 564 394 448 585 622 612 425 0 644 639 357 596 696 655 428 690 194 204 479 420 114 215 422 266 151 234 273 0 166 611 158 658 176 148 
392 683 503 620 411 613 564 394 0 585 622 612 425 0 644 639 357 596 696 655 428 690 194 204 479 420 114 215 422 266 151 234 273 636 166 611 158 658 176 148 
392 683 503 620 411 613 564 394 448 585 622 612 425 0 644 639 357 596 696 655 428 690 194 204 479 420 114 215 422 266 151 234 0 636 166 611 158 658 176 148 
392 683 503 620 411 613 564 394 448 585 622 612 425 0 644 639 357 596 696 655 428 690 194 204 479 420 0 215 422 266 151 234 273 636 166 611 158 658 176 148 
290 359 205 447 495 359 210 589 454 109 234 413 481 644 0 569 110 662 111 167 0 507 422 318 357 231 248 636 553 564 432 515 455 431 280 454 154 484 339 115 
290 359 205 447 495 359 210 589 454 109 234 413 481 644 0 569 110 662 111 167 150 507 422 318 357 231 248 636 553 564 432 515 0 431 280 454 154 484 339 115 
290 359 205 447 495 359 210 589 454 109 234 413 481 644 0 569 0 662 111 167 150 507 422 318 357 231 248 636 553 564 432 515 455 431 280 454 154 484 339 115 
290 359 205 447 495 359 210 589 454 109 234 413 481 644 0 569 110 662 111 167 0 507 422 318 357 231 248 636 553 564 432 515 455 431 280 454 154 484 339 115 
290 359 205 447 495 359 210 589 454 109 234 413 481 644 0 569 110 662 111 167 150 507 422 318 357 231 248 636 553 0 432 515 455 431 280 454 154 484 339 115 
290 359 205 447 495 359 210 589 454 109 234 413 481 644 0 569 110 662 111 167 150 507 422 318 357 231 0 636 553 564 432 515 455 431 280 454 154 484 339 115 
290 359 205 447 495 359 210 589 454 0 234 413 481 644 0 569 110 662 111 167 150 507 422 318 357 231 248 636 553 564 432 515 455 431 280 454 154 484 339 115 
290 359 205 447 495 359 210 589 454 109 234 0 481 644 0 569 110 662 111 167 150 507 422 318 357 231 248 636 553 564 432 515 455 431 280 454 154 484 339 115 
290 359 205 447 495 359 210 589 454 109 234 413 481 644 0 569 110 662 111 167 150 507 422 318 357 0 248 636 553 564 432 515 455 431 280 454 154 484 339 115 
290 359 205 447 495 359 210 589 454 109 234 413 481 644 0 569 110 662 111 167 150 507 0 318 357 231 248 636 553 564 432 515 455 431 280 454 154 484 339 115 
290 359 205 447 495 359 210 589 454 109 234 413 481 644 0 569 110 662 111 167 150 507 422 318 357 231 248 636 553 564 432 515 455 431 0 454 154 484 339 115 
290 359 205 447 495 359 210 589 454 109 234 413 481 644 0 569 0 662 111 167 150 507 422 318 357 231 248 636 553 564 432 515 455 431 280 454 154 484 339 115 
279 197 278 681 384 320 0 674 613 204 664 253 660 639 569 0 427 158 511 333 323 386 329 140 411 102 243 683 516 380 136 430 211 365 433 278 292 260 432 371 
279 197 278 681 384 320 517 674 613 204 664 253 660 639 569 0 427 158 511 333 323 386 329 140 411 102 243 683 516 380 136 430 211 365 433 278 292 260 0 371 
279 197 278 681 384 320 517 674 613 204 664 253 660 639 569 0 427 158 511 0 323 386 329 140 411 102 243 683 516 380 136 430 211 365 433 278 292 260 432 371 
279 197 278 681 384 320 517 674 613 204 664 253 660 639 0 0 427 158 511 333 323 386 329 140 411 102 243 683 516 380 136 430 211 365 433 278 292 260 432 371 
279 197 278 681 384 320 517 674 613 204 664 253 660 639 569 0 427 158 511 333 323 386 329 140 411 102 0 683 516 380 136 430 211 365 433 278 292 260 432 371 
376 697 684 214 520 659 567 650 479 315 670 511 330 0 110 427 0 655 424 656 629 152 653 352 398 560 671 645 207 578 676 556 150 472 581 529 513 187 433 313 
376 697 684 214 520 659 567 650 479 315 670 511 330 357 110 427 0 655 0 656 629 152 653 352 398 560 671 645 207 578 676 556 150 472 581 529 513 187 433 313 
376 697 684 214 520 659 567 650 479 315 670 511 330 357 110 427 0 655 424 656 629 152 653 352 398 560 671 645 0 578 676 556 150 472 581 529 513 187 433 313 
376 697 684 214 520 659 567 650 479 315 0 511 330 357 110 427 0 655 424 656 629 152 653 352 398 560 671 645 207 578 676 556 150 472 581 529 513 187 433 313 
376 697 684 214 520 659 567 650 479 315 670 511 330 357 110 427 0 655 424 656 629 152 653 352 398 560 671 645 207 578 676 556 150 472 581 529 513 187 0 313 
376 697 684 214 520 659 567 650 479 315 670 511 330 357 110 427 0 655 424 656 629 152 653 352 398 560 671 645 207 578 676 556 150 472 0 529 513 187 433 313 
376 697 684 214 520 659 567 650 479 315 670 511 0 357 110 427 0 655 424 656 629 152 653 352 398 560 671 645 207 578 676 556 150 472 581 529 513 187 433 313 
376 697 684 214 0 659 567 650 479 315 670 511 330 357 110 427 0 655 424 656 629 152 653 352 398 560 671 645 207 578 676 556 150 472 581 529 513 187 433 313 
376 697 684 214 520 659 567 650 479 315 670 511 330 357 110 427 0 655 424 656 629 152 653 352 398 0 671 645 207 578 676 556 150 472 581 529 513 187 433 313 
