40 424 5

0 584 525 589 244 330 573 116 395 568 309 274 436 434 499 222 286 580 571 250 501 457 518 113 370 137 200 122 586 115 484 197 544 294 122 509 261 319 416 115 
584 0 285 269 314 205 204 356 257 392 187 414 504 109 168 416 361 110 166 213 438 194 158 462 355 470 327 106 580 456 324 505 468 130 132 513 102 367 209 180 
525 285 0 405 471 265 461 179 304 517 289 275 301 476 182 247 191 224 312 281 227 566 308 474 224 312 350 554 102 315 131 163 408 446 493 260 499 173 403 305 
589 269 405 0 303 597 220 381 315 348 555 573 101 429 417 220 560 571 124 565 414 359 304 184 527 362 232 373 240 252 435 272 460 486 397 194 189 401 325 169 
244 314 471 303 0 123 539 465 337 251 185 205 507 279 376 393 156 510 223 154 575 179 109 488 185 290 275 290 210 375 124 450 437 260 192 125 348 478 440 135 
330 205 265 597 123 0 486 275 548 172 326 139 557 247 472 532 302 260 256 172 221 274 251 312 230 346 518 540 351 451 123 194 160 559 395 386 244 282 314 168 
573 204 461 220 539 486 0 477 490 565 277 492 124 593 120 372 135 241 186 473 203 526 456 250 235 421 369 492 372 355 205 202 355 140 270 113 302 209 125 470 
116 356 179 381 465 275 477 0 396 123 539 163 566 478 302 335 341 324 328 269 358 291 408 480 410 557 505 114 396 533 147 282 185 273 599 317 498 128 455 185 
395 257 304 315 337 548 490 396 0 109 130 553 473 442 311 102 373 336 147 594 142 445 553 338 409 322 419 461 301 392 127 201 456 341 500 332 108 100 126 451 
568 392 517 348 251 172 565 123 109 0 446 476 313 473 519 227 545 516 575 442 268 237 207 246 353 159 224 571 412 543 578 252 330 275 488 475 259 414 152 201 
309 187 289 555 185 326 277 539 130 446 0 536 115 515 539 352 458 531 294 595 123 225 565 353 472 196 241 190 268 456 221 118 303 272 464 369 125 125 212 508 
274 414 275 573 205 139 492 163 553 476 536 0 495 419 260 458 536 270 189 463 333 119 103 146 349 443 368 496 484 593 107 537 471 428 324 343 556 383 479 349 
436 504 301 101 507 557 124 566 473 313 115 495 0 347 560 342 573 446 576 567 115 114 536 287 406 296 571 561 162 280 348 304 388 528 495 132 253 501 105 168 
434 109 476 429 279 247 593 478 442 473 515 419 347 0 505 502 243 589 445 493 105 319 349 588 323 255 399 433 577 371 169 235 565 309 542 525 334 479 348 593 
499 168 182 417 376 472 120 302 311 519 539 260 560 505 0 185 220 363 118 503 586 106 106 533 396 126 447 163 350 571 248 297 395 576 341 289 443 576 297 359 
222 416 247 220 393 532 372 335 102 227 352 458 342 502 185 0 115 599 429 155 390 310 489 119 346 550 261 397 521 249 467 328 266 339 425 400 383 361 243 517 
286 361 191 560 156 302 135 341 373 545 458 536 573 243 220 115 0 296 579 582 156 170 331 346 504 286 472 318 519 550 321 411 386 419 495 480 317 176 345 361 
580 110 224 571 510 260 241 324 336 516 531 270 446 589 363 599 296 0 412 347 114 198 406 490 198 156 147 502 106 115 309 368 430 219 153 123 513 189 460 554 
571 166 312 124 223 256 186 328 147 575 294 189 576 445 118 429 579 412 0 337 268 573 478 449 442 181 461 508 125 566 241 475 536 178 400 542 207 539 324 113 
250 213 281 565 154 172 473 269 594 442 595 463 567 493 503 155 582 347 337 0 510 333 133 454 107 248 494 464 330 144 210 497 590 408 413 597 558 486 364 528 
501 438 227 414 575 221 203 358 142 268 123 333 115 105 586 390 156 114 268 510 0 594 229 537 455 161 332 167 200 585 258 319 363 113 156 261 133 354 247 138 
457 194 566 359 179 274 526 291 445 237 225 119 114 319 106 310 170 198 573 333 594 0 594 100 233 534 579 517 307 345 599 322 135 179 307 149 585 482 414 578 
518 158 308 304 109 251 456 408 553 207 565 103 536 349 106 489 331 406 478 133 229 594 0 479 461 102 441 331 387 109 390 257 136 596 473 337 520 146 433 301 
113 462 474 184 488 312 250 480 338 246 353 146 287 588 533 119 346 490 449 454 537 100 479 0 546 190 388 343 357 326 548 410 467 164 573 558 334 195 231 549 
370 355 224 527 185 230 235 410 409 353 472 349 406 323 396 346 504 198 442 107 455 233 461 546 0 113 443 147 131 223 542 203 170 315 443 515 315 576 433 432 
137 470 312 362 290 346 421 557 322 159 196 443 296 255 126 550 286 156 181 248 161 534 102 190 113 0 124 231 438 227 139 431 522 389 433 305 135 294 545 446 
200 327 350 232 275 518 369 505 419 224 241 368 571 399 447 261 472 147 461 494 332 579 441 388 443 124 0 494 212 300 247 555 252 424 192 175 301 405 409 239 
122 106 554 373 290 540 492 114 461 571 190 496 561 433 163 397 318 502 508 464 167 517 331 343 147 231 494 0 573 184 249 286 524 496 148 195 431 555 104 417 
586 580 102 240 210 351 372 396 301 412 268 484 162 577 350 521 519 106 125 330 200 307 387 357 131 438 212 573 0 161 333 580 263 349 465 226 580 361 157 583 
115 456 315 252 375 451 355 533 392 543 456 593 280 371 571 249 550 115 566 144 585 345 109 326 223 227 300 184 161 0 298 476 372 106 287 248 119 129 446 598 
484 324 131 435 124 123 205 147 127 578 221 107 348 169 248 467 321 309 241 210 258 599 390 548 542 139 247 249 333 298 0 244 220 319 179 507 356 573 203 412 
197 505 163 272 450 194 202 282 201 252 118 537 304 235 297 328 411 368 475 497 319 322 257 410 203 431 555 286 580 476 244 0 471 108 588 494 416 434 394 474 
544 468 408 460 437 160 355 185 456 330 303 471 388 565 395 266 386 430 536 590 363 135 136 467 170 522 252 524 263 372 220 471 0 481 561 414 419 354 356 366 
294 130 446 486 260 559 140 273 341 275 272 428 528 309 576 339 419 219 178 408 113 179 596 164 315 389 424 496 349 106 319 108 481 0 582 516 451 316 148 373 
122 132 493 397 192 395 270 599 500 488 464 324 495 542 341 425 495 153 400 413 156 307 473 573 443 433 192 148 465 287 179 588 561 582 0 317 219 311 292 428 
509 513 260 194 125 386 113 317 332 475 369 343 132 525 289 400 480 123 542 597 261 149 337 558 515 305 175 195 226 248 507 494 414 516 317 0 227 258 365 164 
261 102 499 189 348 244 302 498 108 259 125 556 253 334 443 383 317 513 207 558 133 585 520 334 315 135 301 431 580 119 356 416 419 451 219 227 0 231 168 341 
319 367 173 401 478 282 209 128 100 414 125 383 501 479 576 361 176 189 539 486 354 482 146 195 576 294 405 555 361 129 573 434 354 316 311 258 231 0 297 342 
416 209 403 325 440 314 125 455 126 152 212 479 105 348 297 243 345 460 324 364 247 414 433 231 433 545 409 104 157 446 203 394 356 148 292 365 168 297 0 260 
115 180 305 169 135 168 470 185 451 201 508 349 168 593 359 517 361 554 113 528 138 578 301 549 432 446 239 417 583 598 412 474 366 373 428 164 341 342 260 0 

0 72 90 82 47 53 65 38 37 37 44 85 83 39 63 72 66 83 35 45 54 53 31 85 89 41 98 73 32 87 54 58 40 47 84 89 55 95 35 67 
72 0 91 97 58 87 86 95 74 89 83 65 66 77 97 74 31 32 32 69 51 80 77 99 89 55 30 76 99 51 90 44 69 62 49 75 84 38 60 92 
90 91 0 37 40 74 92 74 98 92 55 42 69 78 50 55 45 49 59 57 47 87 61 76 34 56 81 46 47 71 41 68 66 49 43 63 50 60 93 30 
82 97 37 0 80 63 39 82 92 56 50 82 30 95 57 55 58 43 57 39 94 40 94 31 33 93 47 85 42 82 86 88 35 98 67 61 71 50 95 72 
47 58 40 80 0 83 83 40 81 44 55 92 40 82 67 61 42 45 89 79 82 63 92 92 49 36 83 74 81 48 86 74 83 93 89 86 60 49 66 56 
53 87 74 63 83 0 95 80 86 84 56 80 97 91 83 62 99 90 71 44 56 52 56 31 77 90 54 84 51 50 51 89 30 76 36 97 32 36 56 34 
65 86 92 39 83 95 0 84 40 43 69 70 62 70 59 64 93 87 69 75 51 97 97 52 54 70 93 35 97 85 81 88 32 82 82 31 42 52 74 78 
38 95 74 82 40 80 84 0 56 67 70 45 58 83 98 44 93 47 38 52 87 81 66 69 81 50 68 61 89 85 35 59 53 62 35 42 40 68 42 32 
37 74 98 92 81 86 40 56 0 85 82 82 79 51 89 56 92 62 47 46 78 94 78 47 68 65 72 80 32 94 86 30 60 52 36 86 73 71 60 96 
37 89 92 56 44 84 43 67 85 0 75 96 40 65 83 42 88 99 34 49 83 41 46 71 46 58 76 52 31 69 32 40 82 92 37 68 69 50 55 71 
44 83 55 50 55 56 69 70 82 75 0 88 45 90 65 58 41 70 85 66 87 93 51 89 86 33 98 36 55 84 59 85 80 88 47 72 84 31 31 72 
85 65 42 82 92 80 70 45 82 96 88 0 61 82 84 55 96 81 89 54 35 81 81 50 31 57 41 97 34 60 69 82 58 72 91 64 42 48 72 62 
83 66 69 30 40 97 62 58 79 40 45 61 0 48 34 78 74 84 75 96 80 39 34 67 69 70 84 31 74 79 53 34 57 75 90 64 67 96 62 50 
39 77 78 95 82 91 70 83 51 65 90 82 48 0 88 55 50 61 62 62 71 92 39 92 61 37 71 46 67 82 64 73 58 71 74 45 55 48 30 46 
63 97 50 57 67 83 59 98 89 83 65 84 34 88 0 75 42 84 91 44 97 53 32 81 80 93 95 31 94 89 81 85 58 98 67 76 47 99 93 71 
72 74 55 55 61 62 64 44 56 42 58 55 78 55 75 0 45 44 78 41 54 43 62 86 95 96 53 32 47 51 46 88 30 55 72 66 85 60 95 58 
66 31 45 58 42 99 93 93 92 88 41 96 74 50 42 45 0 35 76 46 67 39 35 56 62 66 40 36 71 45 66 76 71 34 88 83 84 31 69 68 
83 32 49 43 45 90 87 47 62 99 70 81 84 61 84 44 35 0 64 41 81 50 44 53 51 80 33 38 83 32 64 56 75 75 88 44 66 33 63 30 
35 32 59 57 89 71 69 38 47 34 85 89 75 62 91 78 76 64 0 71 44 63 34 87 83 78 80 38 52 46 31 30 78 81 55 31 74 57 49 75 
45 69 57 39 79 44 75 52 46 49 66 54 96 62 44 41 46 41 71 0 69 41 77 31 57 62 51 39 99 85 98 46 51 48 48 44 55 51 45 34 
54 51 47 94 82 56 51 87 78 83 87 35 80 71 97 54 67 81 44 69 0 97 33 62 42 79 41 32 65 38 63 56 32 55 48 80 37 36 46 35 
53 80 87 40 63 52 97 81 94 41 93 81 39 92 53 43 39 50 63 41 97 0 35 38 31 70 97 58 87 79 44 35 74 49 95 56 36 86 45 36 
31 77 61 94 92 56 97 66 78 46 51 81 34 39 32 62 35 44 34 77 33 35 0 76 95 53 73 52 87 66 77 66 97 30 36 91 42 50 93 69 
85 99 76 31 92 31 52 69 47 71 89 50 67 92 81 86 56 53 87 31 62 38 76 0 82 92 59 68 49 56 52 91 60 39 37 36 35 85 53 32 
89 89 34 33 49 77 54 81 68 46 86 31 69 61 80 95 62 51 83 57 42 31 95 82 0 71 51 42 69 94 92 35 45 78 93 78 34 56 73 41 
41 55 56 93 36 90 70 50 65 58 33 57 70 37 93 96 66 80 78 62 79 70 53 92 71 0 39 49 74 55 71 61 96 55 87 71 78 51 40 61 
98 30 81 47 83 54 93 68 72 76 98 41 84 71 95 53 40 33 80 51 41 97 73 59 51 39 0 81 44 69 70 31 37 73 66 35 31 62 78 50 
73 76 46 85 74 84 35 61 80 52 36 97 31 46 31 32 36 38 38 39 32 58 52 68 42 49 81 0 92 66 88 58 70 69 88 36 99 49 53 89 
32 99 47 42 81 51 97 89 32 31 55 34 74 67 94 47 71 83 52 99 65 87 87 49 69 74 44 92 0 93 46 33 98 50 44 45 90 52 87 49 
87 51 71 82 48 50 85 85 94 69 84 60 79 82 89 51 45 32 46 85 38 79 66 56 94 55 69 66 93 0 97 59 66 93 56 98 85 58 85 32 
54 90 41 86 86 51 81 35 86 32 59 69 53 64 81 46 66 64 31 98 63 44 77 52 92 71 70 88 46 97 0 30 52 37 84 59 37 94 67 48 
58 44 68 88 74 89 88 59 30 40 85 82 34 73 85 88 76 56 30 46 56 35 66 91 35 61 31 58 33 59 30 0 71 33 32 91 90 36 97 69 
40 69 66 35 83 30 32 53 60 82 80 58 57 58 58 30 71 75 78 51 32 74 97 60 45 96 37 70 98 66 52 71 0 99 68 67 43 35 45 87 
47 62 49 98 93 76 82 62 52 92 88 72 75 71 98 55 34 75 81 48 55 49 30 39 78 55 73 69 50 93 37 33 99 0 56 89 90 74 65 87 
84 49 43 67 89 36 82 35 36 37 47 91 90 74 67 72 88 88 55 48 48 95 36 37 93 87 66 88 44 56 84 32 68 56 0 39 96 71 90 93 
89 75 63 61 86 97 31 42 86 68 72 64 64 45 76 66 83 44 31 44 80 56 91 36 78 71 35 36 45 98 59 91 67 89 39 0 63 57 76 68 
55 84 50 71 60 32 42 40 73 69 84 42 67 55 47 85 84 66 74 55 37 36 42 35 34 78 31 99 90 85 37 90 43 90 96 63 0 92 58 61 
95 38 60 50 49 36 52 68 71 50 31 48 96 48 99 60 31 33 57 51 36 86 50 85 56 51 62 49 52 58 94 36 35 74 71 57 92 0 96 62 
35 60 93 95 66 56 74 42 60 55 31 72 62 30 93 95 69 63 49 45 46 45 93 53 73 40 78 53 87 85 67 97 45 65 90 76 58 96 0 44 
67 92 30 72 56 34 78 32 96 71 72 62 50 46 71 58 68 30 75 34 35 36 69 32 41 61 50 89 49 32 48 69 87 87 93 68 61 62 44 0 

360.0 565.0 1 4
539.0 442.0 1 36
411.0 178.0 1 12
420.0 153.0 1 8
480.0 237.0 1 20
539.0 405.0 1 16
462.0 264.0 1 35
513.0 221.0 1 26
548.0 241.0 1 30
684.0 221.0 1 26
411.0 211.0 1 10
616.0 246.0 1 26
548.0 277.0 1 26
479.0 415.0 1 12
513.0 134.0 2 19
479.0 484.0 2 8
539.0 214.0 2 26
684.0 427.0 2 34
308.0 206.0 2 27
548.0 448.0 2 22
513.0 370.0 2 12
420.0 558.0 3 9
359.0 358.0 3 10
360.0 156.0 3 5
359.0 252.0 3 12
479.0 211.0 3 30
599.0 476.0 3 13
479.0 359.0 3 36
462.0 264.0 3 16
360.0 478.0 3 24
420.0 579.0 3 28
548.0 252.0 3 26
480.0 365.0 4 17
480.0 370.0 4 14
308.0 167.0 4 24
548.0 467.0 4 30
359.0 393.0 4 1
411.0 319.0 4 37
479.0 442.0 4 35
308.0 357.0 4 28
599.0 336.0 4 35
479.0 381.0 4 35
411.0 282.0 5 1
684.0 442.0 5 15
308.0 634.0 5 12
479.0 282.0 5 1
462.0 369.0 5 1
599.0 490.0 5 32
480.0 387.0 5 36
462.0 323.0 5 28
513.0 415.0 5 22
359.0 534.0 5 18
513.0 467.0 5 14
539.0 361.0 5 36
411.0 455.0 5 28
616.0 256.0 5 18
599.0 607.0 5 24
548.0 250.0 6 20
513.0 171.0 6 33
359.0 214.0 6 16
308.0 211.0 6 37
462.0 653.0 6 1
462.0 414.0 7 19
420.0 541.0 7 14
411.0 294.0 7 26
513.0 167.0 7 10
513.0 579.0 7 8
548.0 356.0 7 24
308.0 334.0 7 13
539.0 304.0 7 10
599.0 427.0 7 16
539.0 288.0 7 16
420.0 464.0 7 24
411.0 572.0 7 9
359.0 312.0 7 1
548.0 292.0 7 20
420.0 407.0 7 13
479.0 175.0 8 12
420.0 534.0 8 22
480.0 218.0 8 20
479.0 310.0 8 12
462.0 197.0 8 18
308.0 588.0 8 15
359.0 171.0 8 16
308.0 510.0 8 28
308.0 547.0 8 14
513.0 676.0 8 16
548.0 276.0 8 37
513.0 428.0 9 25
420.0 620.0 9 22
599.0 620.0 9 30
420.0 387.0 9 27
360.0 350.0 9 37
462.0 552.0 9 28
480.0 342.0 9 14
411.0 564.0 9 30
548.0 387.0 9 3
308.0 434.0 10 30
479.0 130.0 10 29
462.0 189.0 10 16
479.0 193.0 10 30
462.0 360.0 10 16
462.0 189.0 10 16
359.0 423.0 10 18
480.0 469.0 10 36
513.0 428.0 10 36
599.0 428.0 11 30
308.0 318.0 11 31
411.0 247.0 11 3
684.0 296.0 11 35
548.0 561.0 11 32
684.0 225.0 11 35
420.0 399.0 11 8
539.0 214.0 11 37
411.0 213.0 11 22
359.0 282.0 11 35
513.0 417.0 11 22
548.0 295.0 11 16
411.0 554.0 11 12
480.0 247.0 11 14
616.0 398.0 11 10
308.0 342.0 12 26
308.0 288.0 12 30
411.0 210.0 12 20
599.0 388.0 12 18
420.0 315.0 12 18
462.0 282.0 12 27
420.0 541.0 12 4
479.0 259.0 12 20
684.0 491.0 12 35
411.0 497.0 13 30
684.0 192.0 13 5
420.0 554.0 13 18
411.0 662.0 13 20
411.0 365.0 13 8
599.0 329.0 13 12
513.0 362.0 14 27
513.0 484.0 14 4
411.0 311.0 14 12
599.0 358.0 14 24
359.0 420.0 14 18
616.0 187.0 14 13
548.0 420.0 14 9
411.0 436.0 14 34
616.0 316.0 14 20
599.0 220.0 14 22
480.0 198.0 14 18
513.0 414.0 14 22
480.0 210.0 15 3
411.0 405.0 15 16
480.0 342.0 15 36
462.0 587.0 15 30
479.0 172.0 15 23
479.0 324.0 15 32
684.0 655.0 15 27
599.0 388.0 16 1
308.0 379.0 16 14
548.0 376.0 16 36
360.0 270.0 16 20
359.0 432.0 16 26
411.0 262.0 16 31
420.0 229.0 16 30
616.0 180.0 16 30
411.0 377.0 16 20
539.0 313.0 16 9
539.0 655.0 16 12
539.0 468.0 17 33
360.0 256.0 17 30
513.0 241.0 17 18
684.0 140.0 17 28
513.0 447.0 17 26
513.0 528.0 17 10
539.0 530.0 17 10
513.0 206.0 18 24
513.0 316.0 18 37
479.0 125.0 18 40
616.0 413.0 18 12
462.0 283.0 18 3
359.0 461.0 18 13
539.0 148.0 18 28
462.0 290.0 18 32
360.0 382.0 18 34
548.0 364.0 18 1
616.0 184.0 18 36
411.0 382.0 18 34
462.0 347.0 18 14
411.0 296.0 19 29
599.0 383.0 19 20
513.0 484.0 19 34
480.0 364.0 19 18
539.0 514.0 19 26
599.0 157.0 19 1
308.0 339.0 19 24
548.0 372.0 19 14
599.0 317.0 19 30
462.0 504.0 20 29
411.0 241.0 20 26
411.0 248.0 20 32
599.0 258.0 20 16
548.0 359.0 20 3
411.0 415.0 20 1
308.0 376.0 20 3
599.0 176.0 20 24
360.0 198.0 20 28
360.0 547.0 20 13
359.0 211.0 21 33
684.0 244.0 21 35
616.0 600.0 21 20
548.0 168.0 21 13
411.0 437.0 21 18
684.0 302.0 21 32
360.0 422.0 21 24
359.0 302.0 21 35
616.0 261.0 21 16
513.0 365.0 21 8
480.0 210.0 21 16
420.0 301.0 21 12
360.0 331.0 21 26
539.0 155.0 21 37
462.0 199.0 22 23
359.0 627.0 22 35
539.0 239.0 22 24
513.0 611.0 22 18
616.0 384.0 22 37
411.0 421.0 22 27
684.0 394.0 22 9
616.0 333.0 22 1
359.0 593.0 22 36
360.0 495.0 22 3
359.0 570.0 22 35
420.0 548.0 22 3
462.0 151.0 22 8
548.0 176.0 22 16
462.0 434.0 23 40
616.0 220.0 23 22
308.0 130.0 23 1
360.0 455.0 23 30
548.0 139.0 23 1
548.0 392.0 23 34
359.0 198.0 23 34
479.0 206.0 24 18
360.0 195.0 24 20
479.0 268.0 24 30
411.0 202.0 24 31
480.0 334.0 24 10
359.0 318.0 24 27
479.0 288.0 24 26
479.0 192.0 24 37
480.0 235.0 24 13
513.0 534.0 24 14
480.0 213.0 24 36
684.0 338.0 24 35
462.0 205.0 24 36
462.0 579.0 24 14
616.0 158.0 24 9
411.0 432.0 25 15
684.0 216.0 25 34
360.0 508.0 25 20
411.0 249.0 25 16
411.0 468.0 25 36
462.0 346.0 25 3
480.0 351.0 25 36
462.0 132.0 25 3
480.0 237.0 25 14
411.0 468.0 25 34
513.0 514.0 25 36
616.0 390.0 26 20
360.0 288.0 26 29
480.0 330.0 26 8
411.0 378.0 26 24
308.0 545.0 26 10
359.0 495.0 26 35
513.0 261.0 26 10
548.0 403.0 26 9
616.0 264.0 26 28
308.0 216.0 26 8
548.0 489.0 26 36
599.0 434.0 27 30
420.0 384.0 27 19
411.0 167.0 27 32
411.0 588.0 27 9
548.0 198.0 27 16
616.0 298.0 27 14
411.0 196.0 27 12
462.0 279.0 27 16
548.0 383.0 27 14
359.0 235.0 28 38
360.0 153.0 28 16
359.0 192.0 28 16
513.0 378.0 28 24
616.0 205.0 28 18
599.0 234.0 28 1
360.0 312.0 28 9
360.0 414.0 28 34
616.0 279.0 28 26
599.0 237.0 28 8
308.0 580.0 28 35
308.0 254.0 28 9
479.0 162.0 28 18
462.0 461.0 28 27
599.0 192.0 29 9
616.0 443.0 29 23
539.0 158.0 29 10
479.0 163.0 29 27
548.0 239.0 29 16
599.0 204.0 29 12
360.0 276.0 29 34
480.0 653.0 29 20
411.0 310.0 29 26
420.0 343.0 29 12
411.0 321.0 29 3
479.0 225.0 30 6
411.0 451.0 30 9
684.0 290.0 30 20
359.0 640.0 30 18
616.0 259.0 30 28
359.0 561.0 30 8
539.0 521.0 30 22
462.0 172.0 30 18
539.0 220.0 30 13
684.0 324.0 30 12
599.0 433.0 30 20
548.0 235.0 30 24
411.0 372.0 30 10
420.0 600.0 30 1
411.0 220.0 30 10
360.0 552.0 31 25
548.0 244.0 31 34
308.0 343.0 31 28
411.0 265.0 31 30
513.0 326.0 31 18
462.0 264.0 31 18
359.0 468.0 31 26
684.0 248.0 31 1
548.0 402.0 31 22
411.0 234.0 31 8
616.0 343.0 32 4
479.0 172.0 32 9
480.0 389.0 32 8
599.0 467.0 32 12
308.0 371.0 32 8
599.0 546.0 32 24
684.0 409.0 32 24
308.0 342.0 33 24
684.0 168.0 33 1
308.0 404.0 33 17
359.0 319.0 33 32
480.0 348.0 33 12
411.0 348.0 33 14
359.0 473.0 33 9
359.0 294.0 33 28
684.0 269.0 33 27
411.0 467.0 33 10
480.0 342.0 33 9
480.0 646.0 34 4
462.0 456.0 34 35
420.0 534.0 34 22
548.0 414.0 34 10
616.0 558.0 34 18
411.0 351.0 34 36
462.0 345.0 34 27
420.0 600.0 34 27
599.0 455.0 34 28
539.0 167.0 35 3
539.0 210.0 35 10
411.0 144.0 35 24
548.0 162.0 35 6
616.0 390.0 35 24
462.0 199.0 35 24
479.0 381.0 35 16
359.0 507.0 36 1
359.0 384.0 36 13
599.0 436.0 36 32
616.0 383.0 36 26
479.0 552.0 36 21
616.0 347.0 36 34
480.0 438.0 36 9
616.0 516.0 36 9
360.0 547.0 36 28
359.0 297.0 36 16
420.0 204.0 36 12
513.0 396.0 37 36
684.0 233.0 37 21
684.0 621.0 37 32
684.0 163.0 37 34
616.0 214.0 37 13
479.0 653.0 37 28
308.0 378.0 37 9
548.0 382.0 37 14
479.0 459.0 37 16
462.0 662.0 38 39
539.0 230.0 38 12
359.0 235.0 38 24
359.0 390.0 38 27
411.0 518.0 38 22
539.0 285.0 38 12
599.0 270.0 39 9
411.0 297.0 39 13
479.0 277.0 39 40
479.0 228.0 39 26
359.0 313.0 39 10
462.0 202.0 39 22
411.0 153.0 39 14
479.0 334.0 39 13
411.0 310.0 39 35
480.0 455.0 39 3
479.0 157.0 39 1
462.0 494.0 39 32
420.0 234.0 39 34
616.0 350.0 39 35
420.0 206.0 40 18
684.0 496.0 40 2
360.0 442.0 40 1
359.0 319.0 40 1
411.0 192.0 40 8
513.0 153.0 40 8
359.0 195.0 40 27
480.0 402.0 40 26
684.0 316.0 40 14
411.0 198.0 40 18
308.0 191.0 40 1
420.0 270.0 40 27
462.0 489.0 40 8
420.0 326.0 40 24

0 584 295 0 244 283 351 116 324 239 309 259 283 337 263 222 286 230 228 250 253 213 224 113 250 137 200 122 276 115 263 197 301 221 122 279 234 244 226 115 
0 584 295 284 244 283 351 116 324 239 309 259 283 337 263 222 286 230 228 250 253 213 224 113 250 137 200 122 276 115 263 197 301 221 122 279 234 244 226 0 
0 584 295 284 244 283 351 116 324 239 309 259 283 337 263 222 286 230 228 250 253 213 224 113 250 137 200 122 276 115 263 197 301 221 122 279 234 244 0 115 
0 584 295 284 244 283 351 116 324 239 309 259 283 337 263 222 286 230 228 250 253 213 224 113 250 137 200 122 0 115 263 197 301 221 122 279 234 244 226 115 
0 584 295 284 244 283 351 116 324 239 0 259 283 337 263 222 286 230 228 250 253 213 224 113 250 137 200 122 276 115 263 197 301 221 122 279 234 244 226 115 
0 584 295 284 244 283 351 116 324 239 309 259 283 337 263 222 286 230 228 250 253 213 224 113 250 137 200 122 276 115 263 197 301 221 122 279 234 0 226 115 
0 584 295 284 244 283 351 116 324 239 309 259 283 337 0 222 286 230 228 250 253 213 224 113 250 137 200 122 276 115 263 197 301 221 122 279 234 244 226 115 
0 584 295 284 244 283 351 116 324 239 309 259 283 337 263 222 286 230 228 250 253 213 224 113 250 0 200 122 276 115 263 197 301 221 122 279 234 244 226 115 
0 584 295 284 244 283 351 116 324 239 309 259 283 337 263 222 286 230 228 250 253 213 224 113 250 137 200 122 276 115 263 197 301 221 122 279 234 244 0 115 
0 584 295 284 244 283 351 116 324 239 309 259 283 337 263 222 286 230 228 250 253 213 224 113 250 0 200 122 276 115 263 197 301 221 122 279 234 244 226 115 
0 584 295 284 0 283 351 116 324 239 309 259 283 337 263 222 286 230 228 250 253 213 224 113 250 137 200 122 276 115 263 197 301 221 122 279 234 244 226 115 
0 584 295 284 244 283 351 116 324 239 309 259 283 337 263 222 286 230 228 250 253 213 224 113 250 0 200 122 276 115 263 197 301 221 122 279 234 244 226 115 
0 584 295 284 244 283 351 116 324 239 0 259 283 337 263 222 286 230 228 250 253 213 224 113 250 137 200 122 276 115 263 197 301 221 122 279 234 244 226 115 
0 584 295 284 244 283 351 116 324 239 309 0 283 337 263 222 286 230 228 250 253 213 224 113 250 137 200 122 276 115 263 197 301 221 122 279 234 244 226 115 
584 0 285 269 314 205 204 356 257 392 187 414 504 109 168 416 361 110 0 213 438 194 158 462 355 470 327 106 580 456 324 505 468 130 132 513 102 367 209 180 
584 0 285 269 314 205 204 0 257 392 187 414 504 109 168 416 361 110 166 213 438 194 158 462 355 470 327 106 580 456 324 505 468 130 132 513 102 367 209 180 
584 0 285 269 314 205 204 356 257 392 187 414 504 109 168 416 361 110 166 213 438 194 158 462 355 0 327 106 580 456 324 505 468 130 132 513 102 367 209 180 
584 0 285 269 314 205 204 356 257 392 187 414 504 109 168 416 361 110 166 213 438 194 158 462 355 470 327 106 580 456 324 505 468 0 132 513 102 367 209 180 
584 0 285 269 314 205 204 356 257 392 187 414 504 109 168 416 361 110 166 213 438 194 158 462 355 470 0 106 580 456 324 505 468 130 132 513 102 367 209 180 
584 0 285 269 314 205 204 356 257 392 0 414 504 109 168 416 361 110 166 213 438 194 158 462 355 470 327 106 580 456 324 505 468 130 132 513 102 367 209 180 
584 0 285 269 314 205 204 356 257 392 187 0 504 109 168 416 361 110 166 213 438 194 158 462 355 470 327 106 580 456 324 505 468 130 132 513 102 367 209 180 
525 285 0 405 471 265 461 179 0 517 289 275 301 476 182 247 191 224 312 281 227 566 308 474 224 312 350 554 102 315 131 163 408 446 493 260 499 173 403 305 
525 285 0 405 471 265 461 179 304 0 289 275 301 476 182 247 191 224 312 281 227 566 308 474 224 312 350 554 102 315 131 163 408 446 493 260 499 173 403 305 
525 285 0 405 0 265 461 179 304 517 289 275 301 476 182 247 191 224 312 281 227 566 308 474 224 312 350 554 102 315 131 163 408 446 493 260 499 173 403 305 
525 285 0 405 471 265 461 179 304 517 289 0 301 476 182 247 191 224 312 281 227 566 308 474 224 312 350 554 102 315 131 163 408 446 493 260 499 173 403 305 
525 285 0 405 471 265 461 179 304 517 289 275 301 476 182 247 191 224 312 281 0 566 308 474 224 312 350 554 102 315 131 163 408 446 493 260 499 173 403 305 
525 285 0 405 471 265 461 179 304 517 289 275 0 476 182 247 191 224 312 281 227 566 308 474 224 312 350 554 102 315 131 163 408 446 493 260 499 173 403 305 
525 285 0 405 471 265 461 179 304 517 289 275 301 476 182 247 191 224 312 281 227 566 308 474 224 312 350 554 102 315 131 163 408 446 493 0 499 173 403 305 
525 285 0 405 471 265 461 179 304 517 289 275 301 476 182 0 191 224 312 281 227 566 308 474 224 312 350 554 102 315 131 163 408 446 493 260 499 173 403 305 
525 285 0 405 471 265 461 179 304 517 289 275 301 476 182 247 191 224 312 281 227 566 308 0 224 312 350 554 102 315 131 163 408 446 493 260 499 173 403 305 
525 285 0 405 471 265 0 179 304 517 289 275 301 476 182 247 191 224 312 281 227 566 308 474 224 312 350 554 102 315 131 163 408 446 493 260 499 173 403 305 
525 285 0 405 471 265 461 179 304 517 289 275 301 476 182 247 191 224 312 281 227 566 308 474 224 0 350 554 102 315 131 163 408 446 493 260 499 173 403 305 
589 269 405 0 303 597 220 381 315 348 555 573 101 429 417 220 0 571 124 565 414 359 304 184 527 362 232 373 240 252 435 272 460 486 397 194 189 401 325 169 
589 269 405 0 303 597 220 381 315 348 555 573 101 0 417 220 560 571 124 565 414 359 304 184 527 362 232 373 240 252 435 272 460 486 397 194 189 401 325 169 
589 269 405 0 303 597 220 381 315 348 555 573 101 429 417 220 560 571 124 565 414 359 304 0 527 362 232 373 240 252 435 272 460 486 397 194 189 401 325 169 
589 269 405 0 303 597 220 381 315 348 555 573 101 429 417 220 560 571 124 565 414 359 304 184 527 362 232 373 240 0 435 272 460 486 397 194 189 401 325 169 
0 269 405 0 303 597 220 381 315 348 555 573 101 429 417 220 560 571 124 565 414 359 304 184 527 362 232 373 240 252 435 272 460 486 397 194 189 401 325 169 
589 269 405 0 303 597 220 381 315 348 555 573 101 429 417 220 560 571 124 565 414 359 304 184 527 362 232 373 240 252 435 272 460 486 397 194 0 401 325 169 
589 269 405 0 303 597 220 381 315 348 555 573 101 429 417 220 560 571 124 565 414 359 304 184 527 362 232 373 240 252 435 272 460 486 0 194 189 401 325 169 
589 269 405 0 303 597 220 381 315 348 555 573 101 429 417 220 560 571 124 565 414 359 304 184 527 362 232 0 240 252 435 272 460 486 397 194 189 401 325 169 
589 269 405 0 0 597 220 381 315 348 555 573 101 429 417 220 560 571 124 565 414 359 304 184 527 362 232 373 240 252 435 272 460 486 397 194 189 401 325 169 
589 269 405 0 303 597 220 381 315 348 555 573 101 429 417 220 560 571 124 565 414 359 304 184 527 362 232 373 240 252 435 272 460 486 0 194 189 401 325 169 
0 314 471 303 0 123 539 465 337 251 185 205 507 279 376 393 156 510 223 154 575 179 109 488 185 290 275 290 210 375 124 450 437 260 192 125 348 478 440 135 
244 314 471 303 0 123 539 465 337 251 185 205 507 279 0 393 156 510 223 154 575 179 109 488 185 290 275 290 210 375 124 450 437 260 192 125 348 478 440 135 
244 314 471 303 0 123 539 465 337 251 185 0 507 279 376 393 156 510 223 154 575 179 109 488 185 290 275 290 210 375 124 450 437 260 192 125 348 478 440 135 
0 314 471 303 0 123 539 465 337 251 185 205 507 279 376 393 156 510 223 154 575 179 109 488 185 290 275 290 210 375 124 450 437 260 192 125 348 478 440 135 
244 314 471 303 0 123 539 465 337 251 185 205 507 279 376 393 156 510 223 154 0 179 109 488 185 290 275 290 210 375 124 450 437 260 192 125 348 478 440 135 
244 314 471 303 0 123 539 465 337 251 185 205 507 279 376 393 156 510 223 154 575 179 109 488 185 290 275 290 210 375 0 450 437 260 192 125 348 478 440 135 
244 314 471 303 0 123 539 465 337 251 185 205 507 279 376 393 156 510 223 154 575 179 109 488 185 290 275 290 210 375 124 450 437 260 192 0 348 478 440 135 
244 314 471 303 0 123 539 465 337 251 185 205 507 279 376 393 156 510 223 154 575 179 109 488 185 290 275 290 210 375 124 450 0 260 192 125 348 478 440 135 
244 314 471 303 0 123 539 465 337 251 185 205 507 279 376 393 156 510 223 154 575 0 109 488 185 290 275 290 210 375 124 450 437 260 192 125 348 478 440 135 
244 314 471 303 0 123 539 465 337 251 185 205 507 279 376 393 156 510 223 154 575 179 109 488 185 290 275 290 0 375 124 450 437 260 192 125 348 478 440 135 
244 314 471 303 0 123 539 465 337 251 185 205 507 0 376 393 156 510 223 154 575 179 109 488 185 290 275 290 210 375 124 450 437 260 192 125 348 478 440 135 
244 314 471 303 0 123 539 465 337 251 185 205 507 279 376 393 156 510 223 154 575 179 109 488 185 290 275 290 210 375 124 450 437 260 192 0 348 478 440 135 
244 314 471 303 0 123 539 465 337 251 185 205 507 279 376 393 156 510 223 154 575 179 109 488 185 290 275 290 210 375 124 450 437 260 192 125 348 478 0 135 
244 314 471 303 0 123 539 465 337 251 185 205 507 279 376 393 156 0 223 154 575 179 109 488 185 290 275 290 210 375 124 450 437 260 192 125 348 478 440 135 
244 314 471 303 0 123 539 465 337 251 185 205 507 279 376 393 156 510 223 154 575 179 109 0 185 290 275 290 210 375 124 450 437 260 192 125 348 478 440 135 
330 205 265 597 123 0 486 275 548 172 326 139 557 247 472 532 302 260 256 0 221 274 251 312 230 346 518 540 351 451 123 194 160 559 395 386 244 282 314 168 
330 205 265 597 123 0 486 275 548 172 326 139 557 247 472 532 302 260 256 172 221 274 251 312 230 346 518 540 351 451 123 194 0 559 395 386 244 282 314 168 
330 205 265 597 123 0 486 275 548 172 326 139 557 247 472 532 302 260 256 172 221 274 251 312 230 346 518 540 0 451 123 194 160 559 395 386 244 282 314 168 
330 205 265 597 123 0 486 275 548 172 326 139 557 247 472 532 302 260 256 172 221 274 251 312 230 346 518 540 351 451 123 194 160 559 395 386 0 282 314 168 
330 205 265 597 123 0 486 275 548 172 326 139 557 247 472 532 0 260 256 172 221 274 251 312 230 346 518 540 351 451 123 194 160 559 395 386 244 282 314 168 
573 204 461 220 539 486 0 477 490 565 277 492 124 593 120 372 135 241 0 473 203 526 456 250 235 421 369 492 372 355 205 202 355 140 270 113 302 209 125 470 
573 204 461 220 539 0 0 477 490 565 277 492 124 593 120 372 135 241 186 473 203 526 456 250 235 421 369 492 372 355 205 202 355 140 270 113 302 209 125 470 
573 204 461 220 539 486 0 477 490 565 277 492 124 593 120 372 135 241 186 473 203 526 456 250 235 0 369 492 372 355 205 202 355 140 270 113 302 209 125 470 
573 204 461 220 539 486 0 477 490 0 277 492 124 593 120 372 135 241 186 473 203 526 456 250 235 421 369 492 372 355 205 202 355 140 270 113 302 209 125 470 
573 204 461 220 539 486 0 0 490 565 277 492 124 593 120 372 135 241 186 473 203 526 456 250 235 421 369 492 372 355 205 202 355 140 270 113 302 209 125 470 
573 204 461 220 539 486 0 477 490 565 277 492 124 593 120 372 135 241 186 473 203 526 456 250 0 421 369 492 372 355 205 202 355 140 270 113 302 209 125 470 
573 204 461 220 539 486 0 477 490 565 277 492 0 593 120 372 135 241 186 473 203 526 456 250 235 421 369 492 372 355 205 202 355 140 270 113 302 209 125 470 
573 204 461 220 539 486 0 477 490 565 277 492 124 593 120 372 135 241 186 473 203 526 456 250 235 421 369 492 372 355 205 202 355 140 270 113 302 209 125 0 
573 204 461 220 539 0 0 477 490 565 277 492 124 593 120 372 135 241 186 473 203 526 456 250 235 421 369 492 372 355 205 202 355 140 270 113 302 209 125 470 
573 204 461 220 539 486 0 477 490 565 277 492 124 593 120 0 135 241 186 473 203 526 456 250 235 421 369 492 372 355 205 202 355 140 270 113 302 209 125 470 
573 0 461 220 539 486 0 477 490 565 277 492 124 593 120 372 135 241 186 473 203 526 456 250 235 421 369 492 372 355 205 202 355 140 270 113 302 209 125 470 
573 204 461 220 0 486 0 477 490 565 277 492 124 593 120 372 135 241 186 473 203 526 456 250 235 421 369 492 372 355 205 202 355 140 270 113 302 209 125 470 
0 204 461 220 539 486 0 477 490 565 277 492 124 593 120 372 135 241 186 473 203 526 456 250 235 421 369 492 372 355 205 202 355 140 270 113 302 209 125 470 
573 204 461 220 539 486 0 477 490 565 277 492 124 593 120 372 135 241 186 0 203 526 456 250 235 421 369 492 372 355 205 202 355 140 270 113 302 209 125 470 
573 204 461 220 539 486 0 477 490 565 277 492 124 593 0 372 135 241 186 473 203 526 456 250 235 421 369 492 372 355 205 202 355 140 270 113 302 209 125 470 
116 356 179 381 465 275 477 0 396 123 539 0 566 478 302 335 341 324 328 269 358 291 408 480 410 557 505 114 396 533 147 282 185 273 599 317 498 128 455 185 
116 356 179 381 465 275 477 0 396 123 539 163 566 478 302 335 341 324 328 269 358 0 408 480 410 557 505 114 396 533 147 282 185 273 599 317 498 128 455 185 
116 356 179 381 465 275 477 0 396 123 539 163 566 478 302 335 341 324 328 0 358 291 408 480 410 557 505 114 396 533 147 282 185 273 599 317 498 128 455 185 
116 356 179 381 465 275 477 0 396 123 539 0 566 478 302 335 341 324 328 269 358 291 408 480 410 557 505 114 396 533 147 282 185 273 599 317 498 128 455 185 
116 356 179 381 465 275 477 0 396 123 539 163 566 478 302 335 341 0 328 269 358 291 408 480 410 557 505 114 396 533 147 282 185 273 599 317 498 128 455 185 
116 356 179 381 465 275 477 0 396 123 539 163 566 478 0 335 341 324 328 269 358 291 408 480 410 557 505 114 396 533 147 282 185 273 599 317 498 128 455 185 
116 356 179 381 465 275 477 0 396 123 539 163 566 478 302 0 341 324 328 269 358 291 408 480 410 557 505 114 396 533 147 282 185 273 599 317 498 128 455 185 
116 356 179 381 465 275 477 0 396 123 539 163 566 478 302 335 341 324 328 269 358 291 408 480 0 557 505 114 396 533 147 282 185 273 599 317 498 128 455 185 
116 356 179 381 465 275 477 0 396 123 539 163 566 0 302 335 341 324 328 269 358 291 408 480 410 557 505 114 396 533 147 282 185 273 599 317 498 128 455 185 
116 356 179 381 465 275 477 0 396 123 539 163 566 478 0 335 341 324 328 269 358 291 408 480 410 557 505 114 396 533 147 282 185 273 599 317 498 128 455 185 
116 356 179 381 465 275 477 0 396 123 539 163 566 478 302 335 341 324 328 269 358 291 408 480 410 557 505 114 396 533 147 282 185 273 599 317 0 128 455 185 
395 257 304 315 337 548 490 396 0 109 130 553 473 442 311 102 373 336 147 594 142 445 553 338 0 322 419 461 301 392 127 201 456 341 500 332 108 100 126 451 
395 257 304 315 337 548 490 396 0 109 130 553 473 442 311 102 373 336 147 594 142 0 553 338 409 322 419 461 301 392 127 201 456 341 500 332 108 100 126 451 
395 257 304 315 337 548 490 396 0 109 130 553 473 442 311 102 373 336 147 594 142 445 553 338 409 322 419 461 301 0 127 201 456 341 500 332 108 100 126 451 
395 257 304 315 337 548 490 396 0 109 130 553 473 442 311 102 373 336 147 594 142 445 553 338 409 322 419 461 301 392 0 201 456 341 500 332 108 100 126 451 
395 257 304 315 337 548 490 396 0 109 130 553 473 442 311 102 373 336 147 594 142 445 553 338 409 322 419 461 301 392 127 201 456 341 500 332 0 100 126 451 
395 257 304 315 337 548 490 396 0 109 130 553 473 442 311 102 373 336 147 594 142 445 553 338 409 322 419 0 301 392 127 201 456 341 500 332 108 100 126 451 
395 257 304 315 337 548 490 396 0 109 130 553 473 442 311 102 373 336 147 594 142 445 553 338 409 322 419 461 301 392 127 201 456 341 500 332 108 100 0 451 
395 257 304 315 337 548 490 396 0 109 130 553 473 442 311 102 373 336 147 594 142 445 553 338 409 322 419 461 301 0 127 201 456 341 500 332 108 100 126 451 
395 257 304 315 337 0 490 396 0 109 130 553 473 442 311 102 373 336 147 594 142 445 553 338 409 322 419 461 301 392 127 201 456 341 500 332 108 100 126 451 
568 392 517 348 251 172 565 123 109 0 446 476 313 473 519 227 545 516 575 442 268 237 207 246 353 159 224 571 412 0 578 252 330 275 488 475 259 414 152 201 
568 392 517 348 251 172 565 123 109 0 446 476 313 473 519 227 545 516 575 442 268 237 207 246 353 159 224 571 0 543 578 252 330 275 488 475 259 414 152 201 
568 392 517 348 251 172 565 123 109 0 446 476 313 473 519 0 545 516 575 442 268 237 207 246 353 159 224 571 412 543 578 252 330 275 488 475 259 414 152 201 
568 392 517 348 251 172 565 123 109 0 446 476 313 473 519 227 545 516 575 442 268 237 0 246 353 159 224 571 412 543 578 252 330 275 488 475 259 414 152 201 
568 392 517 348 251 172 565 123 109 0 0 476 313 473 519 227 545 516 575 442 268 237 207 246 353 159 224 571 412 543 578 252 330 275 488 475 259 414 152 201 
568 392 517 348 251 172 565 123 109 0 446 476 313 473 519 0 545 516 575 442 268 237 207 246 353 159 224 571 412 543 578 252 330 275 488 475 259 414 152 201 
568 392 517 348 251 172 565 123 109 0 446 476 313 473 519 227 545 516 575 442 0 237 207 246 353 159 224 571 412 543 578 252 330 275 488 475 259 414 152 201 
568 392 517 348 251 172 565 123 109 0 446 476 313 473 519 227 545 516 575 442 268 237 207 246 353 159 224 571 412 543 578 252 330 275 488 0 259 414 152 201 
568 392 517 348 251 172 565 123 109 0 446 476 313 473 519 227 545 516 575 442 268 237 207 246 353 159 224 571 412 543 578 252 330 275 488 0 259 414 152 201 
309 187 289 555 185 326 277 539 130 446 0 536 115 515 539 352 458 531 294 595 123 225 565 353 472 196 241 190 268 0 221 118 303 272 464 369 125 125 212 508 
309 187 289 555 185 326 277 539 130 446 0 536 115 515 539 352 458 531 294 595 123 225 565 353 472 196 241 190 268 456 0 118 303 272 464 369 125 125 212 508 
309 187 0 555 185 326 277 539 130 446 0 536 115 515 539 352 458 531 294 595 123 225 565 353 472 196 241 190 268 456 221 118 303 272 464 369 125 125 212 508 
309 187 289 555 185 326 277 539 130 446 0 536 115 515 539 352 458 531 294 595 123 225 565 353 472 196 241 190 268 456 221 118 303 272 0 369 125 125 212 508 
309 187 289 555 185 326 277 539 130 446 0 536 115 515 539 352 458 531 294 595 123 225 565 353 472 196 241 190 268 456 221 0 303 272 464 369 125 125 212 508 
309 187 289 555 185 326 277 539 130 446 0 536 115 515 539 352 458 531 294 595 123 225 565 353 472 196 241 190 268 456 221 118 303 272 0 369 125 125 212 508 
309 187 289 555 185 326 277 0 130 446 0 536 115 515 539 352 458 531 294 595 123 225 565 353 472 196 241 190 268 456 221 118 303 272 464 369 125 125 212 508 
309 187 289 555 185 326 277 539 130 446 0 536 115 515 539 352 458 531 294 595 123 225 565 353 472 196 241 190 0 456 221 118 303 272 464 369 125 125 212 508 
309 187 289 555 185 326 277 539 130 446 0 536 115 515 539 352 458 531 294 595 123 225 565 353 472 196 241 190 268 456 221 118 303 272 464 369 125 0 212 508 
309 187 289 555 185 326 277 539 130 446 0 536 115 515 539 352 458 531 294 595 123 225 565 353 472 196 241 190 268 456 221 118 303 272 0 369 125 125 212 508 
309 187 289 555 185 326 277 539 130 446 0 536 115 515 539 352 458 531 294 595 0 225 565 353 472 196 241 190 268 456 221 118 303 272 464 369 125 125 212 508 
309 187 289 555 185 326 277 539 130 446 0 536 115 515 539 0 458 531 294 595 123 225 565 353 472 196 241 190 268 456 221 118 303 272 464 369 125 125 212 508 
309 187 289 555 185 326 277 539 130 446 0 0 115 515 539 352 458 531 294 595 123 225 565 353 472 196 241 190 268 456 221 118 303 272 464 369 125 125 212 508 
309 187 289 555 185 326 277 539 130 446 0 536 115 515 539 352 458 531 294 595 123 225 565 353 472 196 241 190 268 456 0 118 303 272 464 369 125 125 212 508 
309 0 289 555 185 326 277 539 130 446 0 536 115 515 539 352 458 531 294 595 123 225 565 353 472 196 241 190 268 456 221 118 303 272 464 369 125 125 212 508 
274 414 275 573 205 139 492 163 553 476 536 0 495 419 260 458 536 270 189 463 333 119 103 146 349 0 368 496 484 593 107 537 471 428 324 343 556 383 479 349 
274 414 275 573 205 139 492 163 553 476 536 0 495 419 260 458 536 270 189 463 333 119 103 146 349 443 368 496 484 0 107 537 471 428 324 343 556 383 479 349 
274 414 275 573 205 139 492 163 553 476 536 0 495 419 260 458 536 270 189 0 333 119 103 146 349 443 368 496 484 593 107 537 471 428 324 343 556 383 479 349 
274 414 275 573 205 139 492 163 553 476 536 0 495 419 260 458 536 0 189 463 333 119 103 146 349 443 368 496 484 593 107 537 471 428 324 343 556 383 479 349 
274 414 275 573 205 139 492 163 553 476 536 0 495 419 260 458 536 0 189 463 333 119 103 146 349 443 368 496 484 593 107 537 471 428 324 343 556 383 479 349 
274 414 275 573 205 139 492 163 553 476 536 0 495 419 260 458 536 270 189 463 333 119 103 146 349 443 0 496 484 593 107 537 471 428 324 343 556 383 479 349 
274 414 275 0 205 139 492 163 553 476 536 0 495 419 260 458 536 270 189 463 333 119 103 146 349 443 368 496 484 593 107 537 471 428 324 343 556 383 479 349 
274 414 275 573 205 139 492 163 553 476 536 0 495 419 260 458 536 270 189 0 333 119 103 146 349 443 368 496 484 593 107 537 471 428 324 343 556 383 479 349 
274 414 275 573 205 139 492 163 553 476 536 0 495 419 260 458 536 270 189 463 333 119 103 146 349 443 368 496 484 593 107 537 471 428 0 343 556 383 479 349 
436 504 301 101 507 557 124 566 473 313 115 495 0 347 560 342 573 446 576 567 115 114 536 287 406 296 571 561 162 0 348 304 388 528 495 132 253 501 105 168 
436 504 301 101 0 557 124 566 473 313 115 495 0 347 560 342 573 446 576 567 115 114 536 287 406 296 571 561 162 280 348 304 388 528 495 132 253 501 105 168 
436 504 301 101 507 557 124 566 473 313 115 495 0 347 560 342 573 0 576 567 115 114 536 287 406 296 571 561 162 280 348 304 388 528 495 132 253 501 105 168 
436 504 301 101 507 557 124 566 473 313 115 495 0 347 560 342 573 446 576 0 115 114 536 287 406 296 571 561 162 280 348 304 388 528 495 132 253 501 105 168 
436 504 301 101 507 557 124 0 473 313 115 495 0 347 560 342 573 446 576 567 115 114 536 287 406 296 571 561 162 280 348 304 388 528 495 132 253 501 105 168 
436 504 301 101 507 557 124 566 473 313 115 0 0 347 560 342 573 446 576 567 115 114 536 287 406 296 571 561 162 280 348 304 388 528 495 132 253 501 105 168 
