40 327 4

0 534 615 538 231 238 118 606 449 139 585 228 300 672 279 351 692 314 284 210 463 176 114 496 455 391 128 593 611 502 212 213 108 547 149 512 227 513 604 146 
534 0 368 503 496 666 589 661 472 614 456 269 427 129 608 100 419 226 551 260 128 469 478 287 241 473 302 106 654 613 698 348 201 367 467 337 162 619 403 359 
615 368 0 682 516 674 164 527 218 663 162 686 552 150 201 486 328 208 455 417 334 264 406 142 110 434 274 417 195 422 261 317 389 474 609 472 157 133 154 132 
538 503 682 0 160 496 349 101 134 519 609 286 678 397 249 518 664 462 618 136 670 557 175 457 199 254 119 699 402 582 312 598 196 414 602 461 319 343 602 686 
231 496 516 160 0 631 215 313 651 513 241 481 214 298 387 108 298 641 401 176 508 290 399 587 568 136 355 271 144 246 625 234 255 155 696 476 588 328 665 302 
238 666 674 496 631 0 362 214 624 444 652 601 620 150 302 595 128 529 551 134 172 556 562 682 597 634 651 431 240 612 694 176 407 224 460 156 546 410 279 306 
118 589 164 349 215 362 0 655 573 621 360 620 245 401 304 624 484 260 184 249 552 571 628 193 278 338 666 154 365 286 618 664 457 496 584 102 234 166 208 240 
606 661 527 101 313 214 655 0 536 347 380 431 349 639 485 612 264 185 283 148 681 232 451 265 150 409 420 697 497 667 646 519 579 110 496 256 554 618 276 272 
449 472 218 134 651 624 573 536 0 258 676 209 227 283 315 692 495 662 273 325 110 213 629 649 186 446 669 353 457 188 632 110 688 315 410 696 164 254 433 442 
139 614 663 519 513 444 621 347 258 0 595 630 156 235 657 464 411 619 639 396 313 207 542 646 558 620 552 507 553 564 223 578 379 216 376 500 518 691 111 265 
585 456 162 609 241 652 360 380 676 595 0 485 614 670 273 477 205 696 219 529 125 551 606 683 312 365 249 254 103 368 633 313 682 271 199 366 519 625 123 448 
228 269 686 286 481 601 620 431 209 630 485 0 661 653 281 298 196 443 438 333 692 377 471 514 214 578 222 365 658 562 595 634 166 324 123 402 223 236 335 397 
300 427 552 678 214 620 245 349 227 156 614 661 0 479 496 507 667 164 337 153 382 529 152 465 599 379 147 552 313 610 390 507 203 514 382 462 294 333 210 693 
672 129 150 397 298 150 401 639 283 235 670 653 479 0 278 310 170 229 422 221 137 472 212 402 391 220 683 160 223 447 400 311 304 185 316 285 318 302 695 579 
279 608 201 249 387 302 304 485 315 657 273 281 496 278 0 608 439 334 128 652 611 115 644 687 527 659 635 633 335 598 236 228 415 391 628 485 651 650 196 628 
351 100 486 518 108 595 624 612 692 464 477 298 507 310 608 0 160 677 444 606 109 367 450 658 185 526 571 192 106 357 269 684 303 177 663 258 211 581 477 308 
692 419 328 664 298 128 484 264 495 411 205 196 667 170 439 160 0 631 284 467 199 170 675 678 484 663 353 610 394 164 334 123 368 106 161 387 392 102 342 436 
314 226 208 462 641 529 260 185 662 619 696 443 164 229 334 677 631 0 519 427 508 515 465 625 109 658 186 606 574 441 311 391 318 272 691 500 652 210 526 445 
284 551 455 618 401 551 184 283 273 639 219 438 337 422 128 444 284 519 0 241 193 463 173 652 275 282 617 644 182 356 285 472 405 659 628 626 279 507 585 475 
210 260 417 136 176 134 249 148 325 396 529 333 153 221 652 606 467 427 241 0 432 579 191 256 254 478 281 689 570 590 551 250 513 282 405 251 383 176 298 434 
463 128 334 670 508 172 552 681 110 313 125 692 382 137 611 109 199 508 193 432 0 575 150 154 673 392 650 520 625 495 242 396 285 125 358 165 108 470 153 251 
176 469 264 557 290 556 571 232 213 207 551 377 529 472 115 367 170 515 463 579 575 0 486 502 670 371 343 167 270 224 578 691 584 322 301 498 634 558 258 537 
114 478 406 175 399 562 628 451 629 542 606 471 152 212 644 450 675 465 173 191 150 486 0 332 570 437 623 668 355 697 293 179 133 630 402 239 574 685 248 250 
496 287 142 457 587 682 193 265 649 646 683 514 465 402 687 658 678 625 652 256 154 502 332 0 559 332 454 663 136 508 411 252 463 239 404 507 277 416 330 195 
455 241 110 199 568 597 278 150 186 558 312 214 599 391 527 185 484 109 275 254 673 670 570 559 0 133 683 443 180 570 547 611 168 516 410 599 108 454 131 189 
391 473 434 254 136 634 338 409 446 620 365 578 379 220 659 526 663 658 282 478 392 371 437 332 133 0 214 631 531 467 632 146 486 483 138 397 302 680 158 363 
128 302 274 119 355 651 666 420 669 552 249 222 147 683 635 571 353 186 617 281 650 343 623 454 683 214 0 607 481 437 102 357 214 111 645 471 443 216 637 477 
593 106 417 699 271 431 154 697 353 507 254 365 552 160 633 192 610 606 644 689 520 167 668 663 443 631 607 0 464 565 135 388 530 654 166 130 162 686 171 132 
611 654 195 402 144 240 365 497 457 553 103 658 313 223 335 106 394 574 182 570 625 270 355 136 180 531 481 464 0 184 661 463 230 564 223 684 354 272 660 472 
502 613 422 582 246 612 286 667 188 564 368 562 610 447 598 357 164 441 356 590 495 224 697 508 570 467 437 565 184 0 369 429 432 471 392 641 390 324 554 314 
212 698 261 312 625 694 618 646 632 223 633 595 390 400 236 269 334 311 285 551 242 578 293 411 547 632 102 135 661 369 0 214 220 275 322 222 256 396 654 620 
213 348 317 598 234 176 664 519 110 578 313 634 507 311 228 684 123 391 472 250 396 691 179 252 611 146 357 388 463 429 214 0 109 378 661 497 209 473 353 672 
108 201 389 196 255 407 457 579 688 379 682 166 203 304 415 303 368 318 405 513 285 584 133 463 168 486 214 530 230 432 220 109 0 427 271 485 358 495 635 460 
547 367 474 414 155 224 496 110 315 216 271 324 514 185 391 177 106 272 659 282 125 322 630 239 516 483 111 654 564 471 275 378 427 0 356 614 395 289 496 694 
149 467 609 602 696 460 584 496 410 376 199 123 382 316 628 663 161 691 628 405 358 301 402 404 410 138 645 166 223 392 322 661 271 356 0 517 649 250 275 165 
512 337 472 461 476 156 102 256 696 500 366 402 462 285 485 258 387 500 626 251 165 498 239 507 599 397 471 130 684 641 222 497 485 614 517 0 241 146 473 158 
227 162 157 319 588 546 234 554 164 518 519 223 294 318 651 211 392 652 279 383 108 634 574 277 108 302 443 162 354 390 256 209 358 395 649 241 0 492 334 413 
513 619 133 343 328 410 166 618 254 691 625 236 333 302 650 581 102 210 507 176 470 558 685 416 454 680 216 686 272 324 396 473 495 289 250 146 492 0 164 341 
604 403 154 602 665 279 208 276 433 111 123 335 210 695 196 477 342 526 585 298 153 258 248 330 131 158 637 171 660 554 654 353 635 496 275 473 334 164 0 697 
146 359 132 686 302 306 240 272 442 265 448 397 693 579 628 308 436 445 475 434 251 537 250 195 189 363 477 132 472 314 620 672 460 694 165 158 413 341 697 0 

0 31 55 27 68 65 76 52 29 88 55 91 93 32 90 88 47 73 82 94 42 83 79 31 32 60 73 59 45 35 85 71 82 24 85 54 72 58 54 87 
31 0 74 52 43 42 36 37 38 24 48 90 31 62 31 91 45 77 20 79 89 58 36 92 90 21 74 95 42 32 47 76 96 86 38 83 95 37 30 95 
55 74 0 52 33 56 84 45 63 24 84 20 35 65 78 26 86 73 45 25 63 68 32 82 92 36 99 21 86 21 81 63 87 31 59 46 65 61 90 72 
27 52 52 0 84 34 93 97 91 35 47 74 43 23 73 47 25 35 55 89 39 43 66 34 83 91 74 48 45 27 69 32 98 57 56 28 65 88 48 23 
68 43 33 84 0 42 86 94 36 30 75 45 63 87 61 65 67 20 57 94 43 97 35 34 52 97 79 72 95 97 49 90 61 99 38 34 50 99 29 85 
65 42 56 34 42 0 76 82 40 28 29 44 52 65 84 40 96 26 35 60 75 21 25 58 22 25 22 26 72 52 47 93 48 94 24 84 37 25 86 91 
76 36 84 93 86 76 0 58 52 39 70 53 74 32 70 30 52 62 71 69 56 33 33 76 75 82 58 68 66 86 44 43 49 42 48 66 71 70 78 69 
52 37 45 97 94 82 58 0 22 62 72 20 98 27 58 47 70 97 88 94 37 89 53 69 91 47 34 31 57 22 35 34 55 95 58 80 49 40 71 70 
29 38 63 91 36 40 52 22 0 81 25 61 76 77 89 49 21 20 64 81 89 82 30 55 94 37 24 65 54 68 51 63 33 75 56 48 66 93 32 48 
88 24 24 35 30 28 39 62 81 0 24 31 65 74 59 53 39 54 22 27 78 80 28 26 34 37 42 53 34 26 92 39 81 83 92 42 52 36 78 62 
55 48 84 47 75 29 70 72 25 24 0 50 32 39 93 29 75 35 71 39 78 21 47 23 63 73 89 83 66 94 38 72 49 63 70 60 59 32 72 45 
91 90 20 74 45 44 53 20 61 31 50 0 52 38 65 82 64 39 46 87 37 65 56 46 68 22 60 88 35 29 51 36 83 84 77 46 81 81 93 33 
93 31 35 43 63 52 74 98 76 65 32 52 0 20 40 33 23 90 71 80 60 38 61 56 43 66 81 59 64 29 86 45 77 41 76 21 72 99 82 53 
32 62 65 23 87 65 32 27 77 74 39 38 20 0 97 88 71 80 50 81 89 40 63 59 76 72 44 77 60 36 30 95 78 76 90 75 72 63 33 43 
90 31 78 73 61 84 70 58 89 59 93 65 40 97 0 33 41 61 87 43 43 61 24 21 36 44 54 37 89 56 91 75 38 95 50 56 57 43 71 29 
88 91 26 47 65 40 30 47 49 53 29 82 33 88 33 0 79 22 21 24 69 81 22 34 69 38 26 60 91 69 95 47 83 75 32 66 98 39 30 70 
47 45 86 25 67 96 52 70 21 39 75 64 23 71 41 79 0 21 63 32 78 73 39 24 26 32 89 20 27 84 88 62 97 68 70 80 87 65 94 47 
73 77 73 35 20 26 62 97 20 54 35 39 90 80 61 22 21 0 40 43 44 43 27 37 72 48 90 33 33 20 89 65 86 61 57 51 40 70 28 48 
82 20 45 55 57 35 71 88 64 22 71 46 71 50 87 21 63 40 0 83 86 27 82 59 62 98 40 35 85 77 79 49 34 53 22 22 68 43 22 25 
94 79 25 89 94 60 69 94 81 27 39 87 80 81 43 24 32 43 83 0 41 45 84 99 97 22 93 21 31 55 45 93 36 75 59 96 63 65 77 49 
42 89 63 39 43 75 56 37 89 78 78 37 60 89 43 69 78 44 86 41 0 21 82 83 48 65 59 34 45 56 76 56 92 83 62 63 67 34 92 81 
83 58 68 43 97 21 33 89 82 80 21 65 38 40 61 81 73 43 27 45 21 0 37 50 56 62 83 75 71 60 57 32 46 67 92 35 35 43 91 20 
79 36 32 66 35 25 33 53 30 28 47 56 61 63 24 22 39 27 82 84 82 37 0 97 53 51 22 27 60 52 71 97 62 49 42 88 50 53 91 76 
31 92 82 34 34 58 76 69 55 26 23 46 56 59 21 34 24 37 59 99 83 50 97 0 48 64 46 33 71 26 52 63 39 78 43 20 84 39 64 91 
32 90 92 83 52 22 75 91 94 34 63 68 43 76 36 69 26 72 62 97 48 56 53 48 0 67 33 52 82 52 30 56 81 36 49 39 70 30 63 63 
60 21 36 91 97 25 82 47 37 37 73 22 66 72 44 38 32 48 98 22 65 62 51 64 67 0 70 46 49 58 30 66 22 31 63 37 94 57 96 89 
73 74 99 74 79 22 58 34 24 42 89 60 81 44 54 26 89 90 40 93 59 83 22 46 33 70 0 41 25 45 95 69 68 62 54 39 35 82 39 49 
59 95 21 48 72 26 68 31 65 53 83 88 59 77 37 60 20 33 35 21 34 75 27 33 52 46 41 0 27 42 89 89 41 50 85 74 76 34 88 91 
45 42 86 45 95 72 66 57 54 34 66 35 64 60 89 91 27 33 85 31 45 71 60 71 82 49 25 27 0 70 35 40 86 40 60 53 76 97 44 30 
35 32 21 27 97 52 86 22 68 26 94 29 29 36 56 69 84 20 77 55 56 60 52 26 52 58 45 42 70 0 67 59 50 53 89 35 89 88 26 99 
85 47 81 69 49 47 44 35 51 92 38 51 86 30 91 95 88 89 79 45 76 57 71 52 30 30 95 89 35 67 0 79 85 77 85 77 97 22 38 24 
71 76 63 32 90 93 43 34 63 39 72 36 45 95 75 47 62 65 49 93 56 32 97 63 56 66 69 89 40 59 79 0 85 60 36 37 93 50 70 44 
82 96 87 98 61 48 49 55 33 81 49 83 77 78 38 83 97 86 34 36 92 46 62 39 81 22 68 41 86 50 85 85 0 38 99 47 83 20 54 22 
24 86 31 57 99 94 42 95 75 83 63 84 41 76 95 75 68 61 53 75 83 67 49 78 36 31 62 50 40 53 77 60 38 0 92 29 34 61 57 54 
85 38 59 56 38 24 48 58 56 92 70 77 76 90 50 32 70 57 22 59 62 92 42 43 49 63 54 85 60 89 85 36 99 92 0 58 51 91 63 89 
54 83 46 28 34 84 66 80 48 42 60 46 21 75 56 66 80 51 22 96 63 35 88 20 39 37 39 74 53 35 77 37 47 29 58 0 64 97 21 65 
72 95 65 65 50 37 71 49 66 52 59 81 72 72 57 98 87 40 68 63 67 35 50 84 70 94 35 76 76 89 97 93 83 34 51 64 0 37 78 21 
58 37 61 88 99 25 70 40 93 36 32 81 99 63 43 39 65 70 43 65 34 43 53 39 30 57 82 34 97 88 22 50 20 61 91 97 37 0 69 86 
54 30 90 48 29 86 78 71 32 78 72 93 82 33 71 30 94 28 22 77 92 91 91 64 63 96 39 88 44 26 38 70 54 57 63 21 78 69 0 51 
87 95 72 23 85 91 69 70 48 62 45 33 53 43 29 70 47 48 25 49 81 20 76 91 63 89 49 91 30 99 24 44 22 54 89 65 21 86 51 0 

663.0 296.0 1 17
580.0 201.0 1 25
387.0 307.0 1 27
580.0 210.0 1 40
331.0 260.0 1 37
663.0 211.0 1 25
497.0 372.0 1 38
644.0 327.0 1 26
387.0 400.0 1 37
442.0 333.0 2 3
451.0 273.0 2 36
516.0 333.0 2 27
442.0 186.0 2 35
580.0 390.0 2 30
516.0 295.0 2 40
589.0 513.0 2 28
387.0 201.0 2 30
516.0 496.0 2 24
387.0 369.0 2 40
451.0 144.0 2 26
644.0 548.0 3 33
515.0 410.0 3 40
516.0 321.0 3 32
497.0 193.0 3 36
442.0 428.0 3 22
663.0 302.0 3 21
442.0 567.0 3 39
552.0 126.0 3 28
736.0 453.0 3 40
580.0 453.0 3 1
331.0 397.0 3 23
736.0 529.0 3 25
451.0 220.0 4 32
331.0 110.0 4 14
663.0 376.0 4 34
663.0 142.0 4 36
387.0 554.0 4 30
516.0 230.0 4 39
387.0 159.0 4 36
497.0 579.0 5 4
331.0 453.0 5 39
515.0 330.0 5 37
663.0 541.0 5 29
451.0 541.0 6 39
442.0 264.0 6 12
442.0 226.0 6 24
387.0 450.0 6 21
736.0 109.0 6 39
589.0 348.0 6 24
736.0 119.0 6 34
331.0 166.0 6 37
644.0 280.0 6 29
516.0 593.0 6 39
552.0 140.0 6 28
387.0 198.0 7 16
644.0 261.0 7 32
451.0 446.0 7 26
552.0 364.0 7 29
644.0 427.0 7 25
387.0 482.0 7 38
644.0 319.0 7 21
552.0 567.0 7 26
515.0 474.0 7 26
589.0 222.0 8 21
331.0 224.0 8 32
451.0 241.0 8 10
515.0 315.0 8 40
442.0 388.0 8 30
387.0 85.0 8 31
497.0 376.0 9 37
589.0 396.0 9 37
736.0 312.0 9 7
442.0 216.0 9 36
497.0 354.0 9 37
644.0 198.0 10 32
442.0 269.0 10 32
387.0 257.0 10 7
442.0 134.0 10 33
331.0 538.0 10 21
442.0 118.0 10 30
516.0 318.0 10 29
644.0 132.0 10 24
442.0 171.0 10 30
736.0 282.0 11 23
580.0 462.0 11 35
515.0 315.0 11 17
552.0 338.0 11 33
515.0 292.0 11 33
736.0 377.0 12 4
442.0 336.0 12 31
497.0 250.0 12 39
497.0 392.0 12 35
516.0 432.0 12 27
552.0 78.0 12 39
663.0 207.0 12 29
497.0 485.0 12 35
589.0 270.0 13 32
387.0 438.0 13 33
331.0 504.0 13 20
644.0 188.0 13 30
331.0 130.0 13 29
331.0 249.0 13 36
497.0 159.0 13 34
442.0 147.0 13 30
515.0 202.0 13 31
580.0 570.0 14 32
387.0 292.0 14 36
552.0 302.0 14 37
497.0 84.0 14 13
644.0 531.0 14 28
331.0 121.0 14 38
516.0 296.0 15 21
663.0 224.0 15 26
442.0 191.0 15 40
387.0 546.0 15 31
580.0 432.0 15 1
331.0 167.0 15 2
516.0 548.0 15 21
331.0 494.0 15 23
580.0 126.0 15 24
387.0 206.0 15 38
451.0 444.0 15 34
589.0 560.0 15 33
331.0 393.0 16 21
442.0 113.0 16 19
387.0 148.0 16 26
387.0 182.0 16 35
387.0 234.0 16 24
580.0 225.0 16 29
331.0 282.0 16 34
552.0 413.0 16 28
442.0 140.0 16 25
516.0 441.0 16 37
387.0 206.0 16 26
497.0 522.0 17 37
442.0 129.0 17 24
589.0 132.0 17 9
736.0 175.0 17 23
736.0 552.0 17 36
736.0 246.0 17 33
580.0 198.0 17 23
516.0 587.0 17 27
451.0 148.0 17 25
663.0 554.0 17 31
580.0 186.0 17 29
387.0 102.0 17 28
497.0 373.0 18 31
644.0 350.0 18 1
589.0 279.0 18 7
331.0 126.0 18 39
516.0 114.0 19 2
442.0 422.0 19 35
580.0 145.0 19 29
515.0 138.0 19 36
516.0 484.0 19 29
644.0 318.0 19 34
580.0 288.0 19 32
663.0 178.0 20 10
497.0 396.0 20 23
451.0 137.0 20 27
497.0 313.0 20 30
580.0 592.0 20 30
497.0 300.0 20 39
451.0 534.0 21 40
589.0 514.0 21 10
451.0 198.0 21 35
387.0 277.0 21 40
387.0 193.0 22 18
644.0 274.0 22 40
516.0 321.0 22 34
736.0 134.0 22 32
331.0 400.0 22 38
497.0 278.0 22 29
387.0 245.0 22 38
663.0 365.0 22 36
387.0 427.0 22 28
663.0 189.0 22 25
497.0 138.0 22 40
580.0 461.0 22 25
589.0 364.0 23 40
387.0 241.0 23 5
736.0 478.0 23 36
442.0 296.0 23 1
736.0 267.0 23 36
515.0 611.0 23 24
580.0 286.0 23 34
442.0 318.0 23 25
515.0 352.0 23 28
736.0 279.0 23 33
331.0 296.0 23 30
663.0 142.0 24 5
387.0 579.0 24 37
663.0 195.0 24 31
736.0 504.0 24 37
516.0 386.0 24 36
663.0 447.0 24 29
644.0 188.0 24 29
387.0 199.0 24 25
589.0 403.0 24 37
497.0 144.0 24 37
552.0 423.0 25 9
580.0 319.0 25 24
580.0 153.0 25 38
552.0 524.0 25 30
451.0 172.0 25 1
580.0 258.0 25 36
736.0 535.0 25 1
589.0 135.0 25 31
516.0 372.0 25 31
580.0 244.0 25 21
497.0 297.0 26 13
736.0 388.0 26 24
451.0 351.0 26 21
387.0 382.0 26 39
497.0 118.0 27 6
515.0 156.0 27 34
442.0 279.0 27 34
497.0 231.0 27 37
515.0 210.0 27 36
497.0 488.0 27 26
387.0 373.0 27 36
387.0 462.0 27 26
736.0 570.0 27 31
331.0 234.0 27 21
736.0 324.0 27 37
663.0 484.0 28 2
552.0 472.0 28 38
387.0 429.0 28 25
552.0 475.0 28 39
451.0 459.0 28 35
644.0 210.0 28 34
516.0 370.0 28 40
516.0 580.0 28 27
644.0 428.0 28 39
552.0 270.0 28 27
451.0 224.0 29 39
442.0 408.0 29 19
736.0 288.0 29 35
663.0 462.0 29 30
515.0 216.0 29 21
580.0 378.0 29 38
736.0 614.0 29 27
442.0 516.0 29 25
580.0 243.0 29 21
331.0 283.0 30 32
442.0 336.0 30 21
589.0 280.0 30 25
451.0 140.0 30 14
442.0 218.0 30 25
736.0 462.0 30 31
589.0 183.0 30 36
451.0 162.0 30 29
387.0 479.0 30 40
442.0 189.0 30 28
442.0 105.0 30 40
644.0 469.0 30 32
442.0 490.0 31 13
451.0 290.0 31 25
736.0 182.0 31 39
497.0 407.0 31 37
387.0 248.0 32 12
387.0 166.0 32 36
589.0 224.0 32 40
552.0 300.0 32 38
736.0 404.0 32 1
644.0 324.0 32 34
644.0 362.0 32 1
497.0 250.0 32 40
644.0 379.0 32 31
331.0 567.0 32 31
451.0 582.0 32 23
442.0 216.0 33 20
663.0 108.0 33 38
663.0 470.0 33 25
331.0 459.0 33 31
451.0 402.0 34 22
442.0 216.0 34 29
580.0 182.0 34 33
331.0 329.0 34 37
451.0 334.0 34 27
516.0 427.0 35 21
644.0 365.0 35 36
589.0 535.0 35 1
497.0 399.0 35 11
451.0 187.0 36 9
442.0 370.0 36 40
331.0 187.0 36 27
451.0 157.0 36 30
497.0 144.0 36 26
387.0 113.0 36 34
663.0 78.0 36 24
736.0 144.0 36 32
515.0 386.0 36 33
736.0 273.0 37 25
552.0 321.0 37 20
552.0 319.0 37 27
497.0 249.0 37 36
331.0 362.0 37 36
331.0 290.0 37 1
515.0 163.0 38 28
644.0 623.0 38 5
387.0 407.0 38 36
387.0 502.0 38 35
442.0 523.0 38 36
331.0 475.0 38 30
663.0 434.0 38 33
589.0 177.0 38 37
387.0 257.0 38 24
644.0 112.0 38 21
644.0 513.0 39 3
580.0 372.0 39 1
451.0 324.0 39 34
451.0 418.0 39 38
442.0 422.0 39 28
442.0 367.0 39 34
442.0 152.0 39 27
442.0 245.0 39 25
644.0 340.0 39 24
331.0 359.0 39 25
516.0 275.0 40 39
497.0 490.0 40 38
331.0 230.0 40 9
387.0 296.0 40 23
442.0 294.0 40 25
497.0 417.0 40 1
516.0 180.0 40 29
497.0 158.0 40 28

0 534 278 247 231 238 118 348 323 139 348 228 266 326 279 339 0 314 284 210 264 176 114 311 276 287 128 272 338 400 212 213 108 239 149 220 227 284 250 146 
0 534 278 247 231 238 118 348 323 139 348 228 266 326 279 339 310 314 284 210 264 176 114 311 0 287 128 272 338 400 212 213 108 239 149 220 227 284 250 146 
0 534 278 247 231 238 118 348 323 139 348 0 266 326 279 339 310 314 284 210 264 176 114 311 276 287 128 272 338 400 212 213 108 239 149 220 227 284 250 146 
0 534 278 247 231 238 118 348 323 139 348 228 266 326 279 339 310 314 284 210 264 176 114 311 276 287 128 272 338 400 212 213 108 239 149 220 227 284 250 0 
0 534 278 247 231 238 118 348 323 139 348 228 266 326 279 339 310 314 0 210 264 176 114 311 276 287 128 272 338 400 212 213 108 239 149 220 227 284 250 146 
0 534 278 247 231 238 118 348 323 139 348 228 266 326 279 339 310 314 284 210 264 176 114 311 0 287 128 272 338 400 212 213 108 239 149 220 227 284 250 146 
0 534 278 247 231 238 118 348 323 139 0 228 266 326 279 339 310 314 284 210 264 176 114 311 276 287 128 272 338 400 212 213 108 239 149 220 227 284 250 146 
0 534 278 247 231 238 118 348 323 139 348 228 266 326 279 339 310 314 284 210 264 176 114 311 276 0 128 272 338 400 212 213 108 239 149 220 227 284 250 146 
0 534 278 247 231 238 118 348 323 139 348 228 266 326 279 339 310 314 284 210 264 176 114 311 276 287 128 272 338 400 212 213 108 239 149 220 0 284 250 146 
534 0 0 503 496 666 589 661 472 614 456 269 427 129 608 100 419 226 551 260 128 469 478 287 241 473 302 106 654 613 698 348 201 367 467 337 162 619 403 359 
534 0 368 503 496 666 589 661 472 614 0 269 427 129 608 100 419 226 551 260 128 469 478 287 241 473 302 106 654 613 698 348 201 367 467 337 162 619 403 359 
534 0 368 503 496 666 589 661 472 614 456 269 427 129 608 100 419 226 551 260 128 469 478 287 241 473 0 106 654 613 698 348 201 367 467 337 162 619 403 359 
534 0 368 503 496 666 589 661 472 614 456 269 427 129 0 100 419 226 551 260 128 469 478 287 241 473 302 106 654 613 698 348 201 367 467 337 162 619 403 359 
534 0 368 503 496 666 589 661 472 614 456 269 427 0 608 100 419 226 551 260 128 469 478 287 241 473 302 106 654 613 698 348 201 367 467 337 162 619 403 359 
534 0 368 503 496 666 589 661 472 614 456 269 427 129 608 100 419 226 551 260 128 0 478 287 241 473 302 106 654 613 698 348 201 367 467 337 162 619 403 359 
534 0 368 503 496 666 589 661 472 614 456 269 427 129 608 100 419 226 551 260 128 469 478 287 241 473 302 0 654 613 698 348 201 367 467 337 162 619 403 359 
534 0 368 503 496 666 589 661 472 614 456 269 427 129 608 100 419 226 551 260 128 469 478 287 241 473 302 106 654 0 698 348 201 367 467 337 162 619 403 359 
534 0 368 503 496 666 589 661 472 614 456 269 427 129 608 100 419 226 551 260 128 469 478 0 241 473 302 106 654 613 698 348 201 367 467 337 162 619 403 359 
534 0 368 503 496 666 589 661 472 614 456 269 427 129 608 100 419 0 551 260 128 469 478 287 241 473 302 106 654 613 698 348 201 367 467 337 162 619 403 359 
534 0 368 503 496 666 589 661 472 614 456 269 427 129 608 100 419 226 551 260 128 469 478 287 241 0 302 106 654 613 698 348 201 367 467 337 162 619 403 359 
615 368 0 682 516 674 164 527 218 663 162 686 552 150 201 486 328 208 455 417 334 264 406 142 110 434 274 417 195 422 261 317 0 474 609 472 157 133 154 132 
615 368 0 682 516 674 164 527 218 663 162 686 552 150 201 486 328 208 455 417 334 264 406 142 110 434 274 417 195 422 261 317 389 474 609 472 157 133 154 0 
615 368 0 682 516 674 164 527 218 663 162 686 552 150 201 486 328 208 455 417 334 264 406 142 110 434 274 417 195 422 261 0 389 474 609 472 157 133 154 132 
615 368 0 682 516 674 164 527 218 663 162 686 552 150 201 486 328 208 455 417 334 264 406 142 110 434 274 417 195 422 261 317 389 474 609 0 157 133 154 132 
615 368 0 682 516 674 164 527 218 663 162 686 552 150 201 486 328 208 455 417 334 0 406 142 110 434 274 417 195 422 261 317 389 474 609 472 157 133 154 132 
615 368 0 682 516 674 164 527 218 663 162 686 552 150 201 486 328 208 455 417 0 264 406 142 110 434 274 417 195 422 261 317 389 474 609 472 157 133 154 132 
615 368 0 682 516 674 164 527 218 663 162 686 552 150 201 486 328 208 455 417 334 264 406 142 110 434 274 417 195 422 261 317 389 474 609 472 157 133 0 132 
615 368 0 682 516 674 164 527 218 663 162 686 552 150 201 486 328 208 455 417 334 264 406 142 110 434 274 0 195 422 261 317 389 474 609 472 157 133 154 132 
615 368 0 682 516 674 164 527 218 663 162 686 552 150 201 486 328 208 455 417 334 264 406 142 110 434 274 417 195 422 261 317 389 474 609 472 157 133 154 0 
615 368 0 682 516 674 164 527 218 663 0 686 552 150 201 486 328 208 455 417 334 264 406 142 110 434 274 417 195 422 261 317 389 474 609 472 157 133 154 132 
615 368 0 682 516 674 164 527 218 663 162 686 552 150 0 486 328 208 455 417 334 264 406 142 110 434 274 417 195 422 261 317 389 474 609 472 157 133 154 132 
615 368 0 682 516 674 0 527 218 663 162 686 552 150 201 486 328 208 455 417 334 264 406 142 110 434 274 417 195 422 261 317 389 474 609 472 157 133 154 132 
538 503 682 0 160 496 349 101 134 519 609 286 678 397 249 518 664 462 618 136 670 557 175 457 199 254 119 699 402 582 312 0 196 414 602 461 319 343 602 686 
538 503 682 0 160 496 349 101 134 519 609 286 678 0 249 518 664 462 618 136 670 557 175 457 199 254 119 699 402 582 312 598 196 414 602 461 319 343 602 686 
538 503 682 0 160 496 349 101 134 519 609 286 678 397 249 518 664 462 618 136 670 557 175 457 199 254 119 699 402 582 312 598 196 0 602 461 319 343 602 686 
538 503 682 0 160 496 349 101 134 519 609 286 678 397 249 518 664 462 618 136 670 557 175 457 199 254 119 699 402 582 312 598 196 414 602 0 319 343 602 686 
538 503 682 0 0 496 349 101 134 519 609 286 678 397 249 518 664 462 618 136 670 557 175 457 199 254 119 699 402 582 312 598 196 414 602 461 319 343 602 686 
538 503 682 0 160 496 349 101 134 519 609 286 678 397 249 518 664 462 618 136 670 557 175 457 199 254 119 699 402 582 312 598 196 414 602 461 319 343 0 686 
538 503 682 0 160 496 349 101 134 519 609 286 678 397 249 518 664 462 618 136 670 557 175 457 199 254 119 699 402 582 312 598 196 414 602 0 319 343 602 686 
231 496 516 0 0 631 215 313 651 513 241 481 214 298 387 108 298 641 401 176 508 290 399 587 568 136 355 271 144 246 625 234 255 155 696 476 588 328 665 302 
231 496 516 0 0 631 215 313 651 513 241 481 214 298 387 108 298 641 401 176 508 290 399 587 568 136 355 271 144 246 625 234 255 155 696 476 588 328 665 302 
231 496 516 160 0 631 215 313 651 513 241 481 214 298 387 108 298 641 401 176 508 290 399 587 568 136 355 271 144 246 625 234 255 155 696 476 0 328 665 302 
231 496 516 160 0 631 215 313 651 513 241 481 214 298 387 108 298 641 401 176 508 290 399 587 568 136 355 271 0 246 625 234 255 155 696 476 588 328 665 302 
238 666 674 496 631 0 362 214 624 444 652 601 620 150 302 595 128 529 551 134 172 556 562 682 597 634 651 431 240 612 694 176 407 224 460 156 546 410 0 306 
238 666 674 496 631 0 362 214 624 444 652 0 620 150 302 595 128 529 551 134 172 556 562 682 597 634 651 431 240 612 694 176 407 224 460 156 546 410 279 306 
238 666 674 496 631 0 362 214 624 444 652 601 620 150 302 595 128 529 551 134 172 556 562 0 597 634 651 431 240 612 694 176 407 224 460 156 546 410 279 306 
238 666 674 496 631 0 362 214 624 444 652 601 620 150 302 595 128 529 551 134 0 556 562 682 597 634 651 431 240 612 694 176 407 224 460 156 546 410 279 306 
238 666 674 496 631 0 362 214 624 444 652 601 620 150 302 595 128 0 551 134 172 556 562 682 597 634 651 431 240 612 694 176 407 224 460 156 546 410 279 306 
238 666 674 496 631 0 362 214 624 444 652 601 620 150 302 595 128 529 551 134 172 556 562 0 597 634 651 431 240 612 694 176 407 224 460 156 546 410 279 306 
238 666 674 496 631 0 362 214 624 444 652 601 620 150 302 595 128 529 551 134 172 0 562 682 597 634 651 431 240 612 694 176 407 224 460 156 546 410 279 306 
238 666 674 496 631 0 362 214 624 444 652 601 620 150 302 595 128 529 551 134 172 556 562 682 597 634 651 431 240 612 694 176 407 224 460 156 0 410 279 306 
238 666 674 496 631 0 362 214 624 444 652 601 620 150 302 595 128 529 551 134 172 556 562 682 597 634 651 431 0 612 694 176 407 224 460 156 546 410 279 306 
238 666 674 496 631 0 362 214 624 444 652 601 620 150 302 595 128 529 551 134 172 556 562 682 597 634 651 431 240 612 694 176 407 224 460 156 546 410 0 306 
238 666 674 496 631 0 362 214 624 444 652 601 620 150 302 595 128 529 551 134 172 556 562 682 597 634 651 0 240 612 694 176 407 224 460 156 546 410 279 306 
118 589 164 349 215 362 0 655 573 621 360 620 245 401 304 0 484 260 184 249 552 571 628 193 278 338 666 154 365 286 618 664 457 496 584 102 234 166 208 240 
118 589 164 349 215 362 0 0 573 621 360 620 245 401 304 624 484 260 184 249 552 571 628 193 278 338 666 154 365 286 618 664 457 496 584 102 234 166 208 240 
118 589 164 0 215 362 0 655 573 621 360 620 245 401 304 624 484 260 184 249 552 571 628 193 278 338 666 154 365 286 618 664 457 496 584 102 234 166 208 240 
118 589 164 349 215 0 0 655 573 621 360 620 245 401 304 624 484 260 184 249 552 571 628 193 278 338 666 154 365 286 618 664 457 496 584 102 234 166 208 240 
118 589 164 349 215 362 0 655 573 621 360 620 245 401 304 624 484 260 184 249 552 571 628 193 0 338 666 154 365 286 618 664 457 496 584 102 234 166 208 240 
118 589 164 349 215 362 0 655 573 621 360 620 245 401 304 624 484 260 184 249 552 571 628 193 278 338 666 154 365 286 618 664 457 496 584 102 234 0 208 240 
118 589 164 349 215 362 0 655 573 621 360 620 245 401 304 624 484 260 184 249 0 571 628 193 278 338 666 154 365 286 618 664 457 496 584 102 234 166 208 240 
118 589 164 349 0 362 0 655 573 621 360 620 245 401 304 624 484 260 184 249 552 571 628 193 278 338 666 154 365 286 618 664 457 496 584 102 234 166 208 240 
118 589 164 0 215 362 0 655 573 621 360 620 245 401 304 624 484 260 184 249 552 571 628 193 278 338 666 154 365 286 618 664 457 496 584 102 234 166 208 240 
606 661 527 101 313 214 655 0 536 347 380 431 349 639 485 612 264 185 283 148 0 232 451 265 150 409 420 697 497 667 646 519 579 110 496 256 554 618 276 272 
606 661 527 101 313 214 655 0 536 347 380 431 349 639 485 612 264 185 283 148 681 232 451 265 150 409 420 697 497 667 646 0 579 110 496 256 554 618 276 272 
606 661 527 101 313 214 655 0 536 0 380 431 349 639 485 612 264 185 283 148 681 232 451 265 150 409 420 697 497 667 646 519 579 110 496 256 554 618 276 272 
606 661 527 101 313 214 655 0 536 347 380 431 349 639 485 612 264 185 283 148 681 232 451 265 150 409 420 697 497 667 646 519 579 110 496 256 554 618 276 0 
606 661 527 101 313 214 655 0 536 347 0 431 349 639 485 612 264 185 283 148 681 232 451 265 150 409 420 697 497 667 646 519 579 110 496 256 554 618 276 272 
606 661 527 101 313 214 655 0 0 347 380 431 349 639 485 612 264 185 283 148 681 232 451 265 150 409 420 697 497 667 646 519 579 110 496 256 554 618 276 272 
449 472 218 134 651 624 573 536 0 258 676 209 227 283 315 692 495 662 273 325 110 213 629 649 186 446 669 353 457 188 632 110 688 315 410 696 0 254 433 442 
449 472 218 134 651 624 573 536 0 258 676 209 227 283 315 692 495 662 273 325 110 213 629 649 186 446 669 353 457 188 632 110 688 315 410 696 0 254 433 442 
449 472 218 134 651 624 0 536 0 258 676 209 227 283 315 692 495 662 273 325 110 213 629 649 186 446 669 353 457 188 632 110 688 315 410 696 164 254 433 442 
449 472 218 134 651 624 573 536 0 258 676 209 227 283 315 692 495 662 273 325 110 213 629 649 186 446 669 353 457 188 632 110 688 315 410 0 164 254 433 442 
449 472 218 0 651 624 573 536 0 258 676 209 227 283 315 692 495 662 273 325 110 213 629 649 186 446 669 353 457 188 632 110 688 315 410 696 164 254 433 442 
139 614 663 519 513 444 621 347 258 0 595 630 156 235 657 464 411 619 639 396 313 207 542 646 558 620 552 507 553 564 223 0 379 216 376 500 518 691 111 265 
139 614 663 519 513 444 621 347 258 0 595 630 156 235 657 464 411 619 639 396 313 207 542 646 558 620 552 507 553 564 223 0 379 216 376 500 518 691 111 265 
139 614 663 519 513 444 0 347 258 0 595 630 156 235 657 464 411 619 639 396 313 207 542 646 558 620 552 507 553 564 223 578 379 216 376 500 518 691 111 265 
139 614 663 519 513 0 621 347 258 0 595 630 156 235 657 464 411 619 639 396 313 207 542 646 558 620 552 507 553 564 223 578 379 216 376 500 518 691 111 265 
139 614 663 519 513 444 621 347 258 0 595 630 156 235 657 464 411 619 639 396 0 207 542 646 558 620 552 507 553 564 223 578 379 216 376 500 518 691 111 265 
139 614 663 519 513 444 621 347 258 0 595 630 156 235 657 464 411 619 0 396 313 207 542 646 558 620 552 507 553 564 223 578 379 216 376 500 518 691 111 265 
139 614 663 519 513 444 621 347 258 0 595 630 156 235 657 0 411 619 639 396 313 207 542 646 558 620 552 507 553 564 223 578 379 216 376 500 518 691 111 265 
139 614 663 519 513 444 621 347 258 0 595 630 156 235 657 464 411 619 639 396 313 207 542 0 558 620 552 507 553 564 223 578 379 216 376 500 518 691 111 265 
139 614 663 519 513 444 621 347 258 0 595 630 156 235 657 464 411 619 639 396 313 207 542 646 558 620 552 507 553 0 223 578 379 216 376 500 518 691 111 265 
585 456 162 609 241 652 360 380 676 595 0 485 614 670 273 477 205 696 219 529 125 551 0 683 312 365 249 254 103 368 633 313 682 271 199 366 519 625 123 448 
585 456 162 609 241 652 360 380 676 595 0 485 614 670 273 477 205 696 219 529 125 551 606 683 312 365 249 254 103 368 633 313 682 271 0 366 519 625 123 448 
585 456 162 609 241 652 360 380 676 595 0 485 614 670 273 477 0 696 219 529 125 551 606 683 312 365 249 254 103 368 633 313 682 271 199 366 519 625 123 448 
585 456 162 609 241 652 360 380 676 595 0 485 614 670 273 477 205 696 219 529 125 551 606 683 312 365 249 254 103 368 633 313 0 271 199 366 519 625 123 448 
585 456 162 609 241 652 360 380 676 595 0 485 614 670 273 477 0 696 219 529 125 551 606 683 312 365 249 254 103 368 633 313 682 271 199 366 519 625 123 448 
228 269 686 0 481 601 620 431 209 630 485 0 661 653 281 298 196 443 438 333 692 377 471 514 214 578 222 365 658 562 595 634 166 324 123 402 223 236 335 397 
228 269 686 286 481 601 620 431 209 630 485 0 661 653 281 298 196 443 438 333 692 377 471 514 214 578 222 365 658 562 0 634 166 324 123 402 223 236 335 397 
228 269 686 286 481 0 620 431 209 630 485 0 661 653 281 298 196 443 438 333 692 377 471 514 214 578 222 365 658 562 595 634 166 324 123 402 223 236 335 397 
228 269 686 286 481 601 620 431 209 630 485 0 661 653 281 298 196 443 438 333 692 377 471 514 214 578 222 365 658 562 595 634 166 324 0 402 223 236 335 397 
228 0 686 286 481 601 620 431 209 630 485 0 661 653 281 298 196 443 438 333 692 377 471 514 214 578 222 365 658 562 595 634 166 324 123 402 223 236 335 397 
228 269 0 286 481 601 620 431 209 630 485 0 661 653 281 298 196 443 438 333 692 377 471 514 214 578 222 365 658 562 595 634 166 324 123 402 223 236 335 397 
228 269 686 286 481 601 620 431 209 630 485 0 661 653 281 298 196 443 0 333 692 377 471 514 214 578 222 365 658 562 595 634 166 324 123 402 223 236 335 397 
228 269 686 286 481 601 620 431 209 630 485 0 661 653 281 298 196 443 438 333 692 377 471 514 214 578 222 365 658 562 595 634 166 324 0 402 223 236 335 397 
300 427 552 678 214 620 245 349 227 156 614 661 0 479 496 507 667 164 337 153 382 529 152 465 599 379 147 552 313 610 390 0 203 514 382 462 294 333 210 693 
300 427 552 678 214 620 245 349 227 156 614 661 0 479 496 507 667 164 337 153 382 529 152 465 599 379 147 552 313 610 390 507 0 514 382 462 294 333 210 693 
300 427 552 678 214 620 245 349 227 156 614 661 0 479 496 507 667 164 337 0 382 529 152 465 599 379 147 552 313 610 390 507 203 514 382 462 294 333 210 693 
300 427 552 678 214 620 245 349 227 156 614 661 0 479 496 0 667 164 337 153 382 529 152 465 599 379 147 552 313 610 390 507 203 514 382 462 294 333 210 693 
300 0 552 678 214 620 245 349 227 156 614 661 0 479 496 507 667 164 337 153 382 529 152 465 599 379 147 552 313 610 390 507 203 514 382 462 294 333 210 693 
300 427 552 678 214 0 245 349 227 156 614 661 0 479 496 507 667 164 337 153 382 529 152 465 599 379 147 552 313 610 390 507 203 514 382 462 294 333 210 693 
300 427 552 678 214 620 245 349 227 156 614 661 0 479 496 507 667 164 337 153 382 529 152 465 599 379 147 552 313 610 390 507 203 0 382 462 294 333 210 693 
300 427 552 678 214 620 245 349 227 156 614 661 0 479 496 507 667 164 337 153 382 529 152 465 599 379 147 552 313 0 390 507 203 514 382 462 294 333 210 693 
300 427 552 678 214 0 245 349 227 156 614 661 0 479 496 507 667 164 337 153 382 529 152 465 599 379 147 552 313 610 390 507 203 514 382 462 294 333 210 693 
672 129 150 397 298 150 401 639 283 235 670 653 479 0 278 310 170 229 422 221 137 472 212 402 391 220 683 160 223 447 400 0 304 185 316 285 318 302 695 579 
672 129 150 397 298 150 401 639 283 235 670 653 479 0 278 310 170 229 422 221 137 472 212 402 391 220 683 160 223 447 400 311 304 185 316 0 318 302 695 579 
672 129 150 397 298 150 401 639 283 235 670 653 479 0 278 310 170 229 422 221 137 472 212 402 391 220 683 160 223 447 400 311 304 185 316 285 0 302 695 579 
672 129 150 397 298 150 401 639 283 235 670 653 0 0 278 310 170 229 422 221 137 472 212 402 391 220 683 160 223 447 400 311 304 185 316 285 318 302 695 579 
672 129 150 397 298 150 401 639 283 235 670 653 479 0 278 310 170 229 422 221 137 472 212 402 391 220 683 0 223 447 400 311 304 185 316 285 318 302 695 579 
672 129 150 397 298 150 401 0 283 235 670 653 479 0 278 310 170 229 422 221 137 472 212 402 391 220 683 160 223 447 400 311 304 185 316 285 318 302 695 579 
279 608 201 249 387 302 304 485 315 657 273 281 496 278 0 608 439 334 128 652 0 115 644 687 527 659 635 633 335 598 236 228 415 391 628 485 651 650 196 628 
279 608 201 249 387 302 304 485 315 657 273 281 496 278 0 608 439 334 128 652 611 115 644 687 527 0 635 633 335 598 236 228 415 391 628 485 651 650 196 628 
279 608 201 249 387 302 304 485 315 657 273 281 496 278 0 608 439 334 128 652 611 115 644 687 527 659 635 633 335 598 236 228 415 391 628 485 651 650 196 0 
279 608 201 249 387 302 304 485 315 657 273 281 496 278 0 608 439 334 128 652 611 115 644 687 527 659 635 633 335 598 0 228 415 391 628 485 651 650 196 628 
0 608 201 249 387 302 304 485 315 657 273 281 496 278 0 608 439 334 128 652 611 115 644 687 527 659 635 633 335 598 236 228 415 391 628 485 651 650 196 628 
279 0 201 249 387 302 304 485 315 657 273 281 496 278 0 608 439 334 128 652 611 115 644 687 527 659 635 633 335 598 236 228 415 391 628 485 651 650 196 628 
279 608 201 249 387 302 304 485 315 657 273 281 496 278 0 608 439 334 0 652 611 115 644 687 527 659 635 633 335 598 236 228 415 391 628 485 651 650 196 628 
279 608 201 249 387 302 304 485 315 657 273 281 496 0 0 608 439 334 128 652 611 115 644 687 527 659 635 633 335 598 236 228 415 391 628 485 651 650 196 628 
279 608 201 249 387 302 304 485 315 657 273 281 496 278 0 608 439 334 128 652 611 115 644 0 527 659 635 633 335 598 236 228 415 391 628 485 651 650 196 628 
279 608 201 249 387 302 304 485 315 657 273 281 496 278 0 608 439 334 128 652 611 115 644 687 527 659 635 633 335 598 236 228 415 391 628 485 651 0 196 628 
279 608 0 249 387 302 304 485 315 657 273 281 496 278 0 608 439 334 128 652 611 115 644 687 527 659 635 633 335 598 236 228 415 391 628 485 651 650 196 628 
279 608 201 249 387 302 304 485 0 657 273 281 496 278 0 608 439 334 128 652 611 115 644 687 527 659 635 633 335 598 236 228 415 391 628 485 651 650 196 628 
351 100 486 518 108 595 624 612 692 464 477 298 507 310 608 0 160 677 444 606 0 367 450 658 185 526 571 192 106 357 269 684 303 177 663 258 211 581 477 308 
351 100 486 518 108 595 624 612 692 464 477 298 507 310 608 0 160 677 0 606 109 367 450 658 185 526 571 192 106 357 269 684 303 177 663 258 211 581 477 308 
351 100 486 518 108 595 624 612 692 464 477 298 507 310 608 0 160 677 444 606 109 367 450 658 185 0 571 192 106 357 269 684 303 177 663 258 211 581 477 308 
351 100 486 518 108 595 624 612 692 464 477 298 507 310 608 0 160 677 444 606 109 367 450 658 185 526 571 192 106 357 269 684 303 177 0 258 211 581 477 308 
351 100 486 518 108 595 624 612 692 464 477 298 507 310 608 0 160 677 444 606 109 367 450 0 185 526 571 192 106 357 269 684 303 177 663 258 211 581 477 308 
351 100 486 0 108 595 624 612 692 464 477 298 507 310 608 0 160 677 444 606 109 367 450 658 185 526 571 192 106 357 269 684 303 177 663 258 211 581 477 308 
351 100 486 0 108 595 624 612 692 464 477 298 507 310 608 0 160 677 444 606 109 367 450 658 185 526 571 192 106 357 269 684 303 177 663 258 211 581 477 308 
351 100 486 518 108 595 624 612 692 464 477 298 507 310 608 0 160 677 444 606 109 367 450 658 185 526 571 0 106 357 269 684 303 177 663 258 211 581 477 308 
351 100 0 518 108 595 624 612 692 464 477 298 507 310 608 0 160 677 444 606 109 367 450 658 185 526 571 192 106 357 269 684 303 177 663 258 211 581 477 308 
351 100 486 518 108 595 624 612 692 464 477 298 507 310 608 0 160 677 444 606 109 367 450 658 185 526 571 192 106 357 269 684 303 177 663 258 0 581 477 308 
351 100 486 518 108 595 0 612 692 464 477 298 507 310 608 0 160 677 444 606 109 367 450 658 185 526 571 192 106 357 269 684 303 177 663 258 211 581 477 308 
692 419 328 664 298 128 484 264 495 411 205 196 667 170 439 160 0 631 284 467 199 170 675 678 484 663 353 610 394 164 334 123 368 106 161 387 0 102 342 436 
692 419 328 664 298 128 484 264 495 411 205 196 667 170 439 160 0 631 284 467 199 170 675 0 484 663 353 610 394 164 334 123 368 106 161 387 392 102 342 436 
692 419 328 664 298 128 484 264 0 411 205 196 667 170 439 160 0 631 284 467 199 170 675 678 484 663 353 610 394 164 334 123 368 106 161 387 392 102 342 436 
692 419 328 664 298 128 484 264 495 411 205 196 667 170 439 160 0 631 284 467 199 170 0 678 484 663 353 610 394 164 334 123 368 106 161 387 392 102 342 436 
692 419 328 664 298 128 484 264 495 411 205 196 667 170 439 160 0 631 284 467 199 170 675 678 484 663 353 610 394 164 334 123 368 106 161 0 392 102 342 436 
692 419 328 664 298 128 484 264 495 411 205 196 667 170 0 160 0 631 284 467 199 170 675 678 484 663 353 610 394 164 334 123 368 106 161 387 392 102 342 436 
692 419 328 664 298 128 484 264 495 411 205 196 667 170 439 160 0 631 284 467 199 170 0 678 484 663 353 610 394 164 334 123 368 106 161 387 392 102 342 436 
692 419 328 664 298 128 484 264 495 411 205 196 667 170 439 160 0 631 284 467 199 170 675 678 484 663 0 610 394 164 334 123 368 106 161 387 392 102 342 436 
692 419 328 664 298 128 484 264 495 411 205 196 667 170 439 160 0 631 284 467 199 170 675 678 0 663 353 610 394 164 334 123 368 106 161 387 392 102 342 436 
692 419 328 664 298 128 484 264 495 411 205 196 667 170 439 160 0 631 284 467 199 170 675 678 484 663 353 610 394 164 0 123 368 106 161 387 392 102 342 436 
692 419 328 664 298 128 484 264 495 411 205 196 667 170 439 160 0 631 284 467 199 170 675 678 484 663 353 610 0 164 334 123 368 106 161 387 392 102 342 436 
692 419 328 664 298 128 484 264 495 411 205 196 667 170 439 160 0 631 284 467 199 170 675 678 484 663 353 0 394 164 334 123 368 106 161 387 392 102 342 436 
