40 315 4

0 660 322 437 614 352 284 443 581 550 506 443 492 642 464 654 691 179 214 190 178 420 381 629 411 476 332 312 246 459 698 463 132 651 606 331 536 528 579 293 
660 0 199 574 599 231 680 439 562 121 327 341 268 219 515 530 343 378 255 553 596 145 590 200 417 188 511 613 584 132 696 546 515 162 319 278 347 674 164 178 
322 199 0 199 358 634 468 554 651 628 475 197 420 212 481 636 418 231 286 213 476 148 126 298 169 179 673 376 647 346 610 592 518 211 575 338 455 457 244 170 
437 574 199 0 571 169 172 331 233 462 390 383 119 220 536 384 579 118 338 217 591 611 257 542 520 499 486 411 273 192 499 472 577 264 225 193 429 566 657 299 
614 599 358 571 0 195 344 557 426 524 243 450 176 293 546 365 473 187 230 191 330 488 687 462 215 278 665 385 211 495 250 111 426 615 231 253 243 334 662 426 
352 231 634 169 195 0 433 126 103 361 665 293 579 163 365 423 335 270 687 420 314 421 122 537 329 541 313 318 107 154 627 203 128 612 606 520 446 521 632 543 
284 680 468 172 344 433 0 299 304 181 296 566 655 283 441 169 274 137 680 687 329 246 583 499 484 685 690 473 686 358 623 181 163 168 699 169 654 171 133 573 
443 439 554 331 557 126 299 0 516 642 177 319 591 285 532 474 184 517 503 210 212 424 146 421 114 268 550 245 374 240 670 395 221 182 267 613 541 517 603 600 
581 562 651 233 426 103 304 516 0 456 203 534 113 686 528 252 484 515 557 590 328 212 307 176 562 617 641 199 430 400 213 573 572 230 675 654 198 666 587 293 
550 121 628 462 524 361 181 642 456 0 600 488 669 120 464 255 520 286 253 344 176 257 692 291 437 291 478 327 416 185 557 118 249 614 237 267 355 470 159 177 
506 327 475 390 243 665 296 177 203 600 0 185 360 209 665 482 590 401 599 448 596 600 354 591 579 203 430 688 641 605 128 453 551 473 341 271 447 402 695 683 
443 341 197 383 450 293 566 319 534 488 185 0 231 485 158 651 270 590 694 256 330 224 354 261 508 393 470 216 153 161 625 689 157 603 695 357 582 451 401 644 
492 268 420 119 176 579 655 591 113 669 360 231 0 578 448 359 446 246 651 684 620 413 325 364 507 569 192 349 283 289 132 606 213 262 481 376 676 699 388 224 
642 219 212 220 293 163 283 285 686 120 209 485 578 0 395 586 682 326 500 389 489 534 152 519 326 217 458 304 497 366 605 494 101 282 350 423 564 665 637 240 
464 515 481 536 546 365 441 532 528 464 665 158 448 395 0 488 319 653 608 427 336 555 406 384 360 275 267 162 441 421 278 154 423 431 659 390 265 556 110 253 
654 530 636 384 365 423 169 474 252 255 482 651 359 586 488 0 422 642 210 591 392 129 641 465 554 303 142 606 530 121 535 137 443 124 232 248 275 346 118 378 
691 343 418 579 473 335 274 184 484 520 590 270 446 682 319 422 0 427 424 674 648 112 571 365 449 396 562 222 608 578 647 485 337 125 248 363 569 155 594 552 
179 378 231 118 187 270 137 517 515 286 401 590 246 326 653 642 427 0 250 283 309 385 501 416 154 108 578 193 240 369 227 159 326 295 184 666 619 591 299 328 
214 255 286 338 230 687 680 503 557 253 599 694 651 500 608 210 424 250 0 378 425 243 371 554 226 366 534 105 143 678 236 520 528 391 437 489 324 311 309 141 
190 553 213 217 191 420 687 210 590 344 448 256 684 389 427 591 674 283 378 0 228 379 331 426 359 203 411 137 690 604 624 382 105 460 562 449 151 394 415 554 
178 596 476 591 330 314 329 212 328 176 596 330 620 489 336 392 648 309 425 228 0 134 546 378 681 667 528 493 243 345 157 515 417 216 277 519 338 225 385 658 
420 145 148 611 488 421 246 424 212 257 600 224 413 534 555 129 112 385 243 379 134 0 512 642 279 293 120 393 215 436 483 662 641 203 242 521 562 240 342 245 
381 590 126 257 687 122 583 146 307 692 354 354 325 152 406 641 571 501 371 331 546 512 0 550 468 501 664 151 655 105 184 595 351 690 163 659 605 332 442 112 
629 200 298 542 462 537 499 421 176 291 591 261 364 519 384 465 365 416 554 426 378 642 550 0 580 283 340 193 511 626 651 151 237 644 381 129 483 242 594 115 
411 417 169 520 215 329 484 114 562 437 579 508 507 326 360 554 449 154 226 359 681 279 468 580 0 343 146 532 617 333 696 295 562 696 135 167 464 478 256 497 
476 188 179 499 278 541 685 268 617 291 203 393 569 217 275 303 396 108 366 203 667 293 501 283 343 0 195 584 515 239 621 629 147 147 520 554 508 334 276 184 
332 511 673 486 665 313 690 550 641 478 430 470 192 458 267 142 562 578 534 411 528 120 664 340 146 195 0 256 230 533 178 478 698 296 409 108 467 110 413 275 
312 613 376 411 385 318 473 245 199 327 688 216 349 304 162 606 222 193 105 137 493 393 151 193 532 584 256 0 154 186 179 529 320 676 278 445 541 424 203 314 
246 584 647 273 211 107 686 374 430 416 641 153 283 497 441 530 608 240 143 690 243 215 655 511 617 515 230 154 0 288 504 317 390 560 446 505 181 245 670 407 
459 132 346 192 495 154 358 240 400 185 605 161 289 366 421 121 578 369 678 604 345 436 105 626 333 239 533 186 288 0 582 638 184 430 527 504 147 555 572 495 
698 696 610 499 250 627 623 670 213 557 128 625 132 605 278 535 647 227 236 624 157 483 184 651 696 621 178 179 504 582 0 637 118 203 108 263 209 131 563 645 
463 546 592 472 111 203 181 395 573 118 453 689 606 494 154 137 485 159 520 382 515 662 595 151 295 629 478 529 317 638 637 0 237 507 624 348 306 551 646 635 
132 515 518 577 426 128 163 221 572 249 551 157 213 101 423 443 337 326 528 105 417 641 351 237 562 147 698 320 390 184 118 237 0 347 492 275 524 373 213 284 
651 162 211 264 615 612 168 182 230 614 473 603 262 282 431 124 125 295 391 460 216 203 690 644 696 147 296 676 560 430 203 507 347 0 428 202 518 696 502 525 
606 319 575 225 231 606 699 267 675 237 341 695 481 350 659 232 248 184 437 562 277 242 163 381 135 520 409 278 446 527 108 624 492 428 0 542 243 678 692 122 
331 278 338 193 253 520 169 613 654 267 271 357 376 423 390 248 363 666 489 449 519 521 659 129 167 554 108 445 505 504 263 348 275 202 542 0 162 192 173 667 
536 347 455 429 243 446 654 541 198 355 447 582 676 564 265 275 569 619 324 151 338 562 605 483 464 508 467 541 181 147 209 306 524 518 243 162 0 629 473 383 
528 674 457 566 334 521 171 517 666 470 402 451 699 665 556 346 155 591 311 394 225 240 332 242 478 334 110 424 245 555 131 551 373 696 678 192 629 0 578 486 
579 164 244 657 662 632 133 603 587 159 695 401 388 637 110 118 594 299 309 415 385 342 442 594 256 276 413 203 670 572 563 646 213 502 692 173 473 578 0 390 
293 178 170 299 426 543 573 600 293 177 683 644 224 240 253 378 552 328 141 554 658 245 112 115 497 184 275 314 407 495 645 635 284 525 122 667 383 486 390 0 

0 34 99 30 59 87 66 32 42 41 56 43 35 57 20 28 56 77 95 80 80 21 77 21 47 37 67 75 97 58 50 59 88 43 41 98 38 22 49 73 
34 0 92 51 33 77 32 25 26 70 93 91 93 78 29 39 73 79 73 51 40 65 41 60 41 88 30 44 48 70 45 55 41 66 71 74 61 36 83 89 
99 92 0 99 99 45 44 55 54 31 37 88 27 61 24 34 23 87 87 76 35 88 89 93 79 84 47 72 45 70 35 38 29 86 29 66 57 58 99 79 
30 51 99 0 36 84 92 78 92 49 89 60 96 97 24 88 56 90 71 82 48 55 98 39 32 46 24 33 99 63 48 52 50 81 76 99 37 23 47 64 
59 33 99 36 0 69 63 24 26 24 66 59 89 66 31 80 45 93 99 91 60 29 27 23 91 91 34 63 76 27 61 75 21 20 84 75 89 91 35 27 
87 77 45 84 69 0 32 60 71 99 34 95 20 90 64 43 74 79 27 34 89 51 70 32 81 38 86 72 76 84 51 85 95 20 54 50 35 37 26 56 
66 32 44 92 63 32 0 98 61 79 98 21 40 65 37 91 65 63 41 35 64 64 54 26 24 40 21 24 28 87 53 93 61 99 55 73 58 68 78 25 
32 25 55 78 24 60 98 0 53 45 94 78 38 67 32 31 87 21 39 70 66 35 74 48 66 75 54 78 85 95 31 41 99 83 84 27 47 42 20 32 
42 26 54 92 26 71 61 53 0 22 80 40 82 40 49 71 36 26 40 40 62 86 69 87 40 40 38 95 50 45 86 48 39 90 26 30 90 30 40 70 
41 70 31 49 24 99 79 45 22 0 49 38 43 77 22 83 41 94 61 73 77 64 31 62 40 66 52 61 51 60 24 95 79 51 68 78 69 32 61 93 
56 93 37 89 66 34 98 94 80 49 0 98 95 90 38 34 47 39 41 22 42 30 94 48 34 69 48 50 54 34 62 22 32 43 87 64 29 59 42 32 
43 91 88 60 59 95 21 78 40 38 98 0 88 55 63 28 91 22 52 74 67 86 80 67 22 20 22 75 76 99 55 53 79 54 23 68 33 48 42 20 
35 93 27 96 89 20 40 38 82 43 95 88 0 49 40 98 30 81 51 48 34 54 89 60 47 45 66 75 78 95 97 53 69 81 38 87 55 34 82 67 
57 78 61 97 66 90 65 67 40 77 90 55 49 0 48 49 27 90 47 99 24 52 84 22 70 68 56 70 32 98 28 25 77 86 74 40 52 30 24 92 
20 29 24 24 31 64 37 32 49 22 38 63 40 48 0 34 60 43 27 36 95 39 46 64 61 84 80 61 50 37 93 68 47 27 52 94 73 54 83 68 
28 39 34 88 80 43 91 31 71 83 34 28 98 49 34 0 45 51 93 30 30 80 35 35 58 84 92 39 47 69 58 99 53 97 91 61 80 78 72 72 
56 73 23 56 45 74 65 87 36 41 47 91 30 27 60 45 0 29 45 30 47 86 32 86 59 28 53 75 37 48 50 40 76 70 64 67 23 86 45 26 
77 79 87 90 93 79 63 21 26 94 39 22 81 90 43 51 29 0 79 88 73 97 52 52 90 84 56 75 83 79 80 77 87 88 94 56 59 53 68 81 
95 73 87 71 99 27 41 39 40 61 41 52 51 47 27 93 45 79 0 98 32 83 75 58 68 73 25 99 90 41 65 40 29 36 24 22 86 70 84 73 
80 51 76 82 91 34 35 70 40 73 22 74 48 99 36 30 30 88 98 0 84 92 65 38 75 89 51 99 56 31 29 83 79 42 28 30 90 40 28 44 
80 40 35 48 60 89 64 66 62 77 42 67 34 24 95 30 47 73 32 84 0 94 21 92 26 35 43 40 69 72 71 59 28 64 63 31 90 77 63 35 
21 65 88 55 29 51 64 35 86 64 30 86 54 52 39 80 86 97 83 92 94 0 48 55 74 87 82 57 62 23 40 49 48 90 76 34 47 70 91 88 
77 41 89 98 27 70 54 74 69 31 94 80 89 84 46 35 32 52 75 65 21 48 0 44 41 52 31 95 30 70 95 21 67 55 64 37 43 94 31 90 
21 60 93 39 23 32 26 48 87 62 48 67 60 22 64 35 86 52 58 38 92 55 44 0 21 82 82 74 31 59 54 70 96 30 82 82 41 79 55 60 
47 41 79 32 91 81 24 66 40 40 34 22 47 70 61 58 59 90 68 75 26 74 41 21 0 71 71 23 57 81 28 78 27 32 79 74 31 31 73 43 
37 88 84 46 91 38 40 75 40 66 69 20 45 68 84 84 28 84 73 89 35 87 52 82 71 0 98 24 47 78 28 57 85 84 53 49 47 82 99 67 
67 30 47 24 34 86 21 54 38 52 48 22 66 56 80 92 53 56 25 51 43 82 31 82 71 98 0 66 60 38 86 25 59 66 46 91 49 76 27 73 
75 44 72 33 63 72 24 78 95 61 50 75 75 70 61 39 75 75 99 99 40 57 95 74 23 24 66 0 61 64 67 21 87 55 63 23 25 22 95 89 
97 48 45 99 76 76 28 85 50 51 54 76 78 32 50 47 37 83 90 56 69 62 30 31 57 47 60 61 0 79 25 99 74 53 38 23 88 60 38 57 
58 70 70 63 27 84 87 95 45 60 34 99 95 98 37 69 48 79 41 31 72 23 70 59 81 78 38 64 79 0 38 25 95 34 21 58 60 23 55 54 
50 45 35 48 61 51 53 31 86 24 62 55 97 28 93 58 50 80 65 29 71 40 95 54 28 28 86 67 25 38 0 30 92 70 72 99 68 83 38 29 
59 55 38 52 75 85 93 41 48 95 22 53 53 25 68 99 40 77 40 83 59 49 21 70 78 57 25 21 99 25 30 0 63 51 36 70 72 20 57 39 
88 41 29 50 21 95 61 99 39 79 32 79 69 77 47 53 76 87 29 79 28 48 67 96 27 85 59 87 74 95 92 63 0 89 29 75 32 69 99 92 
43 66 86 81 20 20 99 83 90 51 43 54 81 86 27 97 70 88 36 42 64 90 55 30 32 84 66 55 53 34 70 51 89 0 25 66 32 48 39 58 
41 71 29 76 84 54 55 84 26 68 87 23 38 74 52 91 64 94 24 28 63 76 64 82 79 53 46 63 38 21 72 36 29 25 0 53 65 51 36 89 
98 74 66 99 75 50 73 27 30 78 64 68 87 40 94 61 67 56 22 30 31 34 37 82 74 49 91 23 23 58 99 70 75 66 53 0 73 60 92 58 
38 61 57 37 89 35 58 47 90 69 29 33 55 52 73 80 23 59 86 90 90 47 43 41 31 47 49 25 88 60 68 72 32 32 65 73 0 35 21 99 
22 36 58 23 91 37 68 42 30 32 59 48 34 30 54 78 86 53 70 40 77 70 94 79 31 82 76 22 60 23 83 20 69 48 51 60 35 0 55 23 
49 83 99 47 35 26 78 20 40 61 42 42 82 24 83 72 45 68 84 28 63 91 31 55 73 99 27 95 38 55 38 57 99 39 36 92 21 55 0 81 
73 89 79 64 27 56 25 32 70 93 32 20 67 92 68 72 26 81 73 44 35 88 90 60 43 67 73 89 57 54 29 39 92 58 89 58 99 23 81 0 

454.0 323.0 1 39
592.0 233.0 1 35
667.0 246.0 1 35
667.0 255.0 1 31
444.0 118.0 1 38
454.0 323.0 1 39
667.0 289.0 1 25
518.0 258.0 2 23
518.0 193.0 2 1
648.0 209.0 2 33
519.0 222.0 2 16
667.0 282.0 2 33
444.0 548.0 3 18
740.0 205.0 3 32
333.0 446.0 3 24
648.0 197.0 3 27
518.0 331.0 3 25
333.0 355.0 3 25
333.0 585.0 3 24
389.0 379.0 3 25
648.0 147.0 3 33
333.0 365.0 3 38
555.0 362.0 3 24
583.0 373.0 3 23
389.0 594.0 4 36
389.0 198.0 4 24
667.0 138.0 4 38
389.0 386.0 4 36
333.0 251.0 5 21
389.0 623.0 5 19
583.0 183.0 5 27
500.0 270.0 5 21
444.0 210.0 5 39
389.0 382.0 5 38
454.0 478.0 5 35
454.0 347.0 5 37
648.0 456.0 5 29
333.0 546.0 5 38
555.0 148.0 6 39
592.0 220.0 6 24
592.0 163.0 6 24
333.0 220.0 6 24
740.0 244.0 6 38
444.0 321.0 6 22
389.0 614.0 6 21
389.0 355.0 6 18
444.0 189.0 6 37
389.0 186.0 6 19
389.0 355.0 6 18
667.0 627.0 6 33
648.0 275.0 7 23
592.0 455.0 7 1
454.0 384.0 7 21
444.0 349.0 7 31
389.0 333.0 7 31
518.0 333.0 7 31
389.0 176.0 7 29
519.0 101.0 7 24
740.0 109.0 7 29
592.0 459.0 7 36
333.0 594.0 8 33
454.0 153.0 8 36
519.0 504.0 8 35
444.0 336.0 8 21
333.0 310.0 8 23
555.0 201.0 8 1
667.0 176.0 8 31
389.0 201.0 8 1
583.0 192.0 8 1
454.0 148.0 9 18
740.0 339.0 9 24
648.0 152.0 9 33
519.0 204.0 9 39
389.0 117.0 9 38
444.0 404.0 9 16
740.0 240.0 9 20
667.0 240.0 9 19
667.0 365.0 9 24
519.0 522.0 9 24
648.0 392.0 10 21
667.0 456.0 10 32
454.0 481.0 10 20
592.0 438.0 10 21
333.0 409.0 10 24
333.0 346.0 10 21
444.0 355.0 10 33
519.0 420.0 10 19
389.0 334.0 10 24
389.0 402.0 10 39
667.0 323.0 10 16
518.0 152.0 11 18
555.0 302.0 11 1
740.0 288.0 11 24
500.0 620.0 11 23
519.0 99.0 11 20
333.0 173.0 11 25
740.0 349.0 12 32
667.0 528.0 12 23
555.0 132.0 12 18
583.0 124.0 12 35
389.0 312.0 12 19
333.0 593.0 12 22
444.0 138.0 12 18
592.0 422.0 12 24
500.0 112.0 12 25
333.0 593.0 12 22
667.0 387.0 12 29
667.0 410.0 12 29
519.0 331.0 13 33
444.0 315.0 13 18
389.0 427.0 13 23
667.0 356.0 13 27
667.0 588.0 13 16
555.0 360.0 13 24
389.0 534.0 13 23
592.0 178.0 13 1
444.0 343.0 14 22
555.0 683.0 14 20
740.0 307.0 14 1
500.0 267.0 14 19
518.0 554.0 14 23
389.0 252.0 14 36
648.0 503.0 15 37
519.0 598.0 15 21
389.0 366.0 15 36
667.0 312.0 15 27
444.0 137.0 15 19
648.0 327.0 15 35
667.0 414.0 16 27
389.0 168.0 16 1
555.0 244.0 16 18
389.0 142.0 16 1
648.0 361.0 17 36
555.0 110.0 17 37
519.0 490.0 17 22
333.0 310.0 17 39
333.0 229.0 17 39
583.0 139.0 17 18
583.0 490.0 17 24
592.0 267.0 17 21
389.0 574.0 18 33
555.0 300.0 18 37
454.0 474.0 18 19
667.0 494.0 18 22
389.0 323.0 18 1
555.0 331.0 18 19
555.0 249.0 18 23
592.0 436.0 18 22
519.0 523.0 18 22
389.0 367.0 18 39
454.0 408.0 19 25
500.0 529.0 19 20
333.0 118.0 19 36
592.0 382.0 19 20
648.0 427.0 19 1
555.0 634.0 20 22
518.0 250.0 20 24
555.0 292.0 20 23
333.0 499.0 20 19
389.0 348.0 20 32
389.0 373.0 20 32
667.0 216.0 20 38
444.0 144.0 21 16
518.0 198.0 21 16
444.0 156.0 21 25
454.0 405.0 21 37
583.0 117.0 21 33
592.0 432.0 21 1
444.0 191.0 22 32
667.0 331.0 22 23
444.0 565.0 22 27
444.0 573.0 22 39
333.0 126.0 22 1
583.0 547.0 22 19
389.0 193.0 23 37
648.0 315.0 23 19
667.0 265.0 23 18
454.0 292.0 23 20
740.0 282.0 23 25
389.0 255.0 23 36
389.0 302.0 23 22
555.0 472.0 23 19
444.0 218.0 24 18
500.0 319.0 24 35
389.0 358.0 24 21
518.0 265.0 24 18
500.0 358.0 24 21
389.0 545.0 24 38
667.0 393.0 24 27
518.0 107.0 24 1
444.0 88.0 25 24
444.0 503.0 25 39
740.0 130.0 25 38
444.0 545.0 25 35
519.0 210.0 26 21
454.0 310.0 26 29
389.0 338.0 26 36
333.0 510.0 26 33
389.0 403.0 26 16
518.0 594.0 26 39
519.0 484.0 26 33
555.0 475.0 26 39
444.0 418.0 27 22
583.0 218.0 27 18
555.0 342.0 27 29
555.0 137.0 27 39
667.0 303.0 27 35
389.0 402.0 28 29
389.0 655.0 28 23
648.0 88.0 28 32
389.0 399.0 28 39
667.0 360.0 28 18
500.0 378.0 28 35
500.0 541.0 28 39
648.0 337.0 28 18
740.0 125.0 29 23
667.0 250.0 29 35
555.0 205.0 29 39
444.0 213.0 29 24
740.0 476.0 29 21
648.0 407.0 29 1
444.0 359.0 29 25
583.0 198.0 29 23
667.0 120.0 29 31
519.0 398.0 29 18
444.0 131.0 30 22
518.0 159.0 30 19
444.0 171.0 30 27
648.0 107.0 30 35
500.0 295.0 30 36
389.0 103.0 30 38
389.0 348.0 30 36
500.0 351.0 30 16
583.0 319.0 31 21
555.0 398.0 31 38
519.0 564.0 31 36
389.0 358.0 31 33
740.0 572.0 31 38
389.0 378.0 32 24
518.0 265.0 32 21
333.0 324.0 32 37
648.0 248.0 32 35
500.0 142.0 32 27
740.0 304.0 32 25
444.0 397.0 32 25
518.0 153.0 32 31
454.0 623.0 32 29
389.0 180.0 32 19
667.0 151.0 32 35
518.0 235.0 32 22
444.0 469.0 33 31
583.0 476.0 33 38
555.0 134.0 33 37
555.0 264.0 33 32
333.0 378.0 33 32
454.0 607.0 33 1
667.0 151.0 33 21
444.0 333.0 33 29
333.0 349.0 33 16
555.0 336.0 33 27
519.0 554.0 34 18
592.0 432.0 34 22
648.0 245.0 34 39
648.0 415.0 34 36
333.0 507.0 34 33
648.0 211.0 34 37
667.0 340.0 35 21
740.0 270.0 35 1
583.0 415.0 35 21
333.0 450.0 35 25
648.0 159.0 35 20
740.0 464.0 35 16
389.0 367.0 35 31
555.0 171.0 35 29
648.0 345.0 35 23
648.0 491.0 35 16
555.0 535.0 35 18
648.0 349.0 35 36
667.0 438.0 36 37
333.0 255.0 36 23
592.0 450.0 36 33
583.0 352.0 36 18
518.0 411.0 36 1
740.0 189.0 37 38
500.0 346.0 37 31
592.0 88.0 37 39
389.0 205.0 37 27
444.0 428.0 37 31
333.0 296.0 37 22
444.0 607.0 37 29
389.0 336.0 37 16
740.0 378.0 38 19
389.0 228.0 38 20
583.0 379.0 38 24
583.0 420.0 38 19
648.0 414.0 38 33
592.0 351.0 38 16
583.0 336.0 38 19
592.0 220.0 38 37
444.0 252.0 38 20
592.0 518.0 39 22
583.0 438.0 39 25
333.0 481.0 39 25
333.0 178.0 39 27
555.0 132.0 39 37
519.0 428.0 39 19
667.0 187.0 40 32
500.0 220.0 40 21
444.0 280.0 40 16
444.0 350.0 40 27
648.0 634.0 40 33
389.0 117.0 40 38
583.0 534.0 40 39
555.0 510.0 40 39
454.0 503.0 40 27

0 396 193 178 219 156 28 211 36 35 75 28 69 46 44 169 254 17 42 114 106 124 76 221 133 111 66 62 24 63 50 67 26 78 35 66 68 152 0 175 
0 396 193 178 219 156 28 211 36 35 75 28 69 46 44 169 254 17 42 114 106 124 76 221 133 111 66 62 24 63 50 67 26 78 0 66 68 152 34 175 
0 396 193 178 219 156 28 211 36 35 75 28 69 46 44 169 254 17 42 114 106 124 76 221 133 111 66 62 24 63 50 67 26 78 0 66 68 152 34 175 
0 396 193 178 219 156 28 211 36 35 75 28 69 46 44 169 254 17 42 114 106 124 76 221 133 111 66 62 24 63 0 67 26 78 35 66 68 152 34 175 
0 396 193 178 219 156 28 211 36 35 75 28 69 46 44 169 254 17 42 114 106 124 76 221 133 111 66 62 24 63 50 67 26 78 35 66 68 0 34 175 
0 396 193 178 219 156 28 211 36 35 75 28 69 46 44 169 254 17 42 114 106 124 76 221 133 111 66 62 24 63 50 67 26 78 35 66 68 152 0 175 
0 396 193 178 219 156 28 211 36 35 75 28 69 46 44 169 254 17 42 114 106 124 76 221 0 111 66 62 24 63 50 67 26 78 35 66 68 152 34 175 
396 0 19 344 119 138 408 175 112 48 32 204 53 43 103 212 68 37 25 55 357 14 0 40 166 18 306 367 233 79 278 327 103 97 63 111 208 269 65 71 
0 0 19 344 119 138 408 175 112 48 32 204 53 43 103 212 68 37 25 55 357 14 236 40 166 18 306 367 233 79 278 327 103 97 63 111 208 269 65 71 
396 0 19 344 119 138 408 175 112 48 32 204 53 43 103 212 68 37 25 55 357 14 236 40 166 18 306 367 233 79 278 327 0 97 63 111 208 269 65 71 
396 0 19 344 119 138 408 175 112 48 32 204 53 43 103 0 68 37 25 55 357 14 236 40 166 18 306 367 233 79 278 327 103 97 63 111 208 269 65 71 
396 0 19 344 119 138 408 175 112 48 32 204 53 43 103 212 68 37 25 55 357 14 236 40 166 18 306 367 233 79 278 327 0 97 63 111 208 269 65 71 
64 39 0 19 214 63 46 110 260 251 47 78 42 21 96 254 41 0 114 85 285 59 50 29 33 17 403 150 129 69 244 355 207 21 230 135 273 91 146 17 
64 39 0 19 214 63 46 110 260 251 47 78 42 21 96 254 41 92 114 85 285 59 50 29 33 17 403 150 129 69 244 0 207 21 230 135 273 91 146 17 
64 39 0 19 214 63 46 110 260 251 47 78 42 21 96 254 41 92 114 85 285 59 50 0 33 17 403 150 129 69 244 355 207 21 230 135 273 91 146 17 
64 39 0 19 214 63 46 110 260 251 47 78 42 21 96 254 41 92 114 85 285 59 50 29 33 17 0 150 129 69 244 355 207 21 230 135 273 91 146 17 
64 39 0 19 214 63 46 110 260 251 47 78 42 21 96 254 41 92 114 85 285 59 50 29 0 17 403 150 129 69 244 355 207 21 230 135 273 91 146 17 
64 39 0 19 214 63 46 110 260 251 47 78 42 21 96 254 41 92 114 85 285 59 50 29 0 17 403 150 129 69 244 355 207 21 230 135 273 91 146 17 
64 39 0 19 214 63 46 110 260 251 47 78 42 21 96 254 41 92 114 85 285 59 50 0 33 17 403 150 129 69 244 355 207 21 230 135 273 91 146 17 
64 39 0 19 214 63 46 110 260 251 47 78 42 21 96 254 41 92 114 85 285 59 50 29 0 17 403 150 129 69 244 355 207 21 230 135 273 91 146 17 
64 39 0 19 214 63 46 110 260 251 47 78 42 21 96 254 41 92 114 85 285 59 50 29 33 17 403 150 129 69 244 355 0 21 230 135 273 91 146 17 
64 39 0 19 214 63 46 110 260 251 47 78 42 21 96 254 41 92 114 85 285 59 50 29 33 17 403 150 129 69 244 355 207 21 230 135 273 0 146 17 
64 39 0 19 214 63 46 110 260 251 47 78 42 21 96 254 41 92 114 85 285 59 50 0 33 17 403 150 129 69 244 355 207 21 230 135 273 91 146 17 
64 39 0 19 214 63 46 110 260 251 47 78 42 21 96 254 41 92 114 85 285 59 0 29 33 17 403 150 129 69 244 355 207 21 230 135 273 91 146 17 
43 57 79 0 342 101 103 198 46 46 234 38 71 88 214 38 115 23 202 43 236 122 51 54 312 199 291 82 163 115 99 283 57 26 135 0 171 56 262 29 
43 57 79 0 342 101 103 198 46 46 234 38 71 88 214 38 115 23 202 43 236 122 51 0 312 199 291 82 163 115 99 283 57 26 135 38 171 56 262 29 
43 57 79 0 342 101 103 198 46 46 234 38 71 88 214 38 115 23 202 43 236 122 51 54 312 199 291 82 163 115 99 283 57 26 135 38 171 0 262 29 
43 57 79 0 342 101 103 198 46 46 234 38 71 88 214 38 115 23 202 43 236 122 51 54 312 199 291 82 163 115 99 283 57 26 135 0 171 56 262 29 
368 239 143 114 0 78 137 334 170 52 48 270 105 29 109 146 94 37 23 19 0 292 412 46 43 166 133 77 126 198 150 22 255 61 46 151 48 33 66 170 
368 239 143 114 0 78 137 334 170 52 48 270 105 29 109 146 94 37 0 19 66 292 412 46 43 166 133 77 126 198 150 22 255 61 46 151 48 33 66 170 
368 239 143 114 0 78 137 334 170 52 48 270 105 29 109 146 94 37 23 19 66 292 412 46 43 166 0 77 126 198 150 22 255 61 46 151 48 33 66 170 
368 239 143 114 0 78 137 334 170 52 48 270 105 29 109 146 94 37 23 19 0 292 412 46 43 166 133 77 126 198 150 22 255 61 46 151 48 33 66 170 
368 239 143 114 0 78 137 334 170 52 48 270 105 29 109 146 94 37 23 19 66 292 412 46 43 166 133 77 126 198 150 22 255 61 46 151 48 33 0 170 
368 239 143 114 0 78 137 334 170 52 48 270 105 29 109 146 94 37 23 19 66 292 412 46 43 166 133 77 126 198 150 22 255 61 46 151 48 0 66 170 
368 239 143 114 0 78 137 334 170 52 48 270 105 29 109 146 94 37 23 19 66 292 412 46 43 166 133 77 126 198 150 22 255 61 0 151 48 33 66 170 
368 239 143 114 0 78 137 334 170 52 48 270 105 29 109 146 94 37 23 19 66 292 412 46 43 166 133 77 126 198 150 22 255 61 46 151 0 33 66 170 
368 239 143 114 0 78 137 334 170 52 48 270 105 29 109 146 94 37 23 19 66 292 412 46 43 166 133 77 0 198 150 22 255 61 46 151 48 33 66 170 
368 239 143 114 0 78 137 334 170 52 48 270 105 29 109 146 94 37 23 19 66 292 412 46 43 166 133 77 126 198 150 22 255 61 46 151 48 0 66 170 
140 138 380 33 117 0 43 50 20 216 399 117 115 32 73 84 134 54 137 252 188 84 48 322 197 54 62 63 21 61 376 81 12 367 121 52 44 312 0 54 
140 138 380 33 117 0 43 50 20 216 399 117 115 32 73 84 134 54 137 252 188 84 48 0 197 54 62 63 21 61 376 81 12 367 121 52 44 312 379 54 
140 138 380 33 117 0 43 50 20 216 399 117 115 32 73 84 134 54 137 252 188 84 48 0 197 54 62 63 21 61 376 81 12 367 121 52 44 312 379 54 
140 138 380 33 117 0 43 50 20 216 399 117 115 32 73 84 134 54 137 252 188 84 48 0 197 54 62 63 21 61 376 81 12 367 121 52 44 312 379 54 
140 138 380 33 117 0 43 50 20 216 399 117 115 32 73 84 134 54 137 252 188 84 48 322 197 54 62 63 21 61 376 81 12 367 121 52 44 0 379 54 
140 138 380 33 117 0 43 50 20 216 399 117 115 32 73 84 134 54 137 252 188 0 48 322 197 54 62 63 21 61 376 81 12 367 121 52 44 312 379 54 
140 138 380 33 117 0 43 50 20 216 399 117 115 32 73 84 134 54 137 252 0 84 48 322 197 54 62 63 21 61 376 81 12 367 121 52 44 312 379 54 
140 138 380 33 117 0 43 50 20 216 399 117 115 32 73 84 134 0 137 252 188 84 48 322 197 54 62 63 21 61 376 81 12 367 121 52 44 312 379 54 
140 138 380 33 117 0 43 50 20 216 399 117 115 32 73 84 134 54 137 252 188 84 48 322 197 54 62 63 21 61 376 81 12 367 121 52 0 312 379 54 
140 138 380 33 117 0 43 50 20 216 399 117 115 32 73 84 134 54 0 252 188 84 48 322 197 54 62 63 21 61 376 81 12 367 121 52 44 312 379 54 
140 138 380 33 117 0 43 50 20 216 399 117 115 32 73 84 134 0 137 252 188 84 48 322 197 54 62 63 21 61 376 81 12 367 121 52 44 312 379 54 
140 138 380 33 117 0 43 50 20 216 399 117 115 32 73 84 134 54 137 252 188 84 48 322 197 54 62 63 21 61 376 81 0 367 121 52 44 312 379 54 
56 272 187 68 68 259 0 29 60 72 29 56 262 113 88 101 109 13 272 274 65 24 0 199 290 68 69 189 137 71 373 72 65 100 69 16 65 68 26 229 
0 272 187 68 68 259 0 29 60 72 29 56 262 113 88 101 109 13 272 274 65 24 233 199 290 68 69 189 137 71 373 72 65 100 69 16 65 68 26 229 
56 272 187 68 68 259 0 29 60 72 29 56 262 113 88 101 109 13 272 274 0 24 233 199 290 68 69 189 137 71 373 72 65 100 69 16 65 68 26 229 
56 272 187 68 68 259 0 29 60 72 29 56 262 113 88 101 109 13 272 274 65 24 233 199 290 68 69 189 137 71 0 72 65 100 69 16 65 68 26 229 
56 272 187 68 68 259 0 29 60 72 29 56 262 113 88 101 109 13 272 274 65 24 233 199 290 68 69 189 137 71 0 72 65 100 69 16 65 68 26 229 
56 272 187 68 68 259 0 29 60 72 29 56 262 113 88 101 109 13 272 274 65 24 233 199 290 68 69 189 137 71 0 72 65 100 69 16 65 68 26 229 
56 272 187 68 68 259 0 29 60 72 29 56 262 113 88 101 109 13 272 274 65 24 233 199 290 68 69 189 0 71 373 72 65 100 69 16 65 68 26 229 
56 272 187 68 68 259 0 29 60 72 29 56 262 113 88 101 109 13 272 274 65 24 233 0 290 68 69 189 137 71 373 72 65 100 69 16 65 68 26 229 
56 272 187 68 68 259 0 29 60 72 29 56 262 113 88 101 109 13 272 274 65 24 233 199 290 68 69 189 0 71 373 72 65 100 69 16 65 68 26 229 
56 272 187 68 68 259 0 29 60 72 29 56 262 113 88 101 109 13 272 274 65 24 233 199 290 68 69 189 137 71 373 72 65 100 69 0 65 68 26 229 
265 263 110 33 55 75 29 0 309 64 70 63 236 171 212 94 18 206 301 126 21 254 29 42 68 160 220 49 149 48 67 158 0 109 106 61 54 103 60 240 
265 263 110 33 55 75 29 0 309 64 70 63 236 171 212 94 18 206 301 126 21 254 29 42 68 160 220 49 149 48 67 158 44 109 106 0 54 103 60 240 
265 263 110 33 55 75 29 0 309 64 70 63 236 171 212 94 18 206 301 126 21 254 29 42 68 160 220 49 149 48 67 158 44 109 0 61 54 103 60 240 
265 263 110 33 55 75 29 0 309 64 70 63 236 171 212 94 18 206 301 126 0 254 29 42 68 160 220 49 149 48 67 158 44 109 106 61 54 103 60 240 
265 263 110 33 55 75 29 0 309 64 70 63 236 171 212 94 18 206 301 126 21 254 0 42 68 160 220 49 149 48 67 158 44 109 106 61 54 103 60 240 
0 263 110 33 55 75 29 0 309 64 70 63 236 171 212 94 18 206 301 126 21 254 29 42 68 160 220 49 149 48 67 158 44 109 106 61 54 103 60 240 
265 263 110 33 55 75 29 0 309 64 70 63 236 171 212 94 18 206 301 126 21 254 29 42 68 160 220 49 149 48 0 158 44 109 106 61 54 103 60 240 
0 263 110 33 55 75 29 0 309 64 70 63 236 171 212 94 18 206 301 126 21 254 29 42 68 160 220 49 149 48 67 158 44 109 106 61 54 103 60 240 
0 263 110 33 55 75 29 0 309 64 70 63 236 171 212 94 18 206 301 126 21 254 29 42 68 160 220 49 149 48 67 158 44 109 106 61 54 103 60 240 
58 56 65 139 170 61 121 206 0 182 20 213 67 137 52 25 193 0 334 354 196 21 122 105 112 61 64 79 86 80 42 229 343 138 270 261 118 266 117 29 
58 56 65 139 170 61 121 206 0 182 20 213 67 137 52 25 193 103 334 354 196 21 122 0 112 61 64 79 86 80 42 229 343 138 270 261 118 266 117 29 
58 56 65 139 170 61 121 206 0 182 20 213 67 137 52 25 193 103 334 354 196 21 122 105 112 61 64 79 86 80 42 229 0 138 270 261 118 266 117 29 
58 56 65 139 170 61 121 206 0 182 20 213 67 137 52 25 193 103 334 354 196 21 122 105 112 61 64 79 86 80 42 229 343 138 270 261 118 266 0 29 
58 56 65 139 170 61 121 206 0 182 20 213 67 137 52 25 193 103 334 354 196 21 122 105 112 61 64 79 86 80 42 229 343 138 270 261 118 0 117 29 
58 56 65 139 170 61 121 206 0 182 20 213 67 137 52 0 193 103 334 354 196 21 122 105 112 61 64 79 86 80 42 229 343 138 270 261 118 266 117 29 
58 56 65 139 170 61 121 206 0 182 20 213 67 137 52 25 193 103 334 0 196 21 122 105 112 61 64 79 86 80 42 229 343 138 270 261 118 266 117 29 
58 56 65 139 170 61 121 206 0 182 20 213 67 137 52 25 193 103 0 354 196 21 122 105 112 61 64 79 86 80 42 229 343 138 270 261 118 266 117 29 
58 56 65 139 170 61 121 206 0 182 20 213 67 137 52 25 193 103 334 354 196 21 122 0 112 61 64 79 86 80 42 229 343 138 270 261 118 266 117 29 
58 56 65 139 170 61 121 206 0 182 20 213 67 137 52 25 193 103 334 354 196 21 122 0 112 61 64 79 86 80 42 229 343 138 270 261 118 266 117 29 
55 48 125 46 209 216 108 64 182 0 60 48 66 72 185 102 52 28 151 206 0 154 138 174 174 58 95 32 83 37 334 11 99 122 142 160 213 188 31 70 
55 48 125 46 209 216 108 64 182 0 60 48 66 72 185 102 52 28 151 206 70 154 138 174 174 58 95 32 83 37 334 0 99 122 142 160 213 188 31 70 
55 48 125 46 209 216 108 64 182 0 60 48 66 72 185 102 52 28 151 0 70 154 138 174 174 58 95 32 83 37 334 11 99 122 142 160 213 188 31 70 
55 48 125 46 209 216 108 64 182 0 60 48 66 72 185 102 52 28 151 206 0 154 138 174 174 58 95 32 83 37 334 11 99 122 142 160 213 188 31 70 
55 48 125 46 209 216 108 64 182 0 60 48 66 72 185 102 52 28 151 206 70 154 138 0 174 58 95 32 83 37 334 11 99 122 142 160 213 188 31 70 
55 48 125 46 209 216 108 64 182 0 60 48 66 72 185 102 52 28 151 206 0 154 138 174 174 58 95 32 83 37 334 11 99 122 142 160 213 188 31 70 
55 48 125 46 209 216 108 64 182 0 60 48 66 72 185 102 52 28 151 206 70 154 138 174 174 58 95 32 83 37 334 11 0 122 142 160 213 188 31 70 
55 48 125 46 209 216 108 64 182 0 60 48 66 72 185 102 52 28 0 206 70 154 138 174 174 58 95 32 83 37 334 11 99 122 142 160 213 188 31 70 
55 48 125 46 209 216 108 64 182 0 60 48 66 72 185 102 52 28 151 206 70 154 138 0 174 58 95 32 83 37 334 11 99 122 142 160 213 188 31 70 
55 48 125 46 209 216 108 64 182 0 60 48 66 72 185 102 52 28 151 206 70 154 138 174 174 58 95 32 83 37 334 11 99 122 142 160 213 188 0 70 
55 48 125 46 209 216 108 64 182 0 60 48 66 72 185 0 52 28 151 206 70 154 138 174 174 58 95 32 83 37 334 11 99 122 142 160 213 188 31 70 
50 196 95 234 97 399 29 70 20 360 0 37 72 41 266 96 59 0 119 268 119 120 141 236 231 20 86 68 64 363 25 271 220 94 68 27 44 80 417 409 
0 196 95 234 97 399 29 70 20 360 0 37 72 41 266 96 59 80 119 268 119 120 141 236 231 20 86 68 64 363 25 271 220 94 68 27 44 80 417 409 
50 196 95 234 97 399 29 70 20 360 0 37 72 41 266 96 59 80 119 268 119 120 141 0 231 20 86 68 64 363 25 271 220 94 68 27 44 80 417 409 
50 196 95 234 97 399 29 70 20 360 0 37 72 41 266 96 59 80 119 268 119 120 0 236 231 20 86 68 64 363 25 271 220 94 68 27 44 80 417 409 
50 196 95 234 97 399 29 70 20 360 0 37 72 41 266 96 59 80 119 0 119 120 141 236 231 20 86 68 64 363 25 271 220 94 68 27 44 80 417 409 
50 196 95 234 97 399 29 70 20 360 0 37 72 41 266 96 59 80 119 268 119 120 141 236 0 20 86 68 64 363 25 271 220 94 68 27 44 80 417 409 
44 136 78 76 45 117 56 63 213 97 74 0 46 97 15 390 162 354 416 25 66 89 35 104 304 39 47 86 91 96 62 0 94 241 139 142 232 45 80 64 
44 136 78 76 45 117 56 63 213 97 74 0 46 97 15 390 162 354 416 25 66 89 0 104 304 39 47 86 91 96 62 413 94 241 139 142 232 45 80 64 
44 136 78 76 45 117 56 63 213 97 74 0 46 97 15 390 162 0 416 25 66 89 35 104 304 39 47 86 91 96 62 413 94 241 139 142 232 45 80 64 
44 136 78 76 45 117 56 63 213 97 74 0 46 97 15 390 162 354 416 25 66 89 35 104 304 39 47 86 91 96 62 413 94 241 0 142 232 45 80 64 
44 136 78 76 45 117 56 63 213 97 74 0 46 97 15 390 162 354 0 25 66 89 35 104 304 39 47 86 91 96 62 413 94 241 139 142 232 45 80 64 
44 136 78 76 45 117 56 63 213 97 74 0 46 97 15 390 162 354 416 25 66 0 35 104 304 39 47 86 91 96 62 413 94 241 139 142 232 45 80 64 
44 136 78 76 45 117 56 63 213 97 74 0 46 97 15 390 162 0 416 25 66 89 35 104 304 39 47 86 91 96 62 413 94 241 139 142 232 45 80 64 
44 136 78 76 45 117 56 63 213 97 74 0 46 97 15 390 162 354 416 25 66 89 35 0 304 39 47 86 91 96 62 413 94 241 139 142 232 45 80 64 
44 136 78 76 45 117 56 63 213 97 74 0 46 97 15 390 162 354 416 25 66 89 35 104 0 39 47 86 91 96 62 413 94 241 139 142 232 45 80 64 
44 136 78 76 45 117 56 63 213 97 74 0 46 97 15 390 162 354 416 25 66 0 35 104 304 39 47 86 91 96 62 413 94 241 139 142 232 45 80 64 
44 136 78 76 45 117 56 63 213 97 74 0 46 97 15 390 162 354 416 25 66 89 35 104 304 39 47 86 0 96 62 413 94 241 139 142 232 45 80 64 
44 136 78 76 45 117 56 63 213 97 74 0 46 97 15 390 162 354 416 25 66 89 35 104 304 39 47 86 0 96 62 413 94 241 139 142 232 45 80 64 
49 160 252 47 70 57 131 118 67 133 144 23 0 57 179 71 267 24 260 410 372 41 65 145 101 341 115 69 169 115 13 121 0 104 288 150 67 419 38 134 
49 160 252 47 70 57 131 118 67 133 144 23 0 57 179 71 267 0 260 410 372 41 65 145 101 341 115 69 169 115 13 121 85 104 288 150 67 419 38 134 
49 160 252 47 70 57 131 118 67 133 144 23 0 57 179 71 267 24 260 410 372 41 0 145 101 341 115 69 169 115 13 121 85 104 288 150 67 419 38 134 
49 160 252 47 70 57 131 118 67 133 144 23 0 57 179 71 267 24 260 410 372 41 65 145 101 341 0 69 169 115 13 121 85 104 288 150 67 419 38 134 
49 160 252 47 70 57 131 118 67 133 144 23 0 57 179 0 267 24 260 410 372 41 65 145 101 341 115 69 169 115 13 121 85 104 288 150 67 419 38 134 
49 160 252 47 70 57 131 118 67 133 144 23 0 57 179 71 267 24 260 410 372 41 65 0 101 341 115 69 169 115 13 121 85 104 288 150 67 419 38 134 
49 160 252 47 70 57 131 118 67 133 144 23 0 57 179 71 267 24 260 410 372 41 0 145 101 341 115 69 169 115 13 121 85 104 288 150 67 419 38 134 
0 160 252 47 70 57 131 118 67 133 144 23 0 57 179 71 267 24 260 410 372 41 65 145 101 341 115 69 169 115 13 121 85 104 288 150 67 419 38 134 
256 21 84 132 117 97 56 57 411 24 41 97 115 0 39 117 68 130 300 38 48 0 30 51 130 21 91 60 49 146 60 296 10 169 35 84 112 133 127 48 
256 21 84 132 117 97 56 57 411 24 41 97 115 0 39 117 68 130 300 0 48 106 30 51 130 21 91 60 49 146 60 296 10 169 35 84 112 133 127 48 
0 21 84 132 117 97 56 57 411 24 41 97 115 0 39 117 68 130 300 38 48 106 30 51 130 21 91 60 49 146 60 296 10 169 35 84 112 133 127 48 
256 21 84 132 117 97 56 57 411 24 41 97 115 0 39 117 68 130 0 38 48 106 30 51 130 21 91 60 49 146 60 296 10 169 35 84 112 133 127 48 
256 21 84 132 117 97 56 57 411 24 41 97 115 0 39 117 68 130 300 38 48 106 0 51 130 21 91 60 49 146 60 296 10 169 35 84 112 133 127 48 
256 21 84 132 117 97 56 57 411 24 41 97 115 0 39 117 68 130 300 38 48 106 30 51 130 21 91 60 49 146 60 296 10 169 35 0 112 133 127 48 
92 206 192 321 218 73 88 212 105 278 266 63 44 39 0 48 127 65 60 42 33 111 162 230 144 110 53 16 176 42 111 15 42 258 263 234 0 55 22 25 
92 206 192 321 218 73 88 212 105 278 266 63 44 39 0 48 127 65 60 42 0 111 162 230 144 110 53 16 176 42 111 15 42 258 263 234 26 55 22 25 
92 206 192 321 218 73 88 212 105 278 266 63 44 39 0 48 127 65 60 42 33 111 162 230 144 110 53 16 176 42 111 15 42 258 263 0 26 55 22 25 
92 206 192 321 218 73 88 212 105 278 266 63 44 39 0 48 127 65 60 42 33 111 162 230 144 110 0 16 176 42 111 15 42 258 263 234 26 55 22 25 
92 206 192 321 218 73 88 212 105 278 266 63 44 39 0 48 127 65 0 42 33 111 162 230 144 110 53 16 176 42 111 15 42 258 263 234 26 55 22 25 
92 206 192 321 218 73 88 212 105 278 266 63 44 39 0 48 127 65 60 42 33 111 162 230 144 110 53 16 176 42 111 15 42 258 0 234 26 55 22 25 
392 53 63 38 73 42 67 94 25 153 96 260 35 234 292 0 253 64 42 354 235 51 128 279 332 30 0 242 212 48 214 27 44 49 92 148 27 69 23 151 
0 53 63 38 73 42 67 94 25 153 96 260 35 234 292 0 253 64 42 354 235 51 128 279 332 30 28 242 212 48 214 27 44 49 92 148 27 69 23 151 
392 53 63 38 73 42 67 94 25 153 96 260 35 234 292 0 253 0 42 354 235 51 128 279 332 30 28 242 212 48 214 27 44 49 92 148 27 69 23 151 
0 53 63 38 73 42 67 94 25 153 96 260 35 234 292 0 253 64 42 354 235 51 128 279 332 30 28 242 212 48 214 27 44 49 92 148 27 69 23 151 
138 68 250 347 94 134 164 18 48 52 354 108 178 409 31 168 0 42 42 404 259 44 114 73 269 39 56 22 121 231 129 291 134 50 148 0 227 15 356 331 
138 68 250 347 94 134 164 18 48 52 354 108 178 409 31 168 0 42 42 404 259 44 114 73 269 39 56 22 121 231 129 291 134 50 148 217 0 15 356 331 
138 68 250 347 94 134 164 18 48 52 354 108 178 409 31 168 0 42 42 404 259 0 114 73 269 39 56 22 121 231 129 291 134 50 148 217 227 15 356 331 
138 68 250 347 94 134 164 18 48 52 354 108 178 409 31 168 0 42 42 404 259 44 114 73 269 39 56 22 121 231 129 291 134 50 148 217 227 15 0 331 
138 68 250 347 94 134 164 18 48 52 354 108 178 409 31 168 0 42 42 404 259 44 114 73 269 39 56 22 121 231 129 291 134 50 148 217 227 15 0 331 
138 68 250 347 94 134 164 18 48 52 354 108 178 409 31 168 0 0 42 404 259 44 114 73 269 39 56 22 121 231 129 291 134 50 148 217 227 15 356 331 
138 68 250 347 94 134 164 18 48 52 354 108 178 409 31 168 0 42 42 404 259 44 114 0 269 39 56 22 121 231 129 291 134 50 148 217 227 15 356 331 
138 68 250 347 94 134 164 18 48 52 354 108 178 409 31 168 0 42 42 404 0 44 114 73 269 39 56 22 121 231 129 291 134 50 148 217 227 15 356 331 
107 151 138 47 18 108 82 310 206 171 40 118 98 65 130 385 85 0 50 113 185 38 50 166 92 10 231 38 24 147 22 63 0 29 73 66 247 59 59 131 
107 151 138 47 18 108 82 310 206 171 40 118 98 65 130 385 85 0 50 113 185 38 50 166 92 10 231 38 24 147 22 63 130 29 73 66 0 59 59 131 
107 151 138 47 18 108 82 310 206 171 40 118 98 65 130 385 85 0 0 113 185 38 50 166 92 10 231 38 24 147 22 63 130 29 73 66 247 59 59 131 
107 151 138 47 18 108 82 310 206 171 40 118 98 65 130 385 85 0 50 113 185 0 50 166 92 10 231 38 24 147 22 63 130 29 73 66 247 59 59 131 
0 151 138 47 18 108 82 310 206 171 40 118 98 65 130 385 85 0 50 113 185 38 50 166 92 10 231 38 24 147 22 63 130 29 73 66 247 59 59 131 
107 151 138 47 18 108 82 310 206 171 40 118 98 65 130 385 85 0 0 113 185 38 50 166 92 10 231 38 24 147 22 63 130 29 73 66 247 59 59 131 
107 151 138 47 18 108 82 310 206 171 40 118 98 65 130 385 85 0 50 113 185 38 0 166 92 10 231 38 24 147 22 63 130 29 73 66 247 59 59 131 
107 151 138 47 18 108 82 310 206 171 40 118 98 65 130 385 85 0 50 113 185 0 50 166 92 10 231 38 24 147 22 63 130 29 73 66 247 59 59 131 
107 151 138 47 18 108 82 310 206 171 40 118 98 65 130 385 85 0 50 113 185 0 50 166 92 10 231 38 24 147 22 63 130 29 73 66 247 59 59 131 
107 151 138 47 18 108 82 310 206 171 40 118 98 65 130 385 85 0 50 113 185 38 50 166 92 10 231 38 24 147 22 63 130 29 73 66 247 59 0 131 
21 102 114 202 23 274 136 100 111 25 239 277 130 300 60 21 84 100 0 226 255 48 222 221 0 73 53 63 57 67 141 52 316 78 87 195 32 124 30 84 
21 102 114 202 23 274 136 100 111 25 239 277 130 300 60 21 84 100 0 0 255 48 222 221 135 73 53 63 57 67 141 52 316 78 87 195 32 124 30 84 
21 102 114 202 23 274 136 100 111 25 239 277 130 300 60 21 84 100 0 226 255 48 222 221 135 73 53 63 57 67 141 52 316 78 87 0 32 124 30 84 
21 102 114 202 23 274 136 100 111 25 239 277 130 300 60 21 84 100 0 0 255 48 222 221 135 73 53 63 57 67 141 52 316 78 87 195 32 124 30 84 
0 102 114 202 23 274 136 100 111 25 239 277 130 300 60 21 84 100 0 226 255 48 222 221 135 73 53 63 57 67 141 52 316 78 87 195 32 124 30 84 
114 331 127 43 114 252 68 126 59 206 179 153 136 38 170 236 269 56 226 0 45 0 33 255 143 40 164 13 276 362 374 76 21 276 112 269 15 157 41 221 
114 331 127 43 114 252 68 126 59 206 179 153 136 38 170 236 269 56 226 0 45 75 33 0 143 40 164 13 276 362 374 76 21 276 112 269 15 157 41 221 
114 331 127 43 114 252 68 126 59 206 179 153 136 38 170 236 269 56 226 0 45 75 0 255 143 40 164 13 276 362 374 76 21 276 112 269 15 157 41 221 
114 331 127 43 114 252 68 126 59 206 179 153 136 38 170 236 269 56 0 0 45 75 33 255 143 40 164 13 276 362 374 76 21 276 112 269 15 157 41 221 
114 331 127 43 114 252 68 126 59 206 179 153 136 38 170 236 269 56 226 0 45 75 33 255 143 40 164 13 276 362 374 0 21 276 112 269 15 157 41 221 
114 331 127 43 114 252 68 126 59 206 179 153 136 38 170 236 269 56 226 0 45 75 33 255 143 40 164 13 276 362 374 0 21 276 112 269 15 157 41 221 
114 331 127 43 114 252 68 126 59 206 179 153 136 38 170 236 269 56 226 0 45 75 33 255 143 40 164 13 276 362 374 76 21 276 112 269 15 0 41 221 
35 238 47 59 33 188 65 42 131 17 238 66 124 97 201 0 129 61 170 91 0 13 109 151 68 133 211 49 24 207 62 51 250 43 166 207 67 90 38 394 
35 238 47 59 33 188 65 42 131 17 238 66 124 97 201 0 129 61 170 91 0 13 109 151 68 133 211 49 24 207 62 51 250 43 166 207 67 90 38 394 
35 238 47 59 33 188 65 42 131 17 238 66 124 97 201 156 129 61 170 91 0 13 109 151 0 133 211 49 24 207 62 51 250 43 166 207 67 90 38 394 
35 238 47 59 33 188 65 42 131 17 238 66 124 97 201 156 129 61 170 91 0 13 109 151 68 133 211 49 24 207 62 51 250 43 166 207 0 90 38 394 
35 238 47 59 33 188 65 42 131 17 238 66 124 97 201 156 129 61 170 91 0 13 109 151 68 133 211 49 24 207 62 51 0 43 166 207 67 90 38 394 
0 238 47 59 33 188 65 42 131 17 238 66 124 97 201 156 129 61 170 91 0 13 109 151 68 133 211 49 24 207 62 51 250 43 166 207 67 90 38 394 
84 29 88 244 195 42 147 42 84 51 360 134 247 53 111 25 44 38 97 75 26 0 102 385 167 175 12 157 86 261 289 0 256 81 96 52 112 96 34 147 
