40 177 3

0 287 481 462 120 377 516 517 400 255 145 423 473 555 328 374 383 347 498 416 499 329 169 151 267 365 568 424 479 175 436 416 589 173 371 227 155 528 548 585 
287 0 495 279 516 196 211 391 496 319 199 499 189 212 177 198 301 280 305 259 371 357 398 186 415 415 144 155 432 584 288 147 110 241 249 147 492 157 465 526 
481 495 0 475 264 493 401 309 222 474 365 554 364 293 440 349 508 302 372 263 292 114 317 204 368 130 436 551 101 440 173 360 227 568 570 261 231 396 272 467 
462 279 475 0 450 146 103 491 333 143 396 169 281 463 206 431 164 254 219 500 359 358 260 389 560 219 152 481 408 555 287 461 410 352 170 345 126 459 492 595 
120 516 264 450 0 128 460 438 499 537 320 508 133 379 511 593 219 582 368 257 428 348 546 416 282 391 208 490 409 478 261 333 338 224 119 451 127 373 366 440 
377 196 493 146 128 0 460 574 318 177 575 349 238 447 449 152 531 343 102 227 561 152 244 573 348 191 447 535 175 335 187 223 390 244 548 527 315 417 439 515 
516 211 401 103 460 460 0 233 390 527 202 228 510 563 457 240 369 142 106 240 118 529 348 298 557 517 200 115 259 134 475 242 188 312 371 554 305 209 341 336 
517 391 309 491 438 574 233 0 214 107 537 246 284 448 366 290 544 132 429 584 229 368 511 212 496 209 486 307 365 551 101 317 147 124 298 539 584 369 229 144 
400 496 222 333 499 318 390 214 0 118 352 131 194 558 349 322 279 496 259 119 291 229 338 518 187 433 344 549 325 248 561 408 351 324 284 101 578 298 127 244 
255 319 474 143 537 177 527 107 118 0 205 322 598 560 114 208 265 581 557 507 465 177 415 110 537 485 102 416 146 585 312 598 428 232 245 139 380 119 144 127 
145 199 365 396 320 575 202 537 352 205 0 520 337 174 208 213 216 457 511 333 427 368 140 568 107 203 292 113 477 211 360 291 570 144 222 429 542 247 105 464 
423 499 554 169 508 349 228 246 131 322 520 0 475 119 131 411 345 468 527 481 539 283 341 208 565 545 577 533 145 419 203 585 277 447 534 167 403 590 228 307 
473 189 364 281 133 238 510 284 194 598 337 475 0 481 589 342 387 412 585 326 581 583 574 537 370 548 497 552 578 566 328 302 304 355 503 583 109 118 209 121 
555 212 293 463 379 447 563 448 558 560 174 119 481 0 393 525 252 292 251 417 474 389 475 351 317 320 149 219 126 374 584 148 389 474 384 178 449 560 185 136 
328 177 440 206 511 449 457 366 349 114 208 131 589 393 0 320 428 510 186 202 378 371 104 256 262 451 374 335 455 594 360 323 317 179 261 278 287 330 359 337 
374 198 349 431 593 152 240 290 322 208 213 411 342 525 320 0 136 257 541 135 143 292 489 168 306 383 127 342 220 160 140 416 498 594 525 475 255 566 314 519 
383 301 508 164 219 531 369 544 279 265 216 345 387 252 428 136 0 257 380 490 462 496 466 137 248 239 429 116 527 202 197 154 257 221 116 580 540 256 463 141 
347 280 302 254 582 343 142 132 496 581 457 468 412 292 510 257 257 0 118 568 426 176 132 254 525 326 165 360 427 356 539 128 374 473 366 210 249 110 476 557 
498 305 372 219 368 102 106 429 259 557 511 527 585 251 186 541 380 118 0 144 599 234 146 150 270 597 285 242 158 509 104 351 598 143 144 272 545 238 102 181 
416 259 263 500 257 227 240 584 119 507 333 481 326 417 202 135 490 568 144 0 514 173 427 112 120 123 484 185 287 148 565 457 588 475 599 245 224 193 412 259 
499 371 292 359 428 561 118 229 291 465 427 539 581 474 378 143 462 426 599 514 0 564 493 330 457 448 467 259 519 445 356 300 433 181 404 483 138 466 143 331 
329 357 114 358 348 152 529 368 229 177 368 283 583 389 371 292 496 176 234 173 564 0 563 312 296 482 371 188 136 489 319 338 580 420 335 111 231 102 473 104 
169 398 317 260 546 244 348 511 338 415 140 341 574 475 104 489 466 132 146 427 493 563 0 354 498 439 270 241 328 343 179 203 189 405 459 351 209 505 324 111 
151 186 204 389 416 573 298 212 518 110 568 208 537 351 256 168 137 254 150 112 330 312 354 0 443 208 416 553 372 583 184 169 390 366 455 301 156 251 385 133 
267 415 368 560 282 348 557 496 187 537 107 565 370 317 262 306 248 525 270 120 457 296 498 443 0 315 293 226 540 247 112 595 523 123 349 202 285 568 407 199 
365 415 130 219 391 191 517 209 433 485 203 545 548 320 451 383 239 326 597 123 448 482 439 208 315 0 231 237 466 320 315 305 266 459 228 322 548 147 321 333 
568 144 436 152 208 447 200 486 344 102 292 577 497 149 374 127 429 165 285 484 467 371 270 416 293 231 0 269 267 395 282 372 575 129 469 283 377 511 593 386 
424 155 551 481 490 535 115 307 549 416 113 533 552 219 335 342 116 360 242 185 259 188 241 553 226 237 269 0 341 467 507 504 598 421 303 410 255 477 502 538 
479 432 101 408 409 175 259 365 325 146 477 145 578 126 455 220 527 427 158 287 519 136 328 372 540 466 267 341 0 210 511 255 277 352 354 303 598 203 490 468 
175 584 440 555 478 335 134 551 248 585 211 419 566 374 594 160 202 356 509 148 445 489 343 583 247 320 395 467 210 0 467 270 524 311 285 561 296 526 144 318 
436 288 173 287 261 187 475 101 561 312 360 203 328 584 360 140 197 539 104 565 356 319 179 184 112 315 282 507 511 467 0 448 209 136 547 124 302 337 139 562 
416 147 360 461 333 223 242 317 408 598 291 585 302 148 323 416 154 128 351 457 300 338 203 169 595 305 372 504 255 270 448 0 132 542 577 100 565 105 178 200 
589 110 227 410 338 390 188 147 351 428 570 277 304 389 317 498 257 374 598 588 433 580 189 390 523 266 575 598 277 524 209 132 0 571 499 536 567 485 190 563 
173 241 568 352 224 244 312 124 324 232 144 447 355 474 179 594 221 473 143 475 181 420 405 366 123 459 129 421 352 311 136 542 571 0 138 459 509 572 178 499 
371 249 570 170 119 548 371 298 284 245 222 534 503 384 261 525 116 366 144 599 404 335 459 455 349 228 469 303 354 285 547 577 499 138 0 311 278 508 228 592 
227 147 261 345 451 527 554 539 101 139 429 167 583 178 278 475 580 210 272 245 483 111 351 301 202 322 283 410 303 561 124 100 536 459 311 0 148 525 577 161 
155 492 231 126 127 315 305 584 578 380 542 403 109 449 287 255 540 249 545 224 138 231 209 156 285 548 377 255 598 296 302 565 567 509 278 148 0 594 336 432 
528 157 396 459 373 417 209 369 298 119 247 590 118 560 330 566 256 110 238 193 466 102 505 251 568 147 511 477 203 526 337 105 485 572 508 525 594 0 207 200 
548 465 272 492 366 439 341 229 127 144 105 228 209 185 359 314 463 476 102 412 143 473 324 385 407 321 593 502 490 144 139 178 190 178 228 577 336 207 0 395 
585 526 467 595 440 515 336 144 244 127 464 307 121 136 337 519 141 557 181 259 331 104 111 133 199 333 386 538 468 318 562 200 563 499 592 161 432 200 395 0 

0 36 88 91 30 66 33 31 38 31 63 56 99 52 83 90 92 60 66 75 33 72 85 66 80 70 33 38 68 52 79 77 95 62 62 92 35 97 38 49 
36 0 65 77 36 36 80 31 76 92 60 67 96 89 40 58 89 63 56 39 39 61 88 32 93 30 45 59 73 60 76 93 43 98 94 45 68 54 78 47 
88 65 0 46 54 53 32 55 66 85 89 60 37 40 84 43 69 98 79 93 41 64 71 83 30 38 79 42 73 52 89 45 74 92 89 41 30 96 41 65 
91 77 46 0 36 59 32 34 34 86 54 64 95 80 64 32 61 57 38 59 88 83 61 43 52 96 31 79 81 87 60 98 32 74 54 57 88 42 78 39 
30 36 54 36 0 94 78 49 99 84 46 99 70 53 78 59 34 97 53 83 54 63 67 65 94 91 32 74 66 70 78 36 30 81 60 97 43 33 73 35 
66 36 53 59 94 0 92 69 82 60 59 93 86 96 36 41 80 54 56 42 92 31 50 75 52 81 55 79 48 44 87 67 97 57 71 45 92 71 92 61 
33 80 32 32 78 92 0 83 59 68 52 80 50 99 77 56 66 30 95 57 53 33 51 47 60 71 36 45 54 82 50 85 74 64 94 71 36 46 98 81 
31 31 55 34 49 69 83 0 85 41 43 56 60 80 37 75 48 99 51 57 32 63 78 44 49 38 37 32 53 45 51 47 41 60 84 66 54 74 88 92 
38 76 66 34 99 82 59 85 0 62 86 60 71 98 67 72 99 79 47 40 43 74 32 34 31 72 38 45 62 94 70 61 37 83 83 89 56 58 41 66 
31 92 85 86 84 60 68 41 62 0 84 56 38 72 67 78 94 89 69 61 78 43 87 98 96 74 78 52 36 64 62 51 74 81 67 58 83 78 63 64 
63 60 89 54 46 59 52 43 86 84 0 86 92 81 33 85 57 85 73 87 53 75 50 64 66 97 51 93 85 85 72 68 65 83 52 37 81 45 40 98 
56 67 60 64 99 93 80 56 60 56 86 0 58 86 57 55 54 61 77 85 34 43 78 74 67 71 40 59 39 32 83 97 98 35 40 63 90 53 68 47 
99 96 37 95 70 86 50 60 71 38 92 58 0 76 41 72 59 61 54 92 77 55 94 78 83 95 67 86 45 30 34 78 48 79 42 89 94 94 46 58 
52 89 40 80 53 96 99 80 98 72 81 86 76 0 39 50 81 40 45 36 74 82 94 92 31 51 65 71 65 63 71 65 30 51 80 31 42 49 74 86 
83 40 84 64 78 36 77 37 67 67 33 57 41 39 0 60 46 85 84 63 51 84 85 34 78 56 98 37 58 31 45 92 71 58 83 60 88 37 76 58 
90 58 43 32 59 41 56 75 72 78 85 55 72 50 60 0 33 53 45 49 47 45 51 37 52 90 99 31 52 76 75 36 31 99 32 38 41 85 60 58 
92 89 69 61 34 80 66 48 99 94 57 54 59 81 46 33 0 48 78 48 83 73 60 56 53 83 45 55 93 62 95 62 33 37 53 81 91 47 57 80 
60 63 98 57 97 54 30 99 79 89 85 61 61 40 85 53 48 0 51 53 53 31 66 36 98 50 30 44 41 39 73 37 56 35 42 42 64 52 78 50 
66 56 79 38 53 56 95 51 47 69 73 77 54 45 84 45 78 51 0 74 64 79 60 65 87 32 90 92 64 62 75 64 94 54 69 72 83 31 66 37 
75 39 93 59 83 42 57 57 40 61 87 85 92 36 63 49 48 53 74 0 80 88 79 67 61 40 42 76 99 62 48 60 45 95 68 71 89 46 65 52 
33 39 41 88 54 92 53 32 43 78 53 34 77 74 51 47 83 53 64 80 0 31 65 62 63 82 96 76 88 64 74 61 55 83 85 97 30 36 85 31 
72 61 64 83 63 31 33 63 74 43 75 43 55 82 84 45 73 31 79 88 31 0 30 84 47 59 94 85 83 47 31 56 88 99 89 53 53 96 59 76 
85 88 71 61 67 50 51 78 32 87 50 78 94 94 85 51 60 66 60 79 65 30 0 79 58 84 95 52 79 81 71 93 61 77 36 59 35 43 86 52 
66 32 83 43 65 75 47 44 34 98 64 74 78 92 34 37 56 36 65 67 62 84 79 0 37 80 62 52 65 76 64 44 32 33 36 55 73 90 77 64 
80 93 30 52 94 52 60 49 31 96 66 67 83 31 78 52 53 98 87 61 63 47 58 37 0 62 50 30 85 57 39 95 80 99 54 83 46 92 85 49 
70 30 38 96 91 81 71 38 72 74 97 71 95 51 56 90 83 50 32 40 82 59 84 80 62 0 69 57 40 92 67 99 43 94 92 99 36 74 91 76 
33 45 79 31 32 55 36 37 38 78 51 40 67 65 98 99 45 30 90 42 96 94 95 62 50 69 0 89 30 59 34 69 61 42 56 94 91 48 34 31 
38 59 42 79 74 79 45 32 45 52 93 59 86 71 37 31 55 44 92 76 76 85 52 52 30 57 89 0 52 39 98 81 90 56 51 79 99 44 32 91 
68 73 73 81 66 48 54 53 62 36 85 39 45 65 58 52 93 41 64 99 88 83 79 65 85 40 30 52 0 72 39 87 58 52 58 50 58 44 78 46 
52 60 52 87 70 44 82 45 94 64 85 32 30 63 31 76 62 39 62 62 64 47 81 76 57 92 59 39 72 0 91 88 60 58 59 77 44 59 93 77 
79 76 89 60 78 87 50 51 70 62 72 83 34 71 45 75 95 73 75 48 74 31 71 64 39 67 34 98 39 91 0 87 44 92 51 57 99 41 49 92 
77 93 45 98 36 67 85 47 61 51 68 97 78 65 92 36 62 37 64 60 61 56 93 44 95 99 69 81 87 88 87 0 44 95 37 43 47 78 60 68 
95 43 74 32 30 97 74 41 37 74 65 98 48 30 71 31 33 56 94 45 55 88 61 32 80 43 61 90 58 60 44 44 0 69 38 94 37 75 32 69 
62 98 92 74 81 57 64 60 83 81 83 35 79 51 58 99 37 35 54 95 83 99 77 33 99 94 42 56 52 58 92 95 69 0 34 96 97 46 48 40 
62 94 89 54 60 71 94 84 83 67 52 40 42 80 83 32 53 42 69 68 85 89 36 36 54 92 56 51 58 59 51 37 38 34 0 88 73 50 79 75 
92 45 41 57 97 45 71 66 89 58 37 63 89 31 60 38 81 42 72 71 97 53 59 55 83 99 94 79 50 77 57 43 94 96 88 0 99 64 82 76 
35 68 30 88 43 92 36 54 56 83 81 90 94 42 88 41 91 64 83 89 30 53 35 73 46 36 91 99 58 44 99 47 37 97 73 99 0 60 74 80 
97 54 96 42 33 71 46 74 58 78 45 53 94 49 37 85 47 52 31 46 36 96 43 90 92 74 48 44 44 59 41 78 75 46 50 64 60 0 51 45 
38 78 41 78 73 92 98 88 41 63 40 68 46 74 76 60 57 78 66 65 85 59 86 77 85 91 34 32 78 93 49 60 32 48 79 82 74 51 0 89 
49 47 65 39 35 61 81 92 66 64 98 47 58 86 58 58 80 50 37 52 31 76 52 64 49 76 31 91 46 77 92 68 69 40 75 76 80 45 89 0 

548.0 204.0 1 10
365.0 326.0 1 32
696.0 414.0 1 36
548.0 360.0 1 22
696.0 486.0 1 36
313.0 585.0 2 32
487.0 256.0 2 22
626.0 558.0 2 25
522.0 558.0 2 34
417.0 117.0 3 25
487.0 351.0 3 40
548.0 403.0 3 38
417.0 470.0 3 4
487.0 288.0 4 12
365.0 456.0 4 14
696.0 249.0 4 12
696.0 580.0 4 37
365.0 413.0 4 1
365.0 254.0 5 14
487.0 436.0 5 31
426.0 374.0 5 25
522.0 507.0 5 25
522.0 254.0 6 3
556.0 298.0 6 35
469.0 280.0 6 25
487.0 414.0 6 39
487.0 576.0 6 9
417.0 285.0 7 31
556.0 345.0 7 34
313.0 202.0 7 11
487.0 285.0 7 12
426.0 229.0 7 28
313.0 634.0 7 40
626.0 247.0 8 3
487.0 554.0 8 39
487.0 209.0 8 36
365.0 192.0 8 39
556.0 567.0 9 11
696.0 163.0 9 4
609.0 479.0 9 30
556.0 267.0 9 19
313.0 348.0 9 2
556.0 257.0 9 40
426.0 538.0 10 38
548.0 261.0 10 36
626.0 384.0 10 5
626.0 448.0 10 37
626.0 252.0 11 39
626.0 207.0 11 5
417.0 168.0 11 15
626.0 198.0 11 27
522.0 364.0 12 4
626.0 582.0 12 32
417.0 306.0 12 39
522.0 516.0 12 14
548.0 456.0 13 14
548.0 358.0 13 28
469.0 288.0 13 36
609.0 508.0 13 34
365.0 451.0 13 28
417.0 335.0 14 40
626.0 248.0 14 20
609.0 117.0 14 26
696.0 269.0 14 26
313.0 252.0 14 25
696.0 226.0 14 37
426.0 342.0 15 12
696.0 499.0 15 27
417.0 491.0 15 25
365.0 243.0 15 29
469.0 405.0 16 8
696.0 258.0 16 5
417.0 623.0 16 34
365.0 264.0 16 12
417.0 408.0 16 5
548.0 235.0 16 9
626.0 461.0 17 36
417.0 307.0 17 11
609.0 372.0 17 30
556.0 327.0 18 38
426.0 321.0 18 19
417.0 331.0 18 25
365.0 296.0 18 35
365.0 312.0 19 24
556.0 376.0 19 39
365.0 497.0 19 22
417.0 366.0 20 25
426.0 378.0 20 15
487.0 376.0 20 9
522.0 384.0 20 4
426.0 534.0 20 37
313.0 257.0 20 2
487.0 396.0 21 29
426.0 204.0 21 40
426.0 222.0 21 26
313.0 152.0 21 2
426.0 346.0 22 13
487.0 306.0 22 28
469.0 321.0 22 26
365.0 416.0 22 26
417.0 319.0 22 40
469.0 456.0 23 27
609.0 361.0 23 5
548.0 514.0 23 12
365.0 298.0 23 31
696.0 464.0 23 39
417.0 408.0 24 26
469.0 402.0 24 20
417.0 167.0 24 4
417.0 336.0 25 11
365.0 434.0 25 39
469.0 327.0 25 4
522.0 494.0 26 11
548.0 427.0 26 36
696.0 362.0 26 4
548.0 357.0 26 1
487.0 281.0 26 31
696.0 414.0 26 30
417.0 247.0 27 6
609.0 370.0 27 36
609.0 347.0 27 28
469.0 623.0 27 1
313.0 152.0 28 30
609.0 502.0 28 11
417.0 265.0 28 25
487.0 198.0 29 27
487.0 345.0 29 30
626.0 554.0 29 21
556.0 303.0 29 34
696.0 459.0 29 25
696.0 360.0 30 2
469.0 459.0 30 11
487.0 247.0 30 35
696.0 245.0 30 28
417.0 390.0 30 4
522.0 230.0 30 40
522.0 214.0 31 13
469.0 522.0 31 12
522.0 381.0 31 26
426.0 646.0 32 4
556.0 197.0 32 8
426.0 491.0 32 40
487.0 396.0 32 2
487.0 444.0 33 7
365.0 198.0 33 32
417.0 219.0 33 2
417.0 276.0 34 38
365.0 414.0 34 35
365.0 485.0 34 2
426.0 436.0 34 37
313.0 545.0 35 39
487.0 648.0 35 7
426.0 366.0 35 2
548.0 459.0 35 37
365.0 167.0 36 32
696.0 239.0 36 31
426.0 232.0 36 32
469.0 256.0 36 6
365.0 366.0 36 27
548.0 382.0 36 9
609.0 318.0 37 22
417.0 205.0 37 26
365.0 206.0 37 21
556.0 189.0 38 11
365.0 227.0 38 5
487.0 279.0 38 4
548.0 188.0 38 32
365.0 496.0 38 25
365.0 409.0 39 20
365.0 468.0 39 22
487.0 333.0 39 1
522.0 350.0 39 5
696.0 485.0 39 5
313.0 351.0 39 1
626.0 496.0 40 8
696.0 168.0 40 5
522.0 360.0 40 28

0 287 355 281 120 248 309 297 328 0 145 359 253 319 273 319 288 301 301 263 293 329 169 151 252 348 302 258 385 175 309 320 358 173 239 227 155 371 250 280 
0 287 355 281 120 248 309 297 328 255 145 359 253 319 0 319 288 301 301 263 293 329 169 151 252 348 302 258 385 175 309 320 358 173 239 227 155 371 250 280 
0 287 355 281 120 248 309 297 328 255 145 359 0 319 273 319 288 301 301 263 293 329 169 151 252 348 302 258 385 175 309 320 358 173 239 227 155 371 250 280 
0 287 355 281 120 248 309 297 328 255 145 359 253 319 273 319 288 301 301 263 293 329 169 151 252 348 302 258 385 175 309 320 0 173 239 227 155 371 250 280 
0 287 355 281 120 248 309 297 328 255 145 359 253 319 273 319 288 301 301 263 293 329 169 151 252 348 302 258 385 175 309 320 358 173 239 0 155 371 250 280 
287 0 495 279 516 196 211 391 496 319 199 499 189 212 177 198 301 280 305 259 371 357 398 186 415 415 144 155 432 584 288 0 110 241 249 147 492 157 465 526 
287 0 495 279 516 196 211 391 496 319 199 499 189 212 177 198 301 280 305 259 371 0 398 186 415 415 144 155 432 584 288 147 110 241 249 147 492 157 465 526 
287 0 495 279 516 196 211 391 496 319 199 499 189 212 177 198 301 280 305 259 371 357 398 186 0 415 144 155 432 584 288 147 110 241 249 147 492 157 465 526 
287 0 495 279 516 196 211 391 496 319 199 499 189 212 177 198 301 280 305 259 371 357 398 186 415 415 144 155 432 584 288 147 110 0 249 147 492 157 465 526 
481 495 0 475 264 493 401 309 222 474 365 554 364 293 440 349 508 302 372 263 292 114 317 204 0 130 436 551 101 440 173 360 227 568 570 261 231 396 272 467 
481 495 0 475 264 493 401 309 222 474 365 554 364 293 440 349 508 302 372 263 292 114 317 204 368 130 436 551 101 440 173 360 227 568 570 261 231 396 272 0 
481 495 0 475 264 493 401 309 222 474 365 554 364 293 440 349 508 302 372 263 292 114 317 204 368 130 436 551 101 440 173 360 227 568 570 261 231 0 272 467 
481 495 0 475 264 493 401 309 222 474 365 554 364 293 440 349 508 0 372 263 292 114 317 204 368 130 436 551 101 440 173 360 227 568 570 261 231 396 272 467 
462 279 475 0 450 146 103 491 333 143 396 0 281 463 206 431 164 254 219 500 359 358 260 389 560 219 152 481 408 555 287 461 410 352 170 345 126 459 492 595 
462 279 475 0 450 146 103 491 333 143 396 169 281 0 206 431 164 254 219 500 359 358 260 389 560 219 152 481 408 555 287 461 410 352 170 345 126 459 492 595 
462 279 475 0 450 146 103 491 333 143 396 0 281 463 206 431 164 254 219 500 359 358 260 389 560 219 152 481 408 555 287 461 410 352 170 345 126 459 492 595 
462 279 475 0 450 146 103 491 333 143 396 169 281 463 206 431 164 254 219 500 359 358 260 389 560 219 152 481 408 555 287 461 410 352 170 345 0 459 492 595 
462 279 475 0 450 146 103 491 333 143 396 169 281 463 206 431 164 254 219 500 359 358 260 389 560 219 152 481 0 555 287 461 410 352 170 345 126 459 492 595 
120 516 264 450 0 128 460 438 499 537 320 508 133 0 511 593 219 582 368 257 428 348 546 416 282 391 208 490 409 478 261 333 338 224 119 451 127 373 366 440 
120 516 264 450 0 128 460 438 499 537 320 508 133 379 511 593 219 0 368 257 428 348 546 416 282 391 208 490 409 478 261 333 338 224 119 451 127 373 366 440 
120 516 264 450 0 128 0 438 499 537 320 508 133 379 511 593 219 582 368 257 428 348 546 416 282 391 208 490 409 478 261 333 338 224 119 451 127 373 366 440 
120 516 264 450 0 128 460 438 499 537 320 508 133 379 511 593 219 582 368 257 428 348 546 416 0 391 208 490 409 478 261 333 338 224 119 451 127 373 366 440 
377 196 0 146 128 0 460 574 318 177 575 349 238 447 449 152 531 343 102 227 561 152 244 573 348 191 447 535 175 335 187 223 390 244 548 527 315 417 439 515 
377 196 493 146 128 0 460 574 318 177 575 349 238 447 449 152 531 343 102 227 561 152 244 573 348 191 447 535 175 335 187 223 390 244 0 527 315 417 439 515 
377 196 493 146 128 0 460 574 318 177 575 349 238 447 449 152 531 343 102 227 561 152 244 573 0 191 447 535 175 335 187 223 390 244 548 527 315 417 439 515 
377 196 493 146 128 0 460 574 318 177 575 349 238 447 449 152 531 343 102 227 561 152 244 573 348 191 447 535 175 335 187 223 390 244 548 527 315 417 0 515 
377 196 493 146 128 0 460 574 318 177 575 349 238 0 449 152 531 343 102 227 561 152 244 573 348 191 447 535 175 335 187 223 390 244 548 527 315 417 439 515 
516 211 401 103 460 460 0 233 390 527 202 228 510 563 457 240 369 142 106 240 118 529 348 298 557 517 200 115 259 134 0 242 188 312 371 554 305 209 341 336 
516 211 401 103 460 460 0 233 390 527 202 228 510 563 457 240 369 142 106 240 118 529 348 298 557 517 200 115 259 134 475 242 188 0 371 554 305 209 341 336 
516 211 401 103 460 460 0 233 390 527 0 228 510 563 457 240 369 142 106 240 118 529 348 298 557 517 200 115 259 134 475 242 188 312 371 554 305 209 341 336 
516 211 401 103 460 460 0 233 390 527 202 228 0 563 457 240 369 142 106 240 118 529 348 298 557 517 200 115 259 134 475 242 188 312 371 554 305 209 341 336 
516 211 401 103 460 460 0 233 390 527 202 228 510 563 457 240 369 142 106 240 118 529 348 298 557 517 200 0 259 134 475 242 188 312 371 554 305 209 341 336 
516 211 401 103 460 0 0 233 390 527 202 228 510 563 457 240 369 142 106 240 118 529 348 298 557 517 200 115 259 134 475 242 188 312 371 554 305 209 341 336 
517 391 0 491 438 574 233 0 214 107 537 246 284 448 366 290 544 132 429 584 229 368 511 212 496 209 486 307 365 551 101 317 147 124 298 539 584 369 229 144 
517 391 309 491 438 574 233 0 214 107 537 246 284 448 366 290 544 132 429 584 229 368 511 212 496 209 486 307 365 551 101 317 147 124 298 539 584 369 0 144 
517 391 309 491 438 574 233 0 214 107 537 246 284 448 366 290 544 132 429 584 229 368 511 212 496 209 486 307 365 551 101 317 0 124 298 539 584 369 229 144 
517 391 309 491 438 574 233 0 214 107 537 246 284 448 366 290 544 132 429 584 0 368 511 212 496 209 486 307 365 551 101 317 147 124 298 539 584 369 229 144 
400 496 222 333 499 318 390 214 0 118 0 131 194 558 349 322 279 496 259 119 291 229 338 518 187 433 344 549 325 248 561 408 351 324 284 101 578 298 127 244 
400 496 222 0 499 318 390 214 0 118 352 131 194 558 349 322 279 496 259 119 291 229 338 518 187 433 344 549 325 248 561 408 351 324 284 101 578 298 127 244 
400 496 222 333 499 318 390 214 0 118 352 131 194 558 349 322 279 496 259 119 291 229 338 518 187 433 344 549 325 0 561 408 351 324 284 101 578 298 127 244 
400 496 222 333 499 318 390 214 0 118 352 131 194 558 349 322 279 496 0 119 291 229 338 518 187 433 344 549 325 248 561 408 351 324 284 101 578 298 127 244 
400 496 222 333 499 318 390 214 0 118 352 131 194 558 349 322 279 496 259 119 291 229 338 518 187 433 344 549 325 248 561 408 351 324 284 101 578 0 127 244 
400 496 222 333 499 318 390 214 0 118 352 131 194 558 349 322 279 496 259 119 291 229 338 518 187 433 344 549 325 248 561 408 351 324 284 101 578 298 127 0 
255 319 474 143 537 177 527 107 118 0 205 322 598 560 114 208 265 581 557 507 465 177 415 110 537 485 102 416 146 585 312 598 428 232 245 139 380 0 144 127 
255 319 474 143 537 177 527 107 118 0 205 322 598 560 114 208 265 581 557 507 465 177 415 110 537 485 102 416 146 585 312 598 428 232 245 0 380 119 144 127 
255 319 474 143 537 177 527 107 118 0 205 322 598 560 114 208 265 581 557 0 465 177 415 110 537 485 102 416 146 585 312 598 428 232 245 139 380 119 144 127 
255 319 474 143 537 177 527 107 118 0 205 322 598 560 114 208 265 581 557 507 465 177 415 110 537 485 102 416 146 585 312 598 428 232 245 139 0 119 144 127 
145 199 365 396 320 575 202 537 352 205 0 520 337 174 208 213 216 457 511 333 427 368 140 568 107 203 292 113 477 211 360 291 570 144 222 429 542 247 0 464 
145 199 365 396 0 575 202 537 352 205 0 520 337 174 208 213 216 457 511 333 427 368 140 568 107 203 292 113 477 211 360 291 570 144 222 429 542 247 105 464 
145 199 365 396 320 575 202 537 352 205 0 520 337 174 0 213 216 457 511 333 427 368 140 568 107 203 292 113 477 211 360 291 570 144 222 429 542 247 105 464 
145 199 365 396 320 575 202 537 352 205 0 520 337 174 208 213 216 457 511 333 427 368 140 568 107 203 0 113 477 211 360 291 570 144 222 429 542 247 105 464 
423 499 554 0 508 349 228 246 131 322 520 0 475 119 131 411 345 468 527 481 539 283 341 208 565 545 577 533 145 419 203 585 277 447 534 167 403 590 228 307 
423 499 554 169 508 349 228 246 131 322 520 0 475 119 131 411 345 468 527 481 539 283 341 208 565 545 577 533 145 419 203 0 277 447 534 167 403 590 228 307 
423 499 554 169 508 349 228 246 131 322 520 0 475 119 131 411 345 468 527 481 539 283 341 208 565 545 577 533 145 419 203 585 277 447 534 167 403 590 0 307 
423 499 554 169 508 349 228 246 131 322 520 0 475 0 131 411 345 468 527 481 539 283 341 208 565 545 577 533 145 419 203 585 277 447 534 167 403 590 228 307 
473 189 364 281 133 238 510 284 194 598 337 475 0 0 589 342 387 412 585 326 581 583 574 537 370 548 497 552 578 566 328 302 304 355 503 583 109 118 209 121 
473 189 364 281 133 238 510 284 194 598 0 475 0 481 589 342 387 412 585 326 581 583 574 537 370 548 497 552 578 566 328 302 304 355 503 583 109 118 209 121 
473 189 364 281 133 238 510 0 194 598 337 475 0 481 589 342 387 412 585 326 581 583 574 537 370 548 497 552 578 566 328 302 304 355 503 583 109 118 209 121 
473 189 364 281 133 238 510 284 194 598 337 475 0 481 589 342 387 412 585 326 0 583 574 537 370 548 497 552 578 566 328 302 304 355 503 583 109 118 209 121 
473 189 364 281 133 238 510 284 194 598 337 475 0 481 589 342 387 412 585 326 581 583 0 537 370 548 497 552 578 566 328 302 304 355 503 583 109 118 209 121 
555 212 293 463 379 447 563 448 558 560 174 119 481 0 393 525 252 292 251 417 474 389 475 351 317 320 149 219 126 374 584 148 389 474 384 178 449 560 185 0 
555 212 293 463 379 447 563 448 558 560 174 119 481 0 393 525 252 292 251 0 474 389 475 351 317 320 149 219 126 374 584 148 389 474 384 178 449 560 185 136 
555 212 293 463 379 447 563 448 558 560 174 119 481 0 393 525 252 292 251 417 474 389 475 351 317 320 149 219 126 374 584 148 0 474 384 178 449 560 185 136 
555 212 293 463 379 447 563 448 558 560 174 119 481 0 0 525 252 292 251 417 474 389 475 351 317 320 149 219 126 374 584 148 389 474 384 178 449 560 185 136 
555 212 293 463 379 447 563 448 558 560 174 119 481 0 393 525 252 0 251 417 474 389 475 351 317 320 149 219 126 374 584 148 389 474 384 178 449 560 185 136 
555 212 293 463 379 447 563 448 558 560 174 119 481 0 393 525 252 292 251 417 474 389 475 351 317 320 149 219 126 374 584 148 389 474 384 178 0 560 185 136 
328 177 440 206 511 449 457 366 349 114 208 0 589 393 0 320 428 510 186 202 378 371 104 256 262 451 374 335 455 594 360 323 317 179 261 278 287 330 359 337 
328 177 440 206 511 449 457 366 349 114 208 131 589 393 0 320 428 510 186 202 378 371 104 256 262 451 0 335 455 594 360 323 317 179 261 278 287 330 359 337 
328 177 440 206 511 449 457 366 349 114 208 131 589 393 0 320 428 510 186 202 378 371 104 256 0 451 374 335 455 594 360 323 317 179 261 278 287 330 359 337 
328 177 440 206 511 449 457 366 349 114 208 131 589 393 0 320 428 510 186 202 378 371 104 256 262 451 374 335 0 594 360 323 317 179 261 278 287 330 359 337 
374 198 349 431 593 152 240 0 322 208 213 411 342 525 320 0 136 257 541 135 143 292 489 168 306 383 127 342 220 160 140 416 498 594 525 475 255 566 314 519 
374 198 349 431 593 0 240 290 322 208 213 411 342 525 320 0 136 257 541 135 143 292 489 168 306 383 127 342 220 160 140 416 498 594 525 475 255 566 314 519 
374 198 349 431 593 152 240 290 322 208 213 411 342 525 320 0 136 257 541 135 143 292 489 168 306 383 127 342 220 160 140 416 498 0 525 475 255 566 314 519 
374 198 349 431 593 152 240 290 322 208 213 411 342 525 320 0 136 257 541 0 143 292 489 168 306 383 127 342 220 160 140 416 498 594 525 475 255 566 314 519 
374 198 349 431 593 152 240 290 322 208 213 411 342 525 320 0 136 257 541 135 143 292 489 168 306 383 127 342 220 160 140 416 498 594 525 475 255 0 314 519 
374 198 349 431 593 152 0 290 322 208 213 411 342 525 320 0 136 257 541 135 143 292 489 168 306 383 127 342 220 160 140 416 498 594 525 475 255 566 314 519 
383 301 508 164 219 531 369 544 279 265 216 345 387 252 428 136 0 257 380 490 462 496 466 137 248 239 429 116 527 202 197 154 257 221 116 0 540 256 463 141 
383 301 508 164 219 531 369 544 279 265 0 345 387 252 428 136 0 257 380 490 462 496 466 137 248 239 429 116 527 202 197 154 257 221 116 580 540 256 463 141 
383 301 508 164 219 531 369 544 279 265 216 345 387 252 428 136 0 257 380 490 462 496 466 137 248 239 429 116 527 0 197 154 257 221 116 580 540 256 463 141 
347 280 302 254 582 343 142 132 496 581 457 468 412 292 510 257 257 0 118 568 426 176 132 254 525 326 165 360 427 356 539 128 374 473 366 210 249 0 476 557 
347 280 302 254 582 343 142 132 496 581 457 468 412 292 510 257 257 0 0 568 426 176 132 254 525 326 165 360 427 356 539 128 374 473 366 210 249 110 476 557 
347 280 302 254 582 343 142 132 496 581 457 468 412 292 0 257 257 0 118 568 426 176 132 254 525 326 165 360 427 356 539 128 374 473 366 210 249 110 476 557 
347 280 302 254 582 343 142 132 496 581 457 468 412 292 510 257 257 0 118 568 426 176 132 254 525 326 165 360 427 356 539 128 374 473 366 210 249 0 476 557 
498 305 372 219 368 102 106 429 259 557 511 527 585 251 186 541 380 118 0 144 599 234 146 0 270 597 285 242 158 509 104 351 598 143 144 272 545 238 102 181 
498 305 372 219 368 102 106 429 259 557 511 527 585 251 186 541 380 118 0 144 599 234 146 150 270 597 285 242 158 509 104 351 598 143 144 272 545 238 0 181 
498 305 372 219 368 102 106 429 259 557 511 527 585 251 186 541 380 118 0 144 599 0 146 150 270 597 285 242 158 509 104 351 598 143 144 272 545 238 102 181 
416 259 263 500 257 227 240 584 119 507 333 481 326 417 202 135 490 568 144 0 514 173 427 112 0 123 484 185 287 148 565 457 588 475 599 245 224 193 412 259 
416 259 263 500 257 227 240 584 119 507 333 481 326 417 0 135 490 568 144 0 514 173 427 112 120 123 484 185 287 148 565 457 588 475 599 245 224 193 412 259 
416 259 263 500 257 227 240 0 119 507 333 481 326 417 202 135 490 568 144 0 514 173 427 112 120 123 484 185 287 148 565 457 588 475 599 245 224 193 412 259 
416 259 263 500 257 227 240 584 119 507 333 481 326 417 202 135 490 568 144 0 0 173 427 112 120 123 484 185 287 148 565 457 588 475 599 245 224 193 412 259 
416 259 263 500 257 227 240 584 119 507 333 481 326 417 202 135 490 568 144 0 514 173 427 112 120 123 484 185 287 148 565 457 588 475 599 245 0 193 412 259 
416 0 263 500 257 227 240 584 119 507 333 481 326 417 202 135 490 568 144 0 514 173 427 112 120 123 484 185 287 148 565 457 588 475 599 245 224 193 412 259 
499 371 292 359 428 561 118 229 291 465 427 539 581 474 378 143 462 426 599 514 0 564 493 330 457 448 467 259 0 445 356 300 433 181 404 483 138 466 143 331 
499 371 292 359 428 561 118 229 291 465 427 539 581 474 378 143 462 426 599 514 0 564 493 330 457 448 467 259 519 445 356 300 433 181 404 483 138 466 143 0 
499 371 292 359 428 561 0 229 291 465 427 539 581 474 378 143 462 426 599 514 0 564 493 330 457 448 467 259 519 445 356 300 433 181 404 483 138 466 143 331 
499 0 292 359 428 561 118 229 291 465 427 539 581 474 378 143 462 426 599 514 0 564 493 330 457 448 467 259 519 445 356 300 433 181 404 483 138 466 143 331 
329 357 114 358 348 152 529 368 229 177 368 283 0 389 371 292 496 176 234 173 564 0 563 312 296 482 371 188 136 489 319 338 580 420 335 111 231 102 473 104 
329 357 114 358 348 152 529 368 229 177 368 283 583 389 371 292 0 176 234 173 564 0 563 312 296 482 371 188 136 489 319 338 580 420 335 111 231 102 473 104 
329 357 114 358 348 152 529 0 229 177 368 283 583 389 371 292 496 176 234 173 564 0 563 312 296 482 371 188 136 489 319 338 580 420 335 111 231 102 473 104 
329 357 114 358 348 152 529 368 229 177 368 283 583 389 371 292 0 176 234 173 564 0 563 312 296 482 371 188 136 489 319 338 580 420 335 111 231 102 473 104 
329 357 114 358 348 152 529 368 229 177 368 283 583 389 371 292 496 176 234 173 564 0 563 312 296 482 371 188 136 489 319 338 580 420 335 111 231 102 473 0 
169 398 317 260 546 244 348 511 338 415 140 341 574 475 104 489 466 132 146 427 493 563 0 354 498 439 0 241 328 343 179 203 189 405 459 351 209 505 324 111 
169 398 317 260 0 244 348 511 338 415 140 341 574 475 104 489 466 132 146 427 493 563 0 354 498 439 270 241 328 343 179 203 189 405 459 351 209 505 324 111 
169 398 317 260 546 244 348 511 338 415 140 0 574 475 104 489 466 132 146 427 493 563 0 354 498 439 270 241 328 343 179 203 189 405 459 351 209 505 324 111 
169 398 317 260 546 244 348 511 338 415 140 341 574 475 104 489 466 132 146 427 493 563 0 354 498 439 270 241 328 343 0 203 189 405 459 351 209 505 324 111 
169 398 317 260 546 244 348 511 338 415 140 341 574 475 104 489 466 132 146 427 493 563 0 354 498 439 270 241 328 343 179 203 189 405 459 351 209 505 0 111 
151 186 204 389 416 573 298 212 518 110 568 208 537 351 256 168 137 254 150 112 330 312 354 0 443 0 416 553 372 583 184 169 390 366 455 301 156 251 385 133 
151 186 204 389 416 573 298 212 518 110 568 208 537 351 256 168 137 254 150 0 330 312 354 0 443 208 416 553 372 583 184 169 390 366 455 301 156 251 385 133 
151 186 204 0 416 573 298 212 518 110 568 208 537 351 256 168 137 254 150 112 330 312 354 0 443 208 416 553 372 583 184 169 390 366 455 301 156 251 385 133 
267 415 368 560 282 348 557 496 187 537 0 565 370 317 262 306 248 525 270 120 457 296 498 443 0 315 293 226 540 247 112 595 523 123 349 202 285 568 407 199 
267 415 368 560 282 348 557 496 187 537 107 565 370 317 262 306 248 525 270 120 0 296 498 443 0 315 293 226 540 247 112 595 523 123 349 202 285 568 407 199 
267 415 368 0 282 348 557 496 187 537 107 565 370 317 262 306 248 525 270 120 457 296 498 443 0 315 293 226 540 247 112 595 523 123 349 202 285 568 407 199 
365 415 130 219 391 191 517 209 433 485 0 545 548 320 451 383 239 326 597 123 448 482 439 208 315 0 231 237 466 320 315 305 266 459 228 322 548 147 321 333 
365 415 130 219 391 191 517 209 433 485 203 545 0 320 451 383 239 326 597 123 448 482 439 208 315 0 231 237 466 320 315 305 266 459 228 322 548 147 321 333 
365 415 130 219 391 191 0 209 433 485 203 545 548 320 451 383 239 326 597 123 448 482 439 208 315 0 231 237 466 320 315 305 266 459 228 322 548 147 321 333 
0 415 130 219 391 191 517 209 433 485 203 545 548 320 451 383 239 326 597 123 448 482 439 208 315 0 231 237 466 320 315 305 266 459 228 322 548 147 321 333 
365 415 130 219 391 191 517 209 433 485 203 545 548 320 451 383 239 326 597 123 448 482 439 208 315 0 231 237 466 320 0 305 266 459 228 322 548 147 321 333 
365 415 130 219 391 191 517 209 433 485 203 545 548 320 451 383 239 326 597 123 448 482 439 208 315 0 231 237 466 0 315 305 266 459 228 322 548 147 321 333 
568 144 436 152 208 0 200 486 344 102 292 577 497 149 374 127 429 165 285 484 467 371 270 416 293 231 0 269 267 395 282 372 575 129 469 283 377 511 593 386 
568 144 436 152 208 447 200 486 344 102 292 577 497 0 374 127 429 165 285 484 467 371 270 416 293 231 0 269 267 395 282 372 575 129 469 283 377 511 593 386 
568 144 436 152 208 447 200 486 344 102 292 577 497 149 374 127 429 165 285 484 467 371 270 416 293 231 0 0 267 395 282 372 575 129 469 283 377 511 593 386 
568 144 436 152 208 447 200 486 344 102 292 577 497 149 374 0 429 165 285 484 467 371 270 416 293 231 0 269 267 395 282 372 575 129 469 283 377 511 593 386 
424 155 551 481 490 535 115 307 549 416 113 533 552 219 335 342 116 360 242 185 259 188 241 553 226 237 269 0 341 0 507 504 598 421 303 410 255 477 502 538 
424 155 551 481 490 535 115 307 549 416 0 533 552 219 335 342 116 360 242 185 259 188 241 553 226 237 269 0 341 467 507 504 598 421 303 410 255 477 502 538 
424 155 551 481 490 535 115 307 549 416 113 533 552 219 335 342 116 360 242 185 259 188 241 553 226 237 269 0 0 467 507 504 598 421 303 410 255 477 502 538 
479 432 101 408 409 175 259 365 325 146 477 145 578 126 455 220 527 427 158 287 519 136 328 372 540 466 0 341 0 210 511 255 277 352 354 303 598 203 490 468 
479 432 101 408 409 175 259 365 325 146 477 145 578 126 455 220 527 427 158 287 519 136 328 372 540 466 267 341 0 0 511 255 277 352 354 303 598 203 490 468 
479 432 101 408 409 175 259 365 325 146 477 145 578 126 455 220 527 427 158 287 0 136 328 372 540 466 267 341 0 210 511 255 277 352 354 303 598 203 490 468 
479 432 101 408 409 175 259 365 325 146 477 145 578 126 455 220 527 427 158 287 519 136 328 372 540 466 267 341 0 210 511 255 277 352 354 303 598 0 490 468 
479 432 101 408 409 175 259 365 325 146 477 145 578 126 455 220 527 427 158 287 519 136 328 372 0 466 267 341 0 210 511 255 277 352 354 303 598 203 490 468 
175 0 440 555 478 335 134 551 248 585 211 419 566 374 594 160 202 356 509 148 445 489 343 583 247 320 395 467 210 0 467 270 524 311 285 561 296 526 144 318 
175 584 440 555 478 335 134 551 248 585 0 419 566 374 594 160 202 356 509 148 445 489 343 583 247 320 395 467 210 0 467 270 524 311 285 561 296 526 144 318 
175 584 440 555 478 335 134 551 248 585 211 419 566 374 594 160 202 356 509 148 445 489 343 583 247 320 395 467 210 0 467 270 524 311 0 561 296 526 144 318 
175 584 440 555 478 335 134 551 248 585 211 419 566 374 594 160 202 356 509 148 445 489 343 583 247 320 395 0 210 0 467 270 524 311 285 561 296 526 144 318 
175 584 440 555 478 335 134 551 248 585 211 419 566 374 594 160 202 356 509 0 445 489 343 583 247 320 395 467 210 0 467 270 524 311 285 561 296 526 144 318 
175 584 440 555 478 335 134 551 248 585 211 419 566 374 594 160 202 356 509 148 445 489 343 583 247 320 395 467 210 0 467 270 524 311 285 561 296 0 144 318 
436 288 173 287 261 187 475 101 561 312 360 203 0 584 360 140 197 539 104 565 356 319 179 184 112 315 282 507 511 467 0 448 209 136 547 124 302 337 139 562 
436 288 173 287 261 187 475 101 561 312 360 0 328 584 360 140 197 539 104 565 356 319 179 184 112 315 282 507 511 467 0 448 209 136 547 124 302 337 139 562 
436 288 173 287 261 187 475 101 561 312 360 203 328 584 360 140 197 539 104 565 356 319 179 184 112 0 282 507 511 467 0 448 209 136 547 124 302 337 139 562 
416 147 360 0 333 223 242 317 408 598 291 585 302 148 323 416 154 128 351 457 300 338 203 169 595 305 372 504 255 270 448 0 132 542 577 100 565 105 178 200 
416 147 360 461 333 223 242 0 408 598 291 585 302 148 323 416 154 128 351 457 300 338 203 169 595 305 372 504 255 270 448 0 132 542 577 100 565 105 178 200 
416 147 360 461 333 223 242 317 408 598 291 585 302 148 323 416 154 128 351 457 300 338 203 169 595 305 372 504 255 270 448 0 132 542 577 100 565 0 178 200 
416 147 360 461 333 223 242 317 408 598 291 585 302 148 323 416 154 128 351 0 300 338 203 169 595 305 372 504 255 270 448 0 132 542 577 100 565 105 178 200 
589 110 227 410 338 390 0 147 351 428 570 277 304 389 317 498 257 374 598 588 433 580 189 390 523 266 575 598 277 524 209 132 0 571 499 536 567 485 190 563 
589 110 227 410 338 390 188 147 351 428 570 277 304 389 317 498 257 374 598 588 433 580 189 390 523 266 575 598 277 524 209 0 0 571 499 536 567 485 190 563 
589 0 227 410 338 390 188 147 351 428 570 277 304 389 317 498 257 374 598 588 433 580 189 390 523 266 575 598 277 524 209 132 0 571 499 536 567 485 190 563 
173 241 568 352 224 244 312 124 324 232 144 447 355 474 179 594 221 473 143 475 181 420 405 366 123 459 129 421 352 311 136 542 571 0 138 459 509 0 178 499 
173 241 568 352 224 244 312 124 324 232 144 447 355 474 179 594 221 473 143 475 181 420 405 366 123 459 129 421 352 311 136 542 0 0 138 459 509 572 178 499 
173 241 568 352 224 244 312 124 324 232 144 447 355 474 179 594 221 473 143 475 181 420 0 366 123 459 129 421 352 311 136 542 571 0 138 459 509 572 178 499 
173 241 568 352 224 244 312 124 324 232 144 447 355 474 179 594 221 473 143 475 181 420 405 366 123 459 129 421 352 311 136 542 571 0 138 459 0 572 178 499 
371 249 570 170 119 548 371 298 284 245 222 534 503 384 261 525 116 366 144 599 404 335 459 455 349 228 469 303 354 285 547 577 499 138 0 311 278 508 0 592 
371 249 570 170 119 548 0 298 284 245 222 534 503 384 261 525 116 366 144 599 404 335 459 455 349 228 469 303 354 285 547 577 499 138 0 311 278 508 228 592 
371 249 570 170 119 548 0 298 284 245 222 534 503 384 261 525 116 366 144 599 404 335 459 455 349 228 469 303 354 285 547 577 499 138 0 311 278 508 228 592 
371 249 570 170 119 548 371 298 284 245 222 534 503 384 261 525 116 366 144 599 404 335 459 455 349 228 469 303 354 285 547 577 499 138 0 311 0 508 228 592 
227 147 261 345 451 527 554 539 101 139 429 167 583 178 278 475 580 210 272 245 483 111 351 301 202 322 283 410 303 561 124 0 536 459 311 0 148 525 577 161 
227 147 261 345 451 527 554 539 101 139 429 167 583 178 278 475 580 210 272 245 483 111 351 301 202 322 283 410 303 561 0 100 536 459 311 0 148 525 577 161 
227 147 261 345 451 527 554 539 101 139 429 167 583 178 278 475 580 210 272 245 483 111 351 301 202 322 283 410 303 561 124 0 536 459 311 0 148 525 577 161 
227 147 261 345 451 0 554 539 101 139 429 167 583 178 278 475 580 210 272 245 483 111 351 301 202 322 283 410 303 561 124 100 536 459 311 0 148 525 577 161 
227 147 261 345 451 527 554 539 101 139 429 167 583 178 278 475 580 210 272 245 483 111 351 301 202 322 0 410 303 561 124 100 536 459 311 0 148 525 577 161 
227 147 261 345 451 527 554 539 101 0 429 167 583 178 278 475 580 210 272 245 483 111 351 301 202 322 283 410 303 561 124 100 536 459 311 0 148 525 577 161 
155 492 231 126 127 315 305 584 578 380 542 403 109 449 287 255 540 249 545 224 138 0 209 156 285 548 377 255 598 296 302 565 567 509 278 148 0 594 336 432 
155 492 231 126 127 315 305 584 578 380 542 403 109 449 287 255 540 249 545 224 138 231 209 156 285 0 377 255 598 296 302 565 567 509 278 148 0 594 336 432 
155 492 231 126 127 315 305 584 578 380 542 403 109 449 287 255 540 249 545 224 0 231 209 156 285 548 377 255 598 296 302 565 567 509 278 148 0 594 336 432 
