40 489 4

0 420 244 549 388 529 584 465 422 233 170 246 412 265 196 108 204 165 327 259 161 403 349 595 463 448 453 556 258 315 347 100 358 194 426 119 220 499 304 554 
420 0 588 429 200 468 596 316 355 401 578 275 449 384 151 588 520 552 134 134 552 231 551 392 433 579 441 145 458 567 104 436 243 359 433 429 572 544 432 507 
244 588 0 234 191 239 235 359 472 341 202 588 155 310 250 519 130 167 390 421 418 482 436 127 181 523 372 588 289 105 291 292 280 444 214 100 108 333 457 153 
549 429 234 0 257 461 348 135 429 540 390 447 555 501 413 239 593 526 370 470 413 212 562 499 440 354 174 298 383 444 367 293 242 464 137 395 210 170 563 179 
388 200 191 257 0 153 543 297 397 529 460 354 329 287 524 325 507 164 285 142 304 507 157 373 291 589 141 184 218 145 299 411 320 499 356 350 179 220 112 502 
529 468 239 461 153 0 303 208 410 344 505 129 317 535 554 464 561 141 136 147 149 322 255 410 189 325 582 423 347 387 213 568 478 394 331 146 175 211 589 433 
584 596 235 348 543 303 0 342 200 402 327 309 209 322 311 324 558 278 252 183 155 502 311 329 253 453 261 523 489 426 261 286 193 408 339 423 406 473 270 207 
465 316 359 135 297 208 342 0 385 368 580 439 404 225 432 362 246 362 137 574 529 247 210 425 584 416 562 392 272 127 367 283 322 433 594 400 172 505 501 199 
422 355 472 429 397 410 200 385 0 116 476 557 331 334 225 315 299 264 573 499 191 485 375 509 405 579 598 152 529 238 155 204 493 398 202 368 543 217 422 481 
233 401 341 540 529 344 402 368 116 0 433 279 241 370 258 376 191 524 583 572 198 262 105 557 122 107 162 269 299 156 283 389 496 598 108 243 492 276 348 333 
170 578 202 390 460 505 327 580 476 433 0 268 374 597 497 339 578 224 282 498 460 358 311 393 473 530 458 264 276 386 434 583 394 249 275 152 372 468 361 110 
246 275 588 447 354 129 309 439 557 279 268 0 407 286 484 287 576 207 199 215 562 308 415 136 221 140 268 534 313 314 576 204 584 535 215 435 137 532 570 343 
412 449 155 555 329 317 209 404 331 241 374 407 0 398 109 375 136 529 590 498 590 287 198 352 536 238 483 501 559 121 137 324 542 522 182 562 568 135 207 571 
265 384 310 501 287 535 322 225 334 370 597 286 398 0 302 490 388 363 367 352 331 557 210 441 339 239 370 571 144 485 414 549 504 151 288 519 409 194 440 475 
196 151 250 413 524 554 311 432 225 258 497 484 109 302 0 121 242 118 378 415 379 188 588 188 558 458 579 202 420 193 540 122 214 167 545 436 580 285 488 404 
108 588 519 239 325 464 324 362 315 376 339 287 375 490 121 0 460 219 495 432 390 536 293 272 291 255 415 324 318 465 221 232 591 582 125 286 231 244 118 590 
204 520 130 593 507 561 558 246 299 191 578 576 136 388 242 460 0 277 421 480 334 556 482 502 410 422 175 473 446 537 191 243 107 144 394 516 264 361 270 247 
165 552 167 526 164 141 278 362 264 524 224 207 529 363 118 219 277 0 361 374 369 164 271 502 459 263 348 519 319 312 462 110 111 172 487 199 214 329 319 550 
327 134 390 370 285 136 252 137 573 583 282 199 590 367 378 495 421 361 0 296 103 277 495 129 476 133 235 398 570 139 535 279 195 118 106 538 330 271 387 247 
259 134 421 470 142 147 183 574 499 572 498 215 498 352 415 432 480 374 296 0 177 244 273 315 534 134 296 574 268 175 582 511 406 531 438 474 383 357 544 118 
161 552 418 413 304 149 155 529 191 198 460 562 590 331 379 390 334 369 103 177 0 243 465 590 526 246 585 159 398 327 180 462 211 203 233 150 143 116 456 365 
403 231 482 212 507 322 502 247 485 262 358 308 287 557 188 536 556 164 277 244 243 0 440 568 150 308 340 527 260 378 286 442 598 125 332 510 224 370 196 577 
349 551 436 562 157 255 311 210 375 105 311 415 198 210 588 293 482 271 495 273 465 440 0 413 271 166 132 570 248 132 126 319 284 261 417 156 110 439 399 525 
595 392 127 499 373 410 329 425 509 557 393 136 352 441 188 272 502 502 129 315 590 568 413 0 204 576 492 468 471 229 287 223 537 310 467 507 481 310 308 158 
463 433 181 440 291 189 253 584 405 122 473 221 536 339 558 291 410 459 476 534 526 150 271 204 0 241 291 283 106 329 165 311 339 351 416 418 431 535 157 112 
448 579 523 354 589 325 453 416 579 107 530 140 238 239 458 255 422 263 133 134 246 308 166 576 241 0 258 203 138 594 261 437 298 512 347 165 319 585 319 489 
453 441 372 174 141 582 261 562 598 162 458 268 483 370 579 415 175 348 235 296 585 340 132 492 291 258 0 316 292 441 398 251 592 544 541 368 184 209 448 232 
556 145 588 298 184 423 523 392 152 269 264 534 501 571 202 324 473 519 398 574 159 527 570 468 283 203 316 0 214 457 344 476 251 254 428 522 220 360 504 251 
258 458 289 383 218 347 489 272 529 299 276 313 559 144 420 318 446 319 570 268 398 260 248 471 106 138 292 214 0 347 284 136 328 148 559 387 130 499 552 288 
315 567 105 444 145 387 426 127 238 156 386 314 121 485 193 465 537 312 139 175 327 378 132 229 329 594 441 457 347 0 108 241 467 340 563 563 269 182 590 534 
347 104 291 367 299 213 261 367 155 283 434 576 137 414 540 221 191 462 535 582 180 286 126 287 165 261 398 344 284 108 0 569 277 549 284 162 592 589 404 448 
100 436 292 293 411 568 286 283 204 389 583 204 324 549 122 232 243 110 279 511 462 442 319 223 311 437 251 476 136 241 569 0 164 198 130 421 202 351 278 488 
358 243 280 242 320 478 193 322 493 496 394 584 542 504 214 591 107 111 195 406 211 598 284 537 339 298 592 251 328 467 277 164 0 104 447 527 252 210 245 480 
194 359 444 464 499 394 408 433 398 598 249 535 522 151 167 582 144 172 118 531 203 125 261 310 351 512 544 254 148 340 549 198 104 0 255 466 347 499 343 214 
426 433 214 137 356 331 339 594 202 108 275 215 182 288 545 125 394 487 106 438 233 332 417 467 416 347 541 428 559 563 284 130 447 255 0 489 142 371 542 596 
119 429 100 395 350 146 423 400 368 243 152 435 562 519 436 286 516 199 538 474 150 510 156 507 418 165 368 522 387 563 162 421 527 466 489 0 308 212 282 126 
220 572 108 210 179 175 406 172 543 492 372 137 568 409 580 231 264 214 330 383 143 224 110 481 431 319 184 220 130 269 592 202 252 347 142 308 0 367 470 341 
499 544 333 170 220 211 473 505 217 276 468 532 135 194 285 244 361 329 271 357 116 370 439 310 535 585 209 360 499 182 589 351 210 499 371 212 367 0 440 444 
304 432 457 563 112 589 270 501 422 348 361 570 207 440 488 118 270 319 387 544 456 196 399 308 157 319 448 504 552 590 404 278 245 343 542 282 470 440 0 178 
554 507 153 179 502 433 207 199 481 333 110 343 571 475 404 590 247 550 247 118 365 577 525 158 112 489 232 251 288 534 448 488 480 214 596 126 341 444 178 0 

0 74 54 31 49 47 40 73 93 71 95 47 82 81 34 97 96 49 62 62 97 72 66 93 61 32 36 58 99 74 61 73 75 43 67 72 83 80 91 47 
74 0 99 49 88 56 46 31 59 75 91 52 47 95 99 64 97 35 85 39 75 72 47 49 75 53 47 46 77 95 62 88 96 88 73 31 85 34 30 90 
54 99 0 59 68 39 66 30 78 39 51 59 55 37 87 88 43 36 33 39 96 35 77 84 31 97 73 56 58 48 51 84 85 51 58 83 87 87 71 43 
31 49 59 0 42 55 78 80 60 37 72 78 46 97 49 86 62 89 95 86 56 99 47 88 82 98 60 63 52 99 99 51 92 49 57 90 48 41 53 63 
49 88 68 42 0 78 53 43 66 72 53 93 53 59 45 93 78 69 64 64 65 56 65 62 42 63 40 70 82 88 55 90 67 81 77 97 36 87 52 45 
47 56 39 55 78 0 30 44 71 94 59 33 44 85 39 49 60 89 56 63 40 53 30 75 74 95 32 83 38 33 40 89 77 77 52 67 97 98 96 52 
40 46 66 78 53 30 0 99 96 31 34 32 50 70 41 88 33 74 39 84 98 64 75 41 82 90 61 35 58 63 99 71 67 39 92 72 74 76 75 97 
73 31 30 80 43 44 99 0 74 90 98 76 79 60 70 87 57 74 77 31 69 80 34 39 69 44 79 78 61 88 58 36 74 46 49 77 55 55 38 87 
93 59 78 60 66 71 96 74 0 85 95 39 64 37 47 34 75 84 79 70 37 70 43 73 32 74 51 53 71 41 31 77 39 37 98 64 34 55 31 44 
71 75 39 37 72 94 31 90 85 0 96 86 79 32 78 68 37 66 85 74 73 46 85 68 71 98 84 85 94 81 81 46 36 45 74 46 58 35 32 73 
95 91 51 72 53 59 34 98 95 96 0 55 62 53 90 79 85 31 56 88 74 73 73 81 35 69 61 52 60 31 50 60 41 40 92 45 67 83 84 41 
47 52 59 78 93 33 32 76 39 86 55 0 46 56 39 57 45 93 89 79 72 35 62 33 92 94 95 47 70 32 55 85 64 30 73 72 39 40 48 87 
82 47 55 46 53 44 50 79 64 79 62 46 0 73 37 84 40 54 38 92 64 77 36 47 82 85 49 90 62 86 37 90 66 46 35 57 38 80 47 72 
81 95 37 97 59 85 70 60 37 32 53 56 73 0 53 99 62 74 72 44 41 60 78 67 80 50 88 81 32 65 44 84 36 92 84 32 80 72 98 59 
34 99 87 49 45 39 41 70 47 78 90 39 37 53 0 56 39 38 77 59 45 46 35 61 80 77 79 72 81 42 31 35 73 91 78 49 82 32 42 68 
97 64 88 86 93 49 88 87 34 68 79 57 84 99 56 0 84 75 57 30 75 40 32 69 55 71 79 31 96 58 46 99 33 96 58 60 90 77 98 59 
96 97 43 62 78 60 33 57 75 37 85 45 40 62 39 84 0 57 45 45 69 63 64 45 77 66 40 73 37 44 40 50 40 42 99 96 79 43 30 66 
49 35 36 89 69 89 74 74 84 66 31 93 54 74 38 75 57 0 90 99 48 83 77 45 54 52 38 50 76 49 56 59 65 83 73 49 45 45 89 31 
62 85 33 95 64 56 39 77 79 85 56 89 38 72 77 57 45 90 0 35 55 90 86 70 49 83 64 64 81 73 58 77 33 92 85 66 82 95 73 68 
62 39 39 86 64 63 84 31 70 74 88 79 92 44 59 30 45 99 35 0 84 39 42 66 52 37 82 88 76 79 34 65 76 73 93 56 73 64 87 65 
97 75 96 56 65 40 98 69 37 73 74 72 64 41 45 75 69 48 55 84 0 84 88 37 45 90 44 57 57 57 61 41 77 97 32 95 34 59 67 41 
72 72 35 99 56 53 64 80 70 46 73 35 77 60 46 40 63 83 90 39 84 0 67 98 42 92 57 61 99 66 95 72 69 71 65 45 91 96 42 69 
66 47 77 47 65 30 75 34 43 85 73 62 36 78 35 32 64 77 86 42 88 67 0 35 70 30 61 32 94 41 35 66 84 30 82 59 60 36 88 70 
93 49 84 88 62 75 41 39 73 68 81 33 47 67 61 69 45 45 70 66 37 98 35 0 84 30 55 46 41 41 96 78 88 49 77 53 55 36 73 81 
61 75 31 82 42 74 82 69 32 71 35 92 82 80 80 55 77 54 49 52 45 42 70 84 0 58 41 31 94 74 56 63 90 70 55 50 93 43 75 94 
32 53 97 98 63 95 90 44 74 98 69 94 85 50 77 71 66 52 83 37 90 92 30 30 58 0 94 34 41 88 42 70 82 79 50 56 79 65 99 46 
36 47 73 60 40 32 61 79 51 84 61 95 49 88 79 79 40 38 64 82 44 57 61 55 41 94 0 71 91 61 96 63 54 36 95 50 44 78 64 52 
58 46 56 63 70 83 35 78 53 85 52 47 90 81 72 31 73 50 64 88 57 61 32 46 31 34 71 0 88 67 76 46 56 59 39 43 46 53 51 82 
99 77 58 52 82 38 58 61 71 94 60 70 62 32 81 96 37 76 81 76 57 99 94 41 94 41 91 88 0 42 98 48 72 83 43 35 49 64 64 81 
74 95 48 99 88 33 63 88 41 81 31 32 86 65 42 58 44 49 73 79 57 66 41 41 74 88 61 67 42 0 56 66 41 85 61 88 59 46 84 62 
61 62 51 99 55 40 99 58 31 81 50 55 37 44 31 46 40 56 58 34 61 95 35 96 56 42 96 76 98 56 0 65 62 89 97 91 48 33 40 79 
73 88 84 51 90 89 71 36 77 46 60 85 90 84 35 99 50 59 77 65 41 72 66 78 63 70 63 46 48 66 65 0 64 94 78 78 61 56 91 37 
75 96 85 92 67 77 67 74 39 36 41 64 66 36 73 33 40 65 33 76 77 69 84 88 90 82 54 56 72 41 62 64 0 72 50 62 41 77 37 36 
43 88 51 49 81 77 39 46 37 45 40 30 46 92 91 96 42 83 92 73 97 71 30 49 70 79 36 59 83 85 89 94 72 0 91 63 66 62 79 48 
67 73 58 57 77 52 92 49 98 74 92 73 35 84 78 58 99 73 85 93 32 65 82 77 55 50 95 39 43 61 97 78 50 91 0 48 60 72 66 84 
72 31 83 90 97 67 72 77 64 46 45 72 57 32 49 60 96 49 66 56 95 45 59 53 50 56 50 43 35 88 91 78 62 63 48 0 68 31 58 40 
83 85 87 48 36 97 74 55 34 58 67 39 38 80 82 90 79 45 82 73 34 91 60 55 93 79 44 46 49 59 48 61 41 66 60 68 0 34 69 86 
80 34 87 41 87 98 76 55 55 35 83 40 80 72 32 77 43 45 95 64 59 96 36 36 43 65 78 53 64 46 33 56 77 62 72 31 34 0 32 53 
91 30 71 53 52 96 75 38 31 32 84 48 47 98 42 98 30 89 73 87 67 42 88 73 75 99 64 51 64 84 40 91 37 79 66 58 69 32 0 40 
47 90 43 63 45 52 97 87 44 73 41 87 72 59 68 59 66 31 68 65 41 69 70 81 94 46 52 82 81 62 79 37 36 48 84 40 86 53 40 0 

435.0 420.0 1 31
508.0 409.0 1 23
571.0 292.0 1 25
634.0 235.0 1 25
444.0 421.0 1 25
580.0 336.0 1 12
490.0 153.0 1 26
436.0 253.0 1 12
653.0 372.0 1 17
327.0 324.0 1 5
327.0 326.0 1 10
444.0 381.0 1 10
571.0 279.0 1 34
580.0 211.0 1 26
571.0 211.0 1 10
544.0 466.0 1 26
490.0 252.0 1 27
653.0 475.0 1 5
436.0 614.0 1 27
436.0 486.0 1 8
634.0 623.0 2 15
490.0 662.0 2 33
381.0 198.0 2 39
444.0 294.0 2 4
381.0 360.0 2 10
435.0 422.0 2 34
580.0 445.0 2 4
327.0 333.0 2 1
444.0 360.0 2 25
653.0 324.0 2 34
725.0 267.0 2 13
436.0 144.0 2 39
444.0 231.0 2 5
571.0 489.0 2 15
508.0 167.0 3 25
653.0 178.0 3 19
508.0 453.0 3 37
508.0 522.0 3 20
381.0 522.0 3 15
725.0 264.0 4 28
381.0 594.0 4 9
435.0 279.0 4 15
634.0 413.0 4 9
653.0 513.0 4 20
436.0 321.0 4 20
508.0 386.0 4 1
508.0 484.0 4 27
580.0 230.0 4 27
508.0 289.0 4 13
435.0 316.0 4 17
725.0 264.0 4 34
444.0 534.0 4 29
381.0 491.0 4 12
653.0 265.0 4 29
490.0 260.0 4 17
508.0 264.0 4 15
508.0 188.0 4 10
580.0 475.0 4 34
444.0 191.0 5 1
544.0 268.0 5 20
381.0 387.0 5 3
490.0 421.0 5 10
571.0 607.0 5 10
436.0 427.0 5 37
435.0 469.0 5 25
490.0 277.0 5 9
653.0 396.0 5 37
571.0 323.0 5 37
544.0 270.0 5 27
653.0 315.0 5 34
436.0 390.0 5 29
444.0 354.0 5 15
381.0 587.0 6 32
444.0 240.0 6 8
490.0 276.0 6 9
435.0 148.0 6 29
508.0 396.0 6 17
381.0 230.0 6 26
634.0 422.0 6 5
490.0 138.0 7 17
653.0 257.0 7 34
653.0 365.0 7 29
653.0 361.0 7 33
435.0 289.0 7 39
508.0 468.0 7 4
725.0 269.0 7 34
435.0 315.0 7 31
653.0 420.0 8 29
444.0 204.0 8 20
634.0 528.0 8 22
327.0 417.0 8 29
725.0 545.0 8 27
490.0 273.0 8 17
634.0 213.0 8 20
381.0 432.0 8 10
381.0 220.0 8 12
436.0 474.0 8 27
381.0 211.0 8 26
508.0 363.0 8 37
381.0 258.0 8 5
580.0 306.0 8 1
508.0 207.0 8 34
725.0 580.0 8 15
653.0 475.0 8 27
436.0 313.0 8 37
544.0 296.0 9 23
725.0 277.0 9 10
544.0 598.0 9 13
725.0 283.0 9 13
508.0 155.0 9 13
508.0 349.0 9 39
435.0 239.0 9 15
725.0 474.0 9 13
508.0 270.0 9 4
653.0 257.0 9 12
435.0 199.0 9 34
580.0 513.0 9 8
634.0 513.0 9 26
327.0 210.0 9 34
653.0 327.0 9 31
508.0 427.0 9 8
381.0 355.0 9 8
571.0 210.0 9 17
435.0 495.0 9 17
653.0 265.0 9 10
436.0 157.0 10 38
725.0 324.0 10 5
435.0 516.0 10 12
508.0 352.0 10 27
381.0 456.0 11 1
544.0 340.0 11 24
435.0 328.0 11 27
444.0 327.0 11 39
653.0 315.0 11 31
725.0 280.0 11 4
327.0 240.0 11 31
444.0 159.0 11 12
544.0 355.0 11 8
444.0 276.0 11 34
435.0 444.0 11 10
634.0 655.0 11 9
436.0 214.0 11 31
544.0 534.0 11 29
381.0 503.0 11 31
508.0 130.0 11 39
725.0 288.0 11 27
580.0 402.0 11 9
436.0 229.0 12 17
580.0 276.0 12 13
571.0 324.0 12 36
580.0 179.0 12 13
435.0 297.0 12 17
435.0 182.0 12 34
327.0 365.0 12 15
508.0 144.0 12 34
544.0 427.0 12 5
381.0 495.0 12 15
436.0 427.0 12 4
725.0 331.0 12 8
381.0 257.0 12 15
490.0 390.0 12 37
381.0 159.0 13 37
580.0 290.0 13 36
327.0 182.0 13 8
571.0 237.0 13 26
580.0 262.0 13 37
508.0 193.0 13 12
490.0 151.0 13 20
327.0 234.0 13 34
508.0 249.0 13 9
435.0 177.0 13 31
580.0 450.0 13 8
725.0 611.0 14 4
435.0 318.0 14 40
508.0 369.0 14 27
634.0 255.0 14 9
436.0 545.0 15 27
544.0 152.0 15 6
653.0 399.0 15 8
435.0 303.0 15 9
436.0 163.0 15 39
508.0 436.0 15 34
508.0 508.0 15 13
634.0 323.0 15 17
435.0 453.0 15 4
508.0 289.0 15 39
436.0 323.0 15 26
436.0 442.0 15 37
653.0 265.0 15 20
444.0 142.0 15 1
653.0 308.0 15 4
508.0 402.0 15 12
436.0 172.0 15 26
435.0 282.0 15 9
544.0 522.0 16 8
435.0 201.0 16 23
381.0 448.0 16 9
580.0 289.0 16 1
634.0 162.0 16 20
444.0 252.0 16 13
544.0 475.0 16 27
508.0 207.0 16 31
381.0 646.0 16 39
544.0 404.0 16 26
508.0 260.0 17 4
571.0 576.0 17 36
490.0 216.0 17 13
571.0 258.0 17 37
444.0 323.0 17 25
634.0 378.0 17 1
444.0 288.0 17 25
327.0 277.0 17 34
435.0 222.0 17 10
435.0 180.0 17 9
436.0 403.0 17 39
508.0 245.0 17 15
653.0 270.0 17 13
508.0 240.0 17 5
508.0 180.0 17 39
653.0 292.0 18 33
653.0 275.0 18 13
544.0 393.0 18 5
544.0 205.0 18 20
508.0 229.0 18 31
544.0 176.0 18 12
508.0 534.0 18 8
634.0 455.0 18 5
444.0 171.0 19 13
544.0 382.0 19 2
544.0 256.0 19 37
381.0 346.0 19 37
381.0 441.0 19 5
725.0 346.0 19 10
544.0 613.0 20 35
490.0 502.0 20 39
508.0 516.0 20 27
725.0 175.0 20 5
381.0 358.0 20 25
327.0 580.0 20 25
435.0 229.0 21 15
381.0 627.0 21 36
571.0 310.0 21 8
634.0 392.0 21 25
544.0 541.0 21 31
381.0 290.0 21 8
508.0 392.0 21 31
381.0 402.0 21 39
580.0 315.0 21 8
544.0 303.0 22 15
580.0 163.0 22 25
490.0 468.0 22 34
725.0 453.0 22 21
444.0 434.0 22 9
381.0 289.0 22 31
571.0 207.0 22 10
435.0 434.0 22 17
634.0 547.0 22 5
435.0 573.0 22 37
381.0 210.0 22 8
490.0 319.0 22 5
381.0 345.0 22 1
435.0 324.0 22 25
327.0 176.0 22 25
725.0 342.0 22 8
508.0 382.0 22 9
725.0 220.0 22 12
653.0 415.0 22 4
327.0 176.0 22 25
436.0 372.0 23 12
580.0 234.0 23 37
653.0 510.0 23 10
634.0 366.0 23 27
381.0 459.0 23 11
381.0 193.0 23 8
544.0 472.0 23 20
381.0 247.0 23 27
508.0 241.0 23 15
544.0 151.0 23 13
508.0 438.0 23 29
327.0 433.0 23 10
435.0 336.0 23 29
435.0 554.0 23 27
634.0 316.0 23 26
436.0 507.0 23 29
327.0 351.0 24 16
327.0 315.0 24 37
725.0 411.0 24 17
436.0 196.0 24 29
435.0 196.0 24 12
508.0 438.0 24 1
436.0 362.0 24 1
435.0 269.0 24 10
436.0 510.0 24 10
436.0 313.0 24 37
508.0 579.0 24 12
381.0 316.0 24 20
381.0 446.0 24 1
381.0 365.0 25 26
436.0 270.0 25 21
490.0 120.0 25 12
436.0 327.0 25 13
508.0 382.0 25 26
490.0 476.0 25 8
327.0 312.0 25 20
580.0 315.0 25 34
435.0 393.0 25 13
435.0 269.0 25 8
508.0 239.0 25 5
571.0 323.0 25 27
436.0 441.0 25 26
571.0 390.0 26 38
653.0 345.0 26 13
490.0 540.0 26 10
571.0 273.0 26 37
634.0 383.0 27 28
544.0 655.0 27 1
381.0 378.0 27 31
490.0 350.0 27 8
436.0 282.0 27 25
444.0 313.0 27 15
571.0 521.0 27 10
634.0 268.0 27 39
381.0 371.0 28 34
580.0 558.0 28 14
634.0 481.0 28 17
571.0 222.0 28 4
634.0 319.0 28 13
435.0 547.0 28 29
580.0 304.0 28 8
544.0 139.0 28 25
634.0 350.0 28 17
725.0 178.0 29 36
381.0 384.0 29 39
634.0 348.0 29 34
580.0 558.0 29 1
381.0 492.0 29 5
544.0 413.0 29 31
381.0 398.0 29 34
381.0 300.0 29 31
508.0 600.0 29 27
725.0 255.0 29 17
725.0 486.0 29 13
725.0 220.0 29 37
490.0 313.0 29 31
436.0 323.0 29 34
381.0 177.0 29 17
508.0 479.0 29 13
571.0 323.0 29 8
444.0 331.0 29 5
444.0 196.0 30 33
508.0 192.0 30 12
381.0 220.0 30 8
580.0 301.0 30 4
571.0 274.0 30 39
725.0 244.0 30 10
490.0 233.0 30 10
490.0 361.0 30 13
381.0 623.0 30 4
381.0 504.0 30 4
544.0 268.0 30 31
580.0 541.0 30 1
544.0 554.0 30 39
571.0 277.0 30 17
580.0 292.0 30 20
435.0 504.0 30 4
381.0 611.0 31 35
381.0 120.0 31 9
725.0 499.0 31 29
435.0 564.0 31 9
435.0 189.0 31 26
725.0 437.0 31 10
725.0 273.0 31 9
327.0 489.0 31 27
435.0 426.0 31 25
381.0 315.0 31 34
381.0 227.0 31 17
544.0 433.0 31 15
653.0 288.0 32 29
544.0 378.0 32 13
508.0 268.0 32 38
381.0 378.0 32 9
571.0 259.0 32 29
653.0 415.0 32 5
381.0 434.0 32 25
381.0 531.0 32 39
508.0 317.0 32 1
381.0 410.0 33 20
435.0 289.0 33 22
381.0 324.0 33 34
571.0 288.0 33 12
725.0 524.0 33 4
508.0 172.0 33 9
381.0 240.0 33 17
653.0 352.0 33 17
444.0 140.0 33 26
634.0 607.0 33 4
436.0 331.0 33 13
444.0 378.0 33 13
436.0 467.0 33 26
490.0 386.0 33 20
444.0 369.0 34 2
508.0 306.0 34 27
544.0 324.0 34 9
436.0 366.0 34 4
436.0 407.0 34 39
725.0 244.0 34 29
444.0 288.0 34 17
580.0 423.0 34 39
580.0 171.0 34 12
634.0 258.0 34 1
508.0 315.0 34 5
508.0 163.0 34 12
381.0 220.0 34 4
490.0 388.0 34 27
725.0 407.0 34 13
436.0 441.0 34 20
508.0 496.0 34 29
634.0 662.0 34 10
653.0 261.0 35 3
634.0 415.0 35 34
508.0 296.0 35 29
653.0 534.0 35 17
508.0 524.0 35 13
653.0 362.0 35 20
381.0 330.0 35 25
580.0 579.0 35 20
544.0 570.0 35 27
580.0 400.0 35 17
544.0 409.0 35 34
508.0 297.0 35 39
436.0 297.0 35 39
327.0 358.0 35 26
381.0 422.0 35 1
435.0 124.0 35 34
444.0 357.0 35 26
571.0 234.0 35 13
725.0 176.0 36 2
580.0 179.0 36 10
544.0 397.0 36 39
571.0 448.0 36 26
436.0 396.0 36 17
580.0 142.0 37 9
436.0 492.0 37 15
381.0 183.0 37 5
580.0 189.0 37 18
508.0 274.0 37 1
653.0 382.0 37 5
381.0 400.0 37 10
571.0 362.0 37 25
508.0 488.0 37 13
508.0 336.0 37 31
725.0 326.0 37 9
435.0 247.0 37 8
725.0 497.0 37 26
436.0 224.0 38 2
634.0 124.0 38 15
634.0 252.0 38 12
490.0 438.0 38 4
435.0 364.0 38 29
580.0 392.0 38 26
508.0 468.0 38 27
544.0 389.0 38 20
571.0 524.0 38 1
381.0 188.0 38 31
544.0 258.0 38 25
508.0 183.0 38 37
634.0 351.0 39 37
435.0 617.0 39 14
508.0 244.0 39 12
435.0 261.0 39 37
381.0 277.0 39 29
653.0 442.0 39 20
653.0 144.0 39 17
381.0 455.0 39 37
381.0 259.0 39 12
653.0 277.0 39 5
580.0 382.0 39 4
653.0 521.0 39 34
634.0 213.0 39 9
544.0 501.0 39 4
571.0 316.0 39 12
327.0 448.0 39 17
571.0 548.0 40 8
580.0 648.0 40 25
544.0 365.0 40 12
381.0 367.0 40 19
444.0 359.0 40 4
327.0 229.0 40 5
381.0 379.0 40 31

0 420 219 347 329 265 316 383 304 233 170 246 305 265 196 108 204 165 264 259 161 319 275 323 342 284 351 320 236 315 0 100 264 194 230 119 220 277 226 245 
0 420 219 347 329 265 316 383 304 233 170 246 305 265 196 108 204 165 264 259 161 319 0 323 342 284 351 320 236 315 281 100 264 194 230 119 220 277 226 245 
0 420 219 347 329 265 316 383 304 233 170 246 305 265 196 108 204 165 264 259 161 319 275 323 0 284 351 320 236 315 281 100 264 194 230 119 220 277 226 245 
0 420 219 347 329 265 316 383 304 233 170 246 305 265 196 108 204 0 264 259 161 319 275 323 342 284 351 320 236 315 281 100 264 194 230 119 220 277 226 245 
0 420 219 347 329 265 316 383 304 233 0 246 305 265 196 108 204 165 264 259 161 319 275 323 342 284 351 320 236 315 281 100 264 194 230 119 220 277 226 245 
0 420 219 347 329 265 316 383 304 233 170 246 305 265 196 108 204 165 264 259 161 319 275 323 342 284 351 320 236 315 281 100 264 194 230 119 220 0 226 245 
0 420 219 347 329 265 316 383 304 233 170 246 305 265 196 108 204 165 264 259 161 319 275 323 342 0 351 320 236 315 281 100 264 194 230 119 220 277 226 245 
0 420 219 347 329 265 316 383 304 233 170 246 305 265 196 108 204 165 264 259 161 319 275 323 342 284 351 320 236 315 281 100 264 194 230 119 220 277 226 0 
0 420 219 347 329 265 316 383 304 233 170 246 305 265 196 108 0 165 264 259 161 319 275 323 342 284 351 320 236 315 281 100 264 194 230 119 220 277 226 245 
0 420 219 347 329 265 316 383 304 233 170 246 305 265 196 108 204 165 264 259 161 319 275 323 342 284 351 320 236 315 281 100 264 194 230 0 220 277 226 245 
0 420 219 347 329 265 316 383 304 0 170 246 305 265 196 108 204 165 264 259 161 319 275 323 342 284 351 320 236 315 281 100 264 194 230 119 220 277 226 245 
0 420 219 347 329 265 316 383 304 233 170 246 305 265 196 108 204 165 264 259 161 319 275 323 342 284 351 320 236 315 281 100 264 194 0 119 220 277 226 245 
0 420 219 347 329 265 316 383 304 233 170 246 305 265 196 108 204 165 0 259 161 319 275 323 342 284 351 320 236 315 281 100 264 194 230 119 220 277 226 245 
0 420 219 347 329 265 316 383 304 233 170 246 305 265 196 108 204 165 264 259 161 319 275 323 342 0 351 320 236 315 281 100 264 194 230 119 220 277 226 245 
0 420 219 347 329 265 316 383 304 233 170 246 305 265 196 108 204 165 264 259 161 319 275 323 342 284 351 320 236 315 281 100 264 194 230 119 220 277 226 0 
0 420 219 347 329 265 316 383 304 233 0 246 305 265 196 108 204 165 264 259 161 319 275 323 342 284 351 320 236 315 281 100 264 194 230 119 220 277 226 245 
0 420 219 347 329 265 0 383 304 233 170 246 305 265 196 108 204 165 264 259 161 319 275 323 342 284 351 320 236 315 281 100 264 194 230 119 220 277 226 245 
0 420 219 347 329 265 316 383 304 233 170 246 305 265 196 108 204 165 264 259 161 319 275 323 342 284 351 320 236 315 281 100 264 194 230 0 220 277 226 245 
0 420 219 347 329 265 316 383 304 233 170 246 305 265 196 0 204 165 264 259 161 319 275 323 342 284 351 320 236 315 281 100 264 194 230 119 220 277 226 245 
0 420 219 347 329 265 316 383 304 233 170 246 305 0 196 108 204 165 264 259 161 319 275 323 342 284 351 320 236 315 281 100 264 194 230 119 220 277 226 245 
420 0 588 429 200 468 596 316 355 401 578 275 449 384 0 588 520 552 134 134 552 231 551 392 433 579 441 145 458 567 104 436 243 359 433 429 572 544 432 507 
420 0 588 429 200 468 596 316 355 401 578 275 449 384 151 588 520 552 134 134 552 231 551 392 433 579 441 145 458 567 104 436 0 359 433 429 572 544 432 507 
420 0 588 429 200 468 596 316 355 401 578 275 449 384 151 588 520 552 134 134 552 231 551 392 433 579 441 145 458 567 104 436 243 359 433 429 572 544 0 507 
420 0 588 0 200 468 596 316 355 401 578 275 449 384 151 588 520 552 134 134 552 231 551 392 433 579 441 145 458 567 104 436 243 359 433 429 572 544 432 507 
420 0 588 429 200 468 596 316 355 0 578 275 449 384 151 588 520 552 134 134 552 231 551 392 433 579 441 145 458 567 104 436 243 359 433 429 572 544 432 507 
420 0 588 429 200 468 596 316 355 401 578 275 449 384 151 588 520 552 134 134 552 231 551 392 433 579 441 145 458 567 104 436 243 0 433 429 572 544 432 507 
420 0 0 429 200 468 596 316 355 401 578 275 449 384 151 588 520 552 134 134 552 231 551 392 433 579 441 145 458 567 104 436 243 359 433 429 572 544 432 507 
0 0 588 429 200 468 596 316 355 401 578 275 449 384 151 588 520 552 134 134 552 231 551 392 433 579 441 145 458 567 104 436 243 359 433 429 572 544 432 507 
420 0 588 429 200 468 596 316 355 401 578 275 449 384 151 588 520 552 134 134 552 231 551 392 0 579 441 145 458 567 104 436 243 359 433 429 572 544 432 507 
420 0 588 429 200 468 596 316 355 401 578 275 449 384 151 588 520 552 134 134 552 0 551 392 433 579 441 145 458 567 104 436 243 359 433 429 572 544 432 507 
420 0 588 429 200 468 596 316 355 401 578 275 0 384 151 588 520 552 134 134 552 231 551 392 433 579 441 145 458 567 104 436 243 359 433 429 572 544 432 507 
420 0 588 429 200 468 596 316 355 401 578 275 449 384 151 588 520 552 134 134 552 231 551 392 433 579 441 145 458 567 104 436 243 359 433 429 572 544 0 507 
420 0 588 429 200 468 596 316 355 401 578 275 449 384 151 588 520 0 134 134 552 231 551 392 433 579 441 145 458 567 104 436 243 359 433 429 572 544 432 507 
420 0 588 429 200 468 596 316 355 401 578 275 449 384 151 588 520 552 134 134 552 231 551 392 433 579 441 145 458 567 104 436 0 359 433 429 572 544 432 507 
244 588 0 234 191 239 235 359 472 341 202 588 155 310 250 519 130 167 390 421 418 482 436 127 0 523 372 588 289 105 291 292 280 444 214 100 108 333 457 153 
244 588 0 234 191 239 235 359 472 341 202 588 155 310 250 519 130 167 0 421 418 482 436 127 181 523 372 588 289 105 291 292 280 444 214 100 108 333 457 153 
244 588 0 234 191 239 235 359 472 341 202 588 155 310 250 519 130 167 390 421 418 482 436 127 181 523 372 588 289 105 291 0 280 444 214 100 108 333 457 153 
244 588 0 234 191 239 235 359 472 341 202 588 155 310 250 519 130 167 390 421 418 482 436 127 181 523 372 588 289 105 291 292 280 444 214 0 108 333 457 153 
244 588 0 234 191 239 235 359 472 341 202 588 155 310 0 519 130 167 390 421 418 482 436 127 181 523 372 588 289 105 291 292 280 444 214 100 108 333 457 153 
549 429 234 0 257 461 348 135 429 540 390 447 555 501 413 239 593 526 370 470 413 212 562 499 440 354 174 0 383 444 367 293 242 464 137 395 210 170 563 179 
549 429 234 0 257 461 348 135 429 540 390 447 555 501 413 239 593 526 370 470 413 212 562 499 440 354 174 298 383 444 367 293 242 464 137 0 210 170 563 179 
549 429 234 0 257 461 348 135 429 540 390 447 555 501 0 239 593 526 370 470 413 212 562 499 440 354 174 298 383 444 367 293 242 464 137 395 210 170 563 179 
549 429 234 0 257 461 348 135 0 540 390 447 555 501 413 239 593 526 370 470 413 212 562 499 440 354 174 298 383 444 367 293 242 464 137 395 210 170 563 179 
549 429 234 0 257 461 348 135 429 540 390 447 555 501 413 239 593 526 370 470 413 212 562 499 440 354 174 298 383 444 367 293 242 464 137 0 210 170 563 179 
549 429 234 0 257 461 348 135 429 540 390 447 555 501 413 239 593 526 370 470 413 212 562 499 440 354 174 298 383 444 367 293 242 464 137 395 210 170 563 0 
549 429 234 0 257 461 348 135 429 540 390 447 555 501 413 239 593 526 370 470 413 0 562 499 440 354 174 298 383 444 367 293 242 464 137 395 210 170 563 179 
549 429 234 0 257 461 348 135 429 540 390 447 555 501 413 239 593 526 0 470 413 212 562 499 440 354 174 298 383 444 367 293 242 464 137 395 210 170 563 179 
549 429 234 0 257 0 348 135 429 540 390 447 555 501 413 239 593 526 370 470 413 212 562 499 440 354 174 298 383 444 367 293 242 464 137 395 210 170 563 179 
549 429 234 0 257 461 348 135 429 540 390 447 0 501 413 239 593 526 370 470 413 212 562 499 440 354 174 298 383 444 367 293 242 464 137 395 210 170 563 179 
549 429 234 0 257 461 348 135 429 540 390 447 555 501 413 239 0 526 370 470 413 212 562 499 440 354 174 298 383 444 367 293 242 464 137 395 210 170 563 179 
549 429 234 0 257 461 348 135 429 540 390 447 555 501 413 239 593 526 370 470 413 212 562 499 440 354 174 0 383 444 367 293 242 464 137 395 210 170 563 179 
549 429 234 0 257 461 348 135 429 540 390 447 555 501 413 239 593 526 370 470 413 0 562 499 440 354 174 298 383 444 367 293 242 464 137 395 210 170 563 179 
549 429 234 0 257 461 348 135 429 540 390 0 555 501 413 239 593 526 370 470 413 212 562 499 440 354 174 298 383 444 367 293 242 464 137 395 210 170 563 179 
549 429 0 0 257 461 348 135 429 540 390 447 555 501 413 239 593 526 370 470 413 212 562 499 440 354 174 298 383 444 367 293 242 464 137 395 210 170 563 179 
549 429 234 0 257 461 348 135 429 540 390 447 555 501 413 239 0 526 370 470 413 212 562 499 440 354 174 298 383 444 367 293 242 464 137 395 210 170 563 179 
549 429 234 0 257 0 348 135 429 540 390 447 555 501 413 239 593 526 370 470 413 212 562 499 440 354 174 298 383 444 367 293 242 464 137 395 210 170 563 179 
549 429 234 0 257 461 348 135 429 0 390 447 555 501 413 239 593 526 370 470 413 212 562 499 440 354 174 298 383 444 367 293 242 464 137 395 210 170 563 179 
549 429 234 0 257 461 348 135 429 540 390 447 555 501 413 239 593 526 370 470 413 212 562 0 440 354 174 298 383 444 367 293 242 464 137 395 210 170 563 179 
0 200 191 257 0 153 543 297 397 529 460 354 329 287 524 325 507 164 285 142 304 507 157 373 291 589 141 184 218 145 299 411 320 499 356 350 179 220 112 502 
388 200 191 257 0 153 543 297 397 529 460 354 329 287 524 325 507 164 285 0 304 507 157 373 291 589 141 184 218 145 299 411 320 499 356 350 179 220 112 502 
388 200 0 257 0 153 543 297 397 529 460 354 329 287 524 325 507 164 285 142 304 507 157 373 291 589 141 184 218 145 299 411 320 499 356 350 179 220 112 502 
388 200 191 257 0 0 543 297 397 529 460 354 329 287 524 325 507 164 285 142 304 507 157 373 291 589 141 184 218 145 299 411 320 499 356 350 179 220 112 502 
388 0 191 257 0 153 543 297 397 529 460 354 329 287 524 325 507 164 285 142 304 507 157 373 291 589 141 184 218 145 299 411 320 499 356 350 179 220 112 502 
388 200 191 257 0 153 543 297 397 529 460 354 329 287 524 325 507 164 285 142 304 507 157 0 291 589 141 184 218 145 299 411 320 499 356 350 179 220 112 502 
388 200 191 257 0 153 543 297 397 529 460 354 329 287 524 325 507 164 285 142 304 507 157 373 291 589 141 184 218 145 299 411 320 499 356 350 179 0 112 502 
388 200 191 257 0 153 543 297 0 529 460 354 329 287 524 325 507 164 285 142 304 507 157 373 291 589 141 184 218 145 299 411 320 499 356 350 179 220 112 502 
388 0 191 257 0 153 543 297 397 529 460 354 329 287 524 325 507 164 285 142 304 507 157 373 291 589 141 184 218 145 299 411 320 499 356 350 179 220 112 502 
388 200 191 257 0 153 543 297 397 529 460 354 329 287 524 325 507 164 285 142 304 507 157 373 291 589 141 184 218 145 299 411 320 499 0 350 179 220 112 502 
388 200 191 257 0 153 543 297 397 529 460 354 329 287 524 325 507 164 285 142 304 507 157 373 291 589 141 184 218 145 299 411 320 499 356 350 179 220 112 0 
388 200 191 257 0 153 543 297 397 529 460 354 329 287 524 325 507 164 285 142 304 507 157 373 291 589 141 184 218 145 299 411 320 0 356 350 179 220 112 502 
388 200 191 257 0 153 543 297 397 529 460 354 329 287 524 0 507 164 285 142 304 507 157 373 291 589 141 184 218 145 299 411 320 499 356 350 179 220 112 502 
388 200 191 257 0 153 543 297 397 529 460 354 329 0 524 325 507 164 285 142 304 507 157 373 291 589 141 184 218 145 299 411 320 499 356 350 179 220 112 502 
529 468 239 461 153 0 303 208 410 344 505 129 317 535 554 464 561 141 136 147 149 322 255 410 189 325 582 423 347 387 213 0 478 394 331 146 175 211 589 433 
529 468 239 461 153 0 303 208 410 344 505 129 317 535 554 464 561 141 136 147 0 322 255 410 189 325 582 423 347 387 213 568 478 394 331 146 175 211 589 433 
529 468 239 461 153 0 303 208 0 344 505 129 317 535 554 464 561 141 136 147 149 322 255 410 189 325 582 423 347 387 213 568 478 394 331 146 175 211 589 433 
529 468 239 461 153 0 303 208 410 344 505 129 317 535 554 464 561 141 136 147 149 322 255 410 189 325 582 423 0 387 213 568 478 394 331 146 175 211 589 433 
529 468 239 461 153 0 303 208 410 344 505 129 317 535 554 464 0 141 136 147 149 322 255 410 189 325 582 423 347 387 213 568 478 394 331 146 175 211 589 433 
529 468 239 461 153 0 303 208 410 344 0 129 317 535 554 464 561 141 136 147 149 322 255 410 189 325 582 423 347 387 213 568 478 394 331 146 175 211 589 433 
529 468 239 461 153 0 303 208 410 344 505 129 317 535 554 464 561 141 136 147 149 322 255 410 189 325 582 423 347 387 213 568 478 394 331 0 175 211 589 433 
584 596 235 348 543 303 0 342 200 402 327 309 209 322 311 324 0 278 252 183 155 502 311 329 253 453 261 523 489 426 261 286 193 408 339 423 406 473 270 207 
584 596 235 348 543 303 0 342 200 402 327 309 209 322 311 324 558 278 252 183 155 502 311 329 253 453 261 523 489 426 261 286 193 0 339 423 406 473 270 207 
584 596 235 348 543 303 0 342 200 402 327 309 209 322 311 324 558 278 252 183 155 502 311 329 253 453 261 523 0 426 261 286 193 408 339 423 406 473 270 207 
584 596 235 348 543 303 0 342 200 402 327 309 209 322 311 324 558 278 252 183 155 502 311 329 253 453 261 523 489 426 261 286 0 408 339 423 406 473 270 207 
584 0 235 348 543 303 0 342 200 402 327 309 209 322 311 324 558 278 252 183 155 502 311 329 253 453 261 523 489 426 261 286 193 408 339 423 406 473 270 207 
584 596 235 0 543 303 0 342 200 402 327 309 209 322 311 324 558 278 252 183 155 502 311 329 253 453 261 523 489 426 261 286 193 408 339 423 406 473 270 207 
584 596 235 348 543 303 0 342 200 402 327 309 209 322 311 324 558 278 252 183 155 502 311 329 253 453 261 523 489 426 261 286 193 0 339 423 406 473 270 207 
584 596 235 348 543 303 0 342 200 402 327 309 209 322 311 324 558 278 252 183 155 502 0 329 253 453 261 523 489 426 261 286 193 408 339 423 406 473 270 207 
465 316 359 135 297 208 342 0 385 368 580 439 404 225 432 362 246 362 137 574 529 247 210 425 584 416 562 392 0 127 367 283 322 433 594 400 172 505 501 199 
465 316 359 135 297 208 342 0 385 368 580 439 404 225 432 362 246 362 137 0 529 247 210 425 584 416 562 392 272 127 367 283 322 433 594 400 172 505 501 199 
465 316 359 135 297 208 342 0 385 368 580 439 404 225 432 362 246 362 137 574 529 0 210 425 584 416 562 392 272 127 367 283 322 433 594 400 172 505 501 199 
465 316 359 135 297 208 342 0 385 368 580 439 404 225 432 362 246 362 137 574 529 247 210 425 584 416 562 392 272 127 367 283 322 433 594 400 172 505 501 0 
465 316 359 135 297 208 342 0 385 368 580 439 404 225 432 362 246 362 137 574 529 247 210 425 584 416 0 392 272 127 367 283 322 433 594 400 172 505 501 199 
465 316 359 135 297 208 342 0 385 368 580 439 404 225 432 362 0 362 137 574 529 247 210 425 584 416 562 392 272 127 367 283 322 433 594 400 172 505 501 199 
465 316 359 135 297 208 342 0 385 368 580 439 404 225 432 362 246 362 137 0 529 247 210 425 584 416 562 392 272 127 367 283 322 433 594 400 172 505 501 199 
465 316 359 135 297 208 342 0 385 0 580 439 404 225 432 362 246 362 137 574 529 247 210 425 584 416 562 392 272 127 367 283 322 433 594 400 172 505 501 199 
465 316 359 135 297 208 342 0 385 368 580 439 404 225 432 362 246 362 137 574 529 247 210 425 584 416 562 392 272 127 367 283 322 433 0 400 172 505 501 199 
465 316 359 135 297 208 342 0 385 368 580 439 404 225 432 362 246 362 137 574 529 247 210 425 584 416 0 392 272 127 367 283 322 433 594 400 172 505 501 199 
465 316 359 135 297 208 342 0 385 368 580 439 404 225 432 362 246 362 137 574 529 247 210 425 584 0 562 392 272 127 367 283 322 433 594 400 172 505 501 199 
465 316 359 135 297 208 342 0 385 368 580 439 404 225 432 362 246 362 137 574 529 247 210 425 584 416 562 392 272 127 367 283 322 433 594 400 0 505 501 199 
465 316 359 135 0 208 342 0 385 368 580 439 404 225 432 362 246 362 137 574 529 247 210 425 584 416 562 392 272 127 367 283 322 433 594 400 172 505 501 199 
0 316 359 135 297 208 342 0 385 368 580 439 404 225 432 362 246 362 137 574 529 247 210 425 584 416 562 392 272 127 367 283 322 433 594 400 172 505 501 199 
465 316 359 135 297 208 342 0 385 368 580 439 404 225 432 362 246 362 137 574 529 247 210 425 584 416 562 392 272 127 367 283 322 0 594 400 172 505 501 199 
465 316 359 135 297 208 342 0 385 368 580 439 404 225 432 362 246 362 137 574 529 247 210 425 584 416 562 392 272 0 367 283 322 433 594 400 172 505 501 199 
465 316 359 135 297 208 0 0 385 368 580 439 404 225 432 362 246 362 137 574 529 247 210 425 584 416 562 392 272 127 367 283 322 433 594 400 172 505 501 199 
465 316 359 135 297 208 342 0 385 368 580 439 404 225 432 362 246 362 137 574 529 247 210 425 584 416 562 392 272 127 367 283 322 433 594 400 0 505 501 199 
422 355 472 429 397 410 200 385 0 116 476 557 331 334 225 315 299 264 573 499 191 485 0 509 405 579 598 152 529 238 155 204 493 398 202 368 543 217 422 481 
422 355 472 429 397 410 200 385 0 116 476 557 331 334 225 315 299 264 573 499 191 485 375 509 405 579 598 152 529 238 155 204 493 398 202 368 543 217 422 0 
422 355 472 429 397 410 200 385 0 116 0 557 331 334 225 315 299 264 573 499 191 485 375 509 405 579 598 152 529 238 155 204 493 398 202 368 543 217 422 481 
422 0 472 429 397 410 200 385 0 116 476 557 331 334 225 315 299 264 573 499 191 485 375 509 405 579 598 152 529 238 155 204 493 398 202 368 543 217 422 481 
422 355 472 429 397 410 200 385 0 116 476 557 331 0 225 315 299 264 573 499 191 485 375 509 405 579 598 152 529 238 155 204 493 398 202 368 543 217 422 481 
422 355 472 429 397 410 200 385 0 116 476 557 331 334 225 315 299 264 573 499 191 485 375 509 405 579 598 0 529 238 155 204 493 398 202 368 543 217 422 481 
422 355 472 429 397 410 200 385 0 116 476 557 331 334 0 315 299 264 573 499 191 485 375 509 405 579 598 152 529 238 155 204 493 398 202 368 543 217 422 481 
422 355 472 429 397 410 200 385 0 116 476 557 331 334 225 315 299 264 0 499 191 485 375 509 405 579 598 152 529 238 155 204 493 398 202 368 543 217 422 481 
422 355 472 429 397 410 200 385 0 116 476 557 331 334 225 315 299 264 573 499 191 485 375 509 405 579 598 152 529 0 155 204 493 398 202 368 543 217 422 481 
422 355 472 429 397 410 200 385 0 116 476 0 331 334 225 315 299 264 573 499 191 485 375 509 405 579 598 152 529 238 155 204 493 398 202 368 543 217 422 481 
422 355 472 429 397 410 200 385 0 116 476 557 331 334 225 315 299 264 573 499 191 485 375 509 405 579 598 152 529 238 155 204 493 0 202 368 543 217 422 481 
422 355 472 429 397 410 200 385 0 116 0 557 331 334 225 315 299 264 573 499 191 485 375 509 405 579 598 152 529 238 155 204 493 398 202 368 543 217 422 481 
422 355 472 429 397 410 200 385 0 116 0 557 331 334 225 315 299 264 573 499 191 485 375 509 405 579 598 152 529 238 155 204 493 398 202 368 543 217 422 481 
422 355 472 429 397 410 200 385 0 116 476 557 331 0 225 315 299 264 573 499 191 485 375 509 405 579 598 152 529 238 155 204 493 398 202 368 543 217 422 481 
422 355 0 429 397 410 200 385 0 116 476 557 331 334 225 315 299 264 573 499 191 485 375 509 405 579 598 152 529 238 155 204 493 398 202 368 543 217 422 481 
422 355 472 429 397 410 200 385 0 116 0 557 331 334 225 315 299 264 573 499 191 485 375 509 405 579 598 152 529 238 155 204 493 398 202 368 543 217 422 481 
422 355 472 429 397 410 200 0 0 116 476 557 331 334 225 315 299 264 573 499 191 485 375 509 405 579 598 152 529 238 155 204 493 398 202 368 543 217 422 481 
422 355 472 429 397 410 200 385 0 116 476 557 331 0 225 315 299 264 573 499 191 485 375 509 405 579 598 152 529 238 155 204 493 398 202 368 543 217 422 481 
422 355 472 429 397 410 200 385 0 116 476 557 331 334 225 315 0 264 573 499 191 485 375 509 405 579 598 152 529 238 155 204 493 398 202 368 543 217 422 481 
422 0 472 429 397 410 200 385 0 116 476 557 331 334 225 315 299 264 573 499 191 485 375 509 405 579 598 152 529 238 155 204 493 398 202 368 543 217 422 481 
233 401 341 540 529 344 402 368 116 0 433 279 241 370 258 376 191 524 583 572 198 262 105 557 122 107 162 269 299 156 283 389 496 598 108 243 492 0 348 333 
233 401 341 540 0 344 402 368 116 0 433 279 241 370 258 376 191 524 583 572 198 262 105 557 122 107 162 269 299 156 283 389 496 598 108 243 492 276 348 333 
233 401 341 540 529 344 402 368 116 0 433 0 241 370 258 376 191 524 583 572 198 262 105 557 122 107 162 269 299 156 283 389 496 598 108 243 492 276 348 333 
233 401 341 540 529 344 402 368 116 0 433 279 241 370 258 376 191 524 583 572 198 262 105 557 122 107 0 269 299 156 283 389 496 598 108 243 492 276 348 333 
