40 407 5

0 323 152 245 586 436 420 109 430 358 519 398 625 263 265 685 526 533 650 319 578 643 209 626 428 200 235 541 504 648 555 536 191 588 488 527 271 269 383 160 
323 0 123 102 429 419 639 503 161 593 226 278 685 429 423 248 527 608 474 285 176 329 596 225 264 265 179 382 131 667 170 511 388 378 104 568 685 222 391 681 
152 123 0 568 646 219 593 589 697 332 615 697 328 402 436 111 259 333 652 133 107 526 644 278 135 326 453 295 649 225 566 657 448 413 224 218 272 413 146 511 
245 102 568 0 502 605 661 434 453 537 666 620 535 102 688 616 165 157 458 396 623 519 452 252 583 682 142 197 463 311 449 115 403 372 382 679 665 301 686 128 
586 429 646 502 0 501 626 636 436 569 300 527 140 234 242 355 242 541 395 503 575 448 263 554 677 670 295 375 470 138 549 167 344 501 360 437 181 138 384 468 
436 419 219 605 501 0 619 598 547 141 452 637 314 277 595 215 292 619 164 562 220 391 670 473 665 158 113 162 450 570 614 462 404 399 407 353 217 408 115 609 
420 639 593 661 626 619 0 279 495 254 139 450 619 363 648 223 364 591 143 430 306 636 477 386 427 566 559 577 140 421 288 667 535 176 358 657 626 306 358 227 
109 503 589 434 636 598 279 0 384 596 648 677 153 287 141 623 229 636 676 224 366 450 325 270 194 514 493 645 415 202 383 266 458 437 212 530 160 292 649 396 
430 161 697 453 436 547 495 384 0 437 371 327 623 531 530 368 321 498 382 645 182 438 580 533 393 102 609 631 258 329 225 320 388 323 554 632 385 365 604 223 
358 593 332 537 569 141 254 596 437 0 661 610 399 270 628 397 673 215 233 168 275 422 132 208 614 417 590 572 279 107 172 548 277 254 670 519 675 654 155 404 
519 226 615 666 300 452 139 648 371 661 0 518 627 515 434 588 175 240 203 439 190 154 227 525 618 446 238 133 302 666 207 696 627 687 558 106 278 356 697 100 
398 278 697 620 527 637 450 677 327 610 518 0 346 275 379 231 162 298 561 310 679 392 625 360 359 601 286 137 311 664 494 429 527 185 276 616 427 696 321 661 
625 685 328 535 140 314 619 153 623 399 627 346 0 323 273 350 496 528 189 108 338 174 413 253 561 545 494 427 241 184 538 109 171 311 215 179 337 392 686 287 
263 429 402 102 234 277 363 287 531 270 515 275 323 0 531 609 458 355 393 608 514 529 605 379 309 613 595 341 377 423 401 115 376 589 517 436 400 373 544 166 
265 423 436 688 242 595 648 141 530 628 434 379 273 531 0 598 264 133 398 366 275 477 695 169 110 554 100 419 551 134 456 159 481 511 530 466 629 305 607 321 
685 248 111 616 355 215 223 623 368 397 588 231 350 609 598 0 267 337 144 408 538 194 106 272 347 413 116 596 628 113 450 521 624 405 488 119 355 670 307 392 
526 527 259 165 242 292 364 229 321 673 175 162 496 458 264 267 0 580 378 338 443 555 111 370 573 177 112 526 182 279 101 621 363 199 207 558 501 631 365 166 
533 608 333 157 541 619 591 636 498 215 240 298 528 355 133 337 580 0 358 636 277 138 683 642 658 688 610 434 534 304 265 508 125 664 576 460 335 460 389 161 
650 474 652 458 395 164 143 676 382 233 203 561 189 393 398 144 378 358 0 631 333 315 528 180 544 437 503 275 175 108 366 527 181 211 616 239 171 283 662 514 
319 285 133 396 503 562 430 224 645 168 439 310 108 608 366 408 338 636 631 0 160 496 397 513 317 327 214 600 237 442 675 147 243 514 162 594 439 456 137 265 
578 176 107 623 575 220 306 366 182 275 190 679 338 514 275 538 443 277 333 160 0 633 368 105 422 694 410 456 135 119 510 254 639 598 579 217 557 412 284 268 
643 329 526 519 448 391 636 450 438 422 154 392 174 529 477 194 555 138 315 496 633 0 322 246 689 442 477 486 453 257 172 654 577 145 377 607 220 323 694 231 
209 596 644 452 263 670 477 325 580 132 227 625 413 605 695 106 111 683 528 397 368 322 0 637 446 223 497 623 501 483 375 279 637 214 170 413 170 678 498 341 
626 225 278 252 554 473 386 270 533 208 525 360 253 379 169 272 370 642 180 513 105 246 637 0 385 344 353 489 256 143 569 517 618 560 150 598 143 132 366 287 
428 264 135 583 677 665 427 194 393 614 618 359 561 309 110 347 573 658 544 317 422 689 446 385 0 592 651 133 506 495 234 245 632 476 112 291 205 109 107 477 
200 265 326 682 670 158 566 514 102 417 446 601 545 613 554 413 177 688 437 327 694 442 223 344 592 0 499 309 450 167 209 525 198 308 207 401 282 434 529 521 
235 179 453 142 295 113 559 493 609 590 238 286 494 595 100 116 112 610 503 214 410 477 497 353 651 499 0 348 502 550 359 159 439 579 576 574 415 201 139 407 
541 382 295 197 375 162 577 645 631 572 133 137 427 341 419 596 526 434 275 600 456 486 623 489 133 309 348 0 699 376 655 298 643 326 578 405 629 609 203 141 
504 131 649 463 470 450 140 415 258 279 302 311 241 377 551 628 182 534 175 237 135 453 501 256 506 450 502 699 0 660 660 673 347 494 433 109 672 508 107 697 
648 667 225 311 138 570 421 202 329 107 666 664 184 423 134 113 279 304 108 442 119 257 483 143 495 167 550 376 660 0 383 530 367 460 325 574 407 142 591 205 
555 170 566 449 549 614 288 383 225 172 207 494 538 401 456 450 101 265 366 675 510 172 375 569 234 209 359 655 660 383 0 394 341 209 345 556 251 390 175 437 
536 511 657 115 167 462 667 266 320 548 696 429 109 115 159 521 621 508 527 147 254 654 279 517 245 525 159 298 673 530 394 0 166 137 116 496 295 383 424 394 
191 388 448 403 344 404 535 458 388 277 627 527 171 376 481 624 363 125 181 243 639 577 637 618 632 198 439 643 347 367 341 166 0 198 342 683 653 258 262 331 
588 378 413 372 501 399 176 437 323 254 687 185 311 589 511 405 199 664 211 514 598 145 214 560 476 308 579 326 494 460 209 137 198 0 313 271 499 224 654 688 
488 104 224 382 360 407 358 212 554 670 558 276 215 517 530 488 207 576 616 162 579 377 170 150 112 207 576 578 433 325 345 116 342 313 0 596 255 536 452 147 
527 568 218 679 437 353 657 530 632 519 106 616 179 436 466 119 558 460 239 594 217 607 413 598 291 401 574 405 109 574 556 496 683 271 596 0 490 142 324 353 
271 685 272 665 181 217 626 160 385 675 278 427 337 400 629 355 501 335 171 439 557 220 170 143 205 282 415 629 672 407 251 295 653 499 255 490 0 296 273 506 
269 222 413 301 138 408 306 292 365 654 356 696 392 373 305 670 631 460 283 456 412 323 678 132 109 434 201 609 508 142 390 383 258 224 536 142 296 0 502 385 
383 391 146 686 384 115 358 649 604 155 697 321 686 544 607 307 365 389 662 137 284 694 498 366 107 529 139 203 107 591 175 424 262 654 452 324 273 502 0 158 
160 681 511 128 468 609 227 396 223 404 100 661 287 166 321 392 166 161 514 265 268 231 341 287 477 521 407 141 697 205 437 394 331 688 147 353 506 385 158 0 

0 83 85 91 56 51 42 95 39 88 49 52 54 84 87 29 21 40 26 69 35 29 91 34 53 83 96 22 36 26 37 26 74 37 47 51 64 96 92 70 
83 0 63 86 27 31 57 29 84 53 75 93 43 50 50 91 46 30 22 60 96 83 55 76 65 92 91 87 76 22 90 39 62 80 70 44 38 63 50 41 
85 63 0 21 26 61 59 58 37 83 21 50 64 49 30 67 87 74 52 60 69 35 50 83 97 64 37 74 43 81 28 39 56 36 93 62 96 32 77 53 
91 86 21 0 49 27 40 43 37 41 30 54 22 89 46 25 97 62 36 54 48 47 29 77 42 43 84 73 53 61 38 67 28 79 71 54 51 94 23 86 
56 27 26 49 0 23 50 39 37 27 72 29 68 68 70 64 82 54 35 45 44 32 97 47 49 27 87 69 33 80 55 78 81 38 80 32 70 75 97 53 
51 31 61 27 23 0 36 26 51 95 25 27 90 74 59 80 72 23 98 27 94 42 43 53 39 89 74 81 35 37 52 55 53 21 46 93 81 37 62 56 
42 57 59 40 50 36 0 78 38 76 80 43 38 60 49 98 96 26 94 38 71 50 48 82 29 36 28 39 96 25 90 25 43 84 65 47 58 72 73 93 
95 29 58 43 39 26 78 0 94 49 32 47 65 81 94 37 60 27 36 94 68 36 71 90 60 50 27 56 35 84 66 64 46 44 68 54 64 77 32 59 
39 84 37 37 37 51 38 94 0 21 61 80 26 30 32 74 76 39 78 35 97 45 34 55 28 75 40 59 97 67 99 76 93 65 56 40 90 99 58 97 
88 53 83 41 27 95 76 49 21 0 54 21 35 90 23 26 27 66 77 76 88 54 99 68 35 59 52 53 90 89 86 35 64 99 46 33 29 50 72 32 
49 75 21 30 72 25 80 32 61 54 0 43 33 40 36 22 84 98 87 47 98 82 65 38 41 25 63 97 72 30 64 29 47 52 31 71 91 77 59 88 
52 93 50 54 29 27 43 47 80 21 43 0 63 91 66 91 84 86 27 92 48 24 35 87 93 25 96 74 80 23 25 32 26 61 70 43 59 39 92 46 
54 43 64 22 68 90 38 65 26 35 33 63 0 82 80 89 52 25 96 69 87 85 21 81 57 20 20 50 72 63 36 85 98 63 88 63 78 27 23 68 
84 50 49 89 68 74 60 81 30 90 40 91 82 0 34 47 50 93 22 33 33 23 29 85 82 30 43 65 95 49 23 66 82 54 46 21 32 86 49 66 
87 50 30 46 70 59 49 94 32 23 36 66 80 34 0 56 99 69 50 71 70 29 33 89 86 54 70 21 35 71 48 77 40 42 27 57 30 67 56 87 
29 91 67 25 64 80 98 37 74 26 22 91 89 47 56 0 93 69 66 49 53 83 69 84 67 42 73 56 24 64 28 32 43 24 37 72 63 22 76 54 
21 46 87 97 82 72 96 60 76 27 84 84 52 50 99 93 0 47 81 88 31 29 98 73 39 66 80 35 75 96 61 44 63 67 64 44 39 37 95 67 
40 30 74 62 54 23 26 27 39 66 98 86 25 93 69 69 47 0 60 33 73 74 54 40 38 47 32 55 52 75 69 34 87 56 52 49 91 36 90 80 
26 22 52 36 35 98 94 36 78 77 87 27 96 22 50 66 81 60 0 33 67 85 29 68 57 41 51 79 92 65 83 29 87 67 34 84 83 88 53 30 
69 60 60 54 45 27 38 94 35 76 47 92 69 33 71 49 88 33 33 0 89 46 25 54 75 68 79 52 80 50 52 61 70 51 79 58 57 24 60 66 
35 96 69 48 44 94 71 68 97 88 98 48 87 33 70 53 31 73 67 89 0 26 90 61 31 43 27 48 90 94 33 60 36 37 56 69 43 37 67 95 
29 83 35 47 32 42 50 36 45 54 82 24 85 23 29 83 29 74 85 46 26 0 61 92 47 23 59 25 36 68 93 42 41 85 62 48 83 68 44 88 
91 55 50 29 97 43 48 71 34 99 65 35 21 29 33 69 98 54 29 25 90 61 0 33 32 94 59 55 32 42 68 93 27 90 89 44 85 42 35 93 
34 76 83 77 47 53 82 90 55 68 38 87 81 85 89 84 73 40 68 54 61 92 33 0 92 73 88 45 89 82 40 24 57 46 60 33 83 63 90 83 
53 65 97 42 49 39 29 60 28 35 41 93 57 82 86 67 39 38 57 75 31 47 32 92 0 36 43 69 39 54 99 82 51 39 88 69 91 78 65 42 
83 92 64 43 27 89 36 50 75 59 25 25 20 30 54 42 66 47 41 68 43 23 94 73 36 0 47 72 42 79 73 56 93 94 81 54 70 33 39 30 
96 91 37 84 87 74 28 27 40 52 63 96 20 43 70 73 80 32 51 79 27 59 59 88 43 47 0 93 54 27 97 61 34 36 57 52 58 60 77 39 
22 87 74 73 69 81 39 56 59 53 97 74 50 65 21 56 35 55 79 52 48 25 55 45 69 72 93 0 20 77 52 76 36 99 55 51 42 44 95 97 
36 76 43 53 33 35 96 35 97 90 72 80 72 95 35 24 75 52 92 80 90 36 32 89 39 42 54 20 0 33 24 38 98 59 41 81 34 47 71 34 
26 22 81 61 80 37 25 84 67 89 30 23 63 49 71 64 96 75 65 50 94 68 42 82 54 79 27 77 33 0 89 29 99 37 97 24 38 80 37 74 
37 90 28 38 55 52 90 66 99 86 64 25 36 23 48 28 61 69 83 52 33 93 68 40 99 73 97 52 24 89 0 29 93 79 94 51 68 70 70 27 
26 39 39 67 78 55 25 64 76 35 29 32 85 66 77 32 44 34 29 61 60 42 93 24 82 56 61 76 38 29 29 0 89 91 60 40 94 86 46 36 
74 62 56 28 81 53 43 46 93 64 47 26 98 82 40 43 63 87 87 70 36 41 27 57 51 93 34 36 98 99 93 89 0 97 90 27 25 69 81 81 
37 80 36 79 38 21 84 44 65 99 52 61 63 54 42 24 67 56 67 51 37 85 90 46 39 94 36 99 59 37 79 91 97 0 71 70 37 65 35 38 
47 70 93 71 80 46 65 68 56 46 31 70 88 46 27 37 64 52 34 79 56 62 89 60 88 81 57 55 41 97 94 60 90 71 0 29 75 24 53 64 
51 44 62 54 32 93 47 54 40 33 71 43 63 21 57 72 44 49 84 58 69 48 44 33 69 54 52 51 81 24 51 40 27 70 29 0 35 68 93 73 
64 38 96 51 70 81 58 64 90 29 91 59 78 32 30 63 39 91 83 57 43 83 85 83 91 70 58 42 34 38 68 94 25 37 75 35 0 69 90 43 
96 63 32 94 75 37 72 77 99 50 77 39 27 86 67 22 37 36 88 24 37 68 42 63 78 33 60 44 47 80 70 86 69 65 24 68 69 0 46 60 
92 50 77 23 97 62 73 32 58 72 59 92 23 49 56 76 95 90 53 60 67 44 35 90 65 39 77 95 71 37 70 46 81 35 53 93 90 46 0 87 
70 41 53 86 53 56 93 59 97 32 88 46 68 66 87 54 67 80 30 66 95 88 93 83 42 30 39 97 34 74 27 36 81 38 64 73 43 60 87 0 

326.0 117.0 1 32
435.0 369.0 1 5
507.0 140.0 1 19
580.0 302.0 1 36
380.0 222.0 1 34
507.0 276.0 1 25
507.0 140.0 1 29
724.0 179.0 1 32
489.0 124.0 1 30
435.0 244.0 1 34
652.0 313.0 1 23
543.0 163.0 1 19
443.0 183.0 1 24
435.0 262.0 2 17
435.0 386.0 2 26
507.0 491.0 2 27
380.0 198.0 2 30
570.0 180.0 2 24
543.0 323.0 2 1
435.0 140.0 3 5
435.0 377.0 3 24
570.0 384.0 3 24
435.0 243.0 3 34
380.0 386.0 3 33
326.0 107.0 3 35
570.0 124.0 3 38
543.0 243.0 3 26
380.0 155.0 3 37
724.0 261.0 3 27
443.0 100.0 3 29
634.0 494.0 4 17
435.0 193.0 4 31
652.0 372.0 4 21
724.0 507.0 4 19
507.0 117.0 4 33
724.0 165.0 4 23
507.0 464.0 4 35
435.0 288.0 4 21
326.0 275.0 4 25
543.0 365.0 4 29
543.0 226.0 5 18
326.0 253.0 5 24
507.0 360.0 5 30
507.0 403.0 5 31
507.0 408.0 5 35
634.0 480.0 5 30
443.0 397.0 5 32
652.0 210.0 5 23
435.0 158.0 5 29
380.0 139.0 5 38
380.0 384.0 5 35
435.0 345.0 5 19
443.0 231.0 5 19
652.0 410.0 6 17
435.0 144.0 6 38
489.0 285.0 6 22
489.0 232.0 6 23
380.0 245.0 6 23
652.0 216.0 6 23
326.0 513.0 6 31
443.0 466.0 6 27
570.0 461.0 6 28
652.0 410.0 6 25
443.0 507.0 6 26
380.0 296.0 7 10
443.0 367.0 7 38
543.0 285.0 7 22
580.0 530.0 7 21
326.0 105.0 7 30
489.0 140.0 7 26
380.0 134.0 8 11
507.0 399.0 8 1
435.0 319.0 8 23
724.0 427.0 8 1
326.0 177.0 8 30
570.0 183.0 8 22
380.0 413.0 8 27
507.0 124.0 8 20
489.0 200.0 8 34
724.0 413.0 8 25
435.0 179.0 8 1
652.0 113.0 8 20
507.0 446.0 9 33
326.0 153.0 9 14
326.0 348.0 9 39
489.0 564.0 9 1
634.0 276.0 9 36
380.0 147.0 10 32
507.0 233.0 10 4
724.0 117.0 10 20
435.0 405.0 10 25
724.0 308.0 10 28
543.0 330.0 10 38
380.0 117.0 10 33
435.0 386.0 10 34
570.0 241.0 10 32
570.0 399.0 10 36
435.0 121.0 10 33
570.0 382.0 11 2
543.0 256.0 11 32
507.0 415.0 11 27
570.0 138.0 11 23
580.0 450.0 11 21
507.0 339.0 11 19
652.0 501.0 11 35
380.0 126.0 11 19
435.0 137.0 12 6
570.0 435.0 12 28
634.0 88.0 12 32
634.0 144.0 12 22
724.0 226.0 12 34
507.0 97.0 12 26
380.0 230.0 12 37
435.0 288.0 12 28
435.0 152.0 12 38
543.0 312.0 12 31
652.0 418.0 12 25
489.0 359.0 12 38
580.0 402.0 12 34
489.0 613.0 12 35
435.0 304.0 13 37
634.0 312.0 13 17
507.0 405.0 13 32
570.0 359.0 13 30
724.0 159.0 13 26
543.0 331.0 13 23
326.0 326.0 13 35
634.0 228.0 13 36
507.0 340.0 13 36
326.0 206.0 13 33
580.0 132.0 13 26
724.0 262.0 14 35
724.0 388.0 14 8
507.0 594.0 14 20
507.0 570.0 14 29
443.0 288.0 14 26
543.0 276.0 15 30
543.0 210.0 15 26
326.0 276.0 15 30
570.0 381.0 15 38
435.0 198.0 15 3
435.0 81.0 15 28
634.0 96.0 15 22
652.0 352.0 15 39
580.0 81.0 15 28
580.0 469.0 15 35
380.0 564.0 15 32
507.0 312.0 15 25
326.0 327.0 16 24
634.0 199.0 16 35
507.0 326.0 16 30
507.0 403.0 16 5
489.0 326.0 16 30
570.0 283.0 16 33
634.0 174.0 16 1
507.0 336.0 16 26
380.0 510.0 16 39
570.0 627.0 17 39
507.0 306.0 17 24
443.0 580.0 17 20
507.0 408.0 17 27
489.0 297.0 17 26
543.0 176.0 17 21
489.0 277.0 17 32
326.0 432.0 17 27
507.0 554.0 17 11
570.0 480.0 17 27
507.0 251.0 17 28
507.0 328.0 18 21
435.0 138.0 18 6
570.0 210.0 18 23
326.0 186.0 18 32
570.0 249.0 18 29
507.0 393.0 18 26
443.0 510.0 18 21
580.0 342.0 18 19
435.0 269.0 18 31
652.0 617.0 18 29
543.0 257.0 19 16
580.0 183.0 19 23
543.0 459.0 19 22
570.0 398.0 19 31
652.0 501.0 19 38
724.0 423.0 19 37
326.0 475.0 19 38
380.0 374.0 19 36
507.0 317.0 20 22
380.0 217.0 20 14
507.0 188.0 20 19
724.0 226.0 20 24
443.0 342.0 20 28
380.0 366.0 20 25
543.0 296.0 20 38
326.0 240.0 20 30
489.0 306.0 21 8
380.0 349.0 21 20
724.0 587.0 21 20
435.0 148.0 21 31
380.0 310.0 21 36
724.0 222.0 21 34
724.0 540.0 21 29
507.0 343.0 21 32
443.0 604.0 21 32
443.0 281.0 21 19
443.0 548.0 21 39
489.0 210.0 21 34
380.0 177.0 21 34
724.0 494.0 21 29
543.0 206.0 21 26
580.0 158.0 22 26
580.0 200.0 22 15
507.0 239.0 22 25
652.0 357.0 22 19
507.0 323.0 22 37
326.0 572.0 22 37
543.0 113.0 22 1
435.0 221.0 22 33
543.0 109.0 22 21
380.0 264.0 22 32
326.0 139.0 23 4
443.0 641.0 23 32
507.0 411.0 23 21
507.0 316.0 23 25
543.0 163.0 23 30
435.0 362.0 23 37
507.0 210.0 24 20
580.0 310.0 24 5
652.0 432.0 24 39
507.0 168.0 24 23
489.0 408.0 24 19
489.0 572.0 24 37
489.0 448.0 24 36
543.0 340.0 24 38
543.0 366.0 24 21
570.0 348.0 24 37
489.0 436.0 25 37
380.0 148.0 25 18
489.0 189.0 25 29
634.0 421.0 25 38
652.0 296.0 25 22
380.0 396.0 26 17
443.0 275.0 26 36
652.0 264.0 26 1
380.0 296.0 26 33
326.0 275.0 26 36
652.0 205.0 26 25
634.0 282.0 26 30
326.0 316.0 26 32
326.0 474.0 26 30
634.0 243.0 26 36
724.0 222.0 26 39
634.0 239.0 26 29
489.0 410.0 26 28
435.0 267.0 26 27
507.0 451.0 26 34
543.0 374.0 27 12
507.0 389.0 27 22
489.0 547.0 27 24
652.0 374.0 27 37
507.0 382.0 27 37
507.0 230.0 27 23
507.0 275.0 27 19
634.0 183.0 27 26
380.0 359.0 27 35
380.0 105.0 27 30
634.0 234.0 27 20
435.0 376.0 27 35
380.0 662.0 27 35
543.0 178.0 27 30
724.0 186.0 27 32
326.0 201.0 28 21
543.0 402.0 28 19
489.0 288.0 28 12
652.0 198.0 28 38
380.0 495.0 28 1
634.0 501.0 29 2
543.0 450.0 29 38
443.0 159.0 29 35
489.0 239.0 29 26
543.0 182.0 29 32
326.0 220.0 29 27
570.0 579.0 29 19
507.0 327.0 29 20
570.0 486.0 29 25
435.0 456.0 29 20
326.0 189.0 29 26
652.0 315.0 30 18
380.0 222.0 30 39
580.0 144.0 30 34
443.0 172.0 30 38
380.0 640.0 30 35
652.0 456.0 30 27
507.0 113.0 30 32
570.0 105.0 30 27
489.0 330.0 30 20
652.0 534.0 30 33
570.0 423.0 30 21
326.0 442.0 30 25
380.0 399.0 30 32
443.0 249.0 30 27
435.0 265.0 31 20
724.0 387.0 31 10
380.0 144.0 31 1
634.0 184.0 31 33
543.0 148.0 31 21
380.0 459.0 31 37
435.0 441.0 31 21
507.0 228.0 31 24
489.0 277.0 31 1
543.0 490.0 31 30
435.0 402.0 31 34
435.0 210.0 32 3
724.0 163.0 32 1
570.0 422.0 32 29
443.0 415.0 32 31
652.0 409.0 32 34
507.0 130.0 32 31
507.0 187.0 32 24
634.0 369.0 32 21
543.0 192.0 32 26
634.0 274.0 32 20
507.0 245.0 33 17
543.0 421.0 33 1
543.0 172.0 33 21
580.0 365.0 33 26
489.0 391.0 33 32
380.0 290.0 33 24
489.0 396.0 33 25
435.0 353.0 33 32
507.0 340.0 33 27
634.0 432.0 33 35
435.0 276.0 33 29
507.0 399.0 33 20
543.0 290.0 33 25
380.0 491.0 34 32
507.0 390.0 34 38
507.0 409.0 34 32
443.0 312.0 34 38
380.0 561.0 34 22
652.0 302.0 34 13
380.0 623.0 34 20
652.0 136.0 34 32
724.0 448.0 34 26
380.0 582.0 34 33
435.0 600.0 34 32
380.0 341.0 34 19
507.0 231.0 34 39
543.0 199.0 34 39
634.0 210.0 34 37
380.0 507.0 35 23
652.0 552.0 35 30
443.0 233.0 35 29
380.0 336.0 35 12
443.0 220.0 35 33
652.0 234.0 35 32
380.0 317.0 35 19
652.0 336.0 35 28
570.0 369.0 35 25
326.0 251.0 35 32
435.0 108.0 35 38
570.0 176.0 35 25
507.0 585.0 35 22
652.0 648.0 35 31
326.0 262.0 35 24
570.0 129.0 36 33
489.0 331.0 36 25
507.0 277.0 36 2
634.0 340.0 36 29
634.0 530.0 36 37
507.0 298.0 36 22
724.0 222.0 36 38
652.0 428.0 36 19
580.0 187.0 36 22
507.0 193.0 36 31
507.0 393.0 36 25
507.0 290.0 36 37
380.0 256.0 37 20
380.0 336.0 37 5
380.0 573.0 37 22
489.0 482.0 37 26
435.0 455.0 37 38
724.0 267.0 38 29
326.0 342.0 38 27
580.0 450.0 38 5
724.0 289.0 38 33
435.0 592.0 38 28
443.0 165.0 38 20
634.0 281.0 38 19
634.0 567.0 38 32
652.0 462.0 38 22
435.0 168.0 38 26
489.0 234.0 39 26
507.0 372.0 39 6
489.0 308.0 39 31
380.0 378.0 39 24
652.0 251.0 39 20
652.0 281.0 39 21
443.0 250.0 39 22
489.0 117.0 39 28
489.0 387.0 40 4
443.0 252.0 40 25
380.0 415.0 40 19
435.0 333.0 40 20
380.0 336.0 40 21
489.0 384.0 40 28
489.0 340.0 40 33
380.0 494.0 40 28

0 323 152 245 402 348 387 109 302 341 260 398 262 263 250 263 320 316 372 285 259 391 209 364 287 200 235 301 394 311 409 0 191 389 307 366 269 269 298 160 
0 323 152 245 0 348 387 109 302 341 260 398 262 263 250 263 320 316 372 285 259 391 209 364 287 200 235 301 394 311 409 357 191 389 307 366 269 269 298 160 
0 323 152 245 402 348 387 109 302 341 260 398 262 263 250 263 320 316 0 285 259 391 209 364 287 200 235 301 394 311 409 357 191 389 307 366 269 269 298 160 
0 323 152 245 402 348 387 109 302 341 260 398 262 263 250 263 320 316 372 285 259 391 209 364 287 200 235 301 394 311 409 357 191 389 307 366 269 269 298 0 
0 323 152 245 402 348 387 109 302 341 260 398 262 263 250 263 320 316 372 285 259 391 209 364 287 200 235 301 394 311 409 357 191 0 307 366 269 269 298 160 
0 323 152 245 402 348 387 109 302 341 260 398 262 263 250 263 320 0 372 285 259 391 209 364 287 200 235 301 394 311 409 357 191 389 307 366 269 269 298 160 
0 323 152 245 402 348 387 109 302 341 260 398 262 263 250 263 320 316 372 285 259 391 209 364 287 200 235 301 0 311 409 357 191 389 307 366 269 269 298 160 
0 323 152 245 402 348 387 109 302 341 260 398 262 263 250 263 320 316 372 285 259 391 209 364 287 200 235 301 394 311 409 0 191 389 307 366 269 269 298 160 
0 323 152 245 402 348 387 109 302 341 260 398 262 263 250 263 320 316 372 285 259 391 209 364 287 200 235 301 394 0 409 357 191 389 307 366 269 269 298 160 
0 323 152 245 402 348 387 109 302 341 260 398 262 0 250 263 320 316 372 285 259 391 209 364 287 200 235 301 394 311 409 357 191 389 307 366 269 269 298 160 
0 323 152 245 402 348 387 109 302 341 260 398 262 263 250 263 320 316 372 285 259 391 0 364 287 200 235 301 394 311 409 357 191 389 307 366 269 269 298 160 
0 323 152 245 402 348 387 109 302 341 260 398 262 263 250 263 320 316 0 285 259 391 209 364 287 200 235 301 394 311 409 357 191 389 307 366 269 269 298 160 
0 323 152 245 402 348 387 109 302 341 260 398 262 263 250 263 320 316 372 285 259 391 209 0 287 200 235 301 394 311 409 357 191 389 307 366 269 269 298 160 
323 0 123 102 429 419 639 503 161 593 226 278 685 429 423 248 0 608 474 285 176 329 596 225 264 265 179 382 131 667 170 511 388 378 104 568 685 222 391 681 
323 0 123 102 429 419 639 503 161 593 226 278 685 429 423 248 527 608 474 285 176 329 596 225 264 0 179 382 131 667 170 511 388 378 104 568 685 222 391 681 
323 0 123 102 429 419 639 503 161 593 226 278 685 429 423 248 527 608 474 285 176 329 596 225 264 265 0 382 131 667 170 511 388 378 104 568 685 222 391 681 
323 0 123 102 429 419 639 503 161 593 226 278 685 429 423 248 527 0 474 285 176 329 596 225 264 265 179 382 131 667 170 511 388 378 104 568 685 222 391 681 
323 0 123 102 429 419 639 503 161 593 226 278 685 429 423 248 527 0 474 285 176 329 596 225 264 265 179 382 131 667 170 511 388 378 104 568 685 222 391 681 
0 0 123 102 429 419 639 503 161 593 226 278 685 429 423 248 527 608 474 285 176 329 596 225 264 265 179 382 131 667 170 511 388 378 104 568 685 222 391 681 
152 123 0 568 0 219 593 589 697 332 615 697 328 402 436 111 259 333 652 133 107 526 644 278 135 326 453 295 649 225 566 657 448 413 224 218 272 413 146 511 
152 123 0 568 646 219 593 589 697 332 615 697 328 402 436 111 259 0 652 133 107 526 644 278 135 326 453 295 649 225 566 657 448 413 224 218 272 413 146 511 
152 123 0 568 646 0 593 589 697 332 615 697 328 402 436 111 259 333 652 133 107 526 644 278 135 326 453 295 649 225 566 657 448 413 224 218 272 413 146 511 
152 123 0 568 646 219 593 0 697 332 615 697 328 402 436 111 259 333 652 133 107 526 644 278 135 326 453 295 649 225 566 657 448 413 224 218 272 413 146 511 
152 123 0 568 646 219 593 589 697 332 615 697 328 402 436 111 259 333 652 133 107 526 644 278 135 326 453 295 649 225 566 657 0 413 224 218 272 413 146 511 
152 123 0 568 646 219 593 589 697 332 0 697 328 402 436 111 259 333 652 133 107 526 644 278 135 326 453 295 649 225 566 657 448 413 224 218 272 413 146 511 
152 123 0 568 646 219 593 589 697 332 615 697 328 402 436 111 259 333 652 133 107 526 644 278 135 326 453 295 649 225 566 657 448 413 224 218 272 0 146 511 
152 123 0 568 646 219 593 0 697 332 615 697 328 402 436 111 259 333 652 133 107 526 644 278 135 326 453 295 649 225 566 657 448 413 224 218 272 413 146 511 
152 123 0 568 646 219 593 589 0 332 615 697 328 402 436 111 259 333 652 133 107 526 644 278 135 326 453 295 649 225 566 657 448 413 224 218 272 413 146 511 
152 123 0 568 646 219 593 589 697 332 615 697 328 402 436 0 259 333 652 133 107 526 644 278 135 326 453 295 649 225 566 657 448 413 224 218 272 413 146 511 
152 123 0 568 646 219 593 589 697 332 0 697 328 402 436 111 259 333 652 133 107 526 644 278 135 326 453 295 649 225 566 657 448 413 224 218 272 413 146 511 
245 102 568 0 502 605 661 434 453 537 666 620 535 102 688 616 0 157 458 396 623 519 452 252 583 682 142 197 463 311 449 115 403 372 382 679 665 301 686 128 
245 102 568 0 502 605 661 434 453 537 666 620 535 102 688 616 165 157 458 396 623 519 452 252 583 682 142 197 463 311 0 115 403 372 382 679 665 301 686 128 
245 102 568 0 502 605 661 434 453 537 666 620 535 102 688 616 165 0 458 396 623 519 452 252 583 682 142 197 463 311 449 115 403 372 382 679 665 301 686 128 
245 102 568 0 502 605 661 434 453 537 666 620 535 0 688 616 165 157 458 396 623 519 452 252 583 682 142 197 463 311 449 115 403 372 382 679 665 301 686 128 
245 102 568 0 502 605 661 434 453 537 666 620 535 102 688 616 165 157 458 396 623 519 452 252 583 682 142 197 463 311 449 115 0 372 382 679 665 301 686 128 
245 102 568 0 502 605 661 434 453 537 666 620 535 102 688 616 165 157 458 396 623 519 0 252 583 682 142 197 463 311 449 115 403 372 382 679 665 301 686 128 
245 102 568 0 502 605 661 434 453 537 666 620 535 102 688 616 165 157 458 396 623 519 452 252 583 682 142 197 463 311 449 115 403 372 382 679 665 301 686 0 
245 102 568 0 502 605 661 434 453 537 666 620 535 102 688 616 165 157 458 396 0 519 452 252 583 682 142 197 463 311 449 115 403 372 382 679 665 301 686 128 
245 102 568 0 502 605 661 434 453 537 666 0 535 102 688 616 165 157 458 396 623 519 452 252 583 682 142 197 463 311 449 115 403 372 382 679 665 301 686 128 
245 102 568 0 502 605 661 434 453 537 666 620 535 102 688 616 165 157 458 396 623 519 452 252 583 682 142 197 0 311 449 115 403 372 382 679 665 301 686 128 
586 429 646 502 0 501 626 636 436 569 300 527 140 234 242 355 242 0 395 503 575 448 263 554 677 670 295 375 470 138 549 167 344 501 360 437 181 138 384 468 
586 429 646 502 0 501 626 636 436 569 300 527 140 234 242 355 242 541 395 503 575 448 263 0 677 670 295 375 470 138 549 167 344 501 360 437 181 138 384 468 
586 429 646 502 0 501 626 636 436 569 300 527 140 234 242 355 242 541 395 503 575 448 263 554 677 670 295 375 470 0 549 167 344 501 360 437 181 138 384 468 
586 429 646 502 0 501 626 636 436 569 300 527 140 234 242 0 242 541 395 503 575 448 263 554 677 670 295 375 470 138 549 167 344 501 360 437 181 138 384 468 
586 429 646 502 0 501 626 636 436 569 300 527 140 234 242 355 242 541 395 503 575 448 263 554 677 670 295 375 470 138 549 167 344 501 0 437 181 138 384 468 
586 429 646 502 0 501 626 636 436 569 300 527 140 234 242 355 242 541 395 503 575 448 263 554 677 670 295 375 470 0 549 167 344 501 360 437 181 138 384 468 
586 429 646 502 0 501 626 636 436 569 300 527 140 234 242 355 242 541 395 503 575 448 263 554 677 670 295 375 470 138 549 0 344 501 360 437 181 138 384 468 
586 429 646 502 0 501 0 636 436 569 300 527 140 234 242 355 242 541 395 503 575 448 263 554 677 670 295 375 470 138 549 167 344 501 360 437 181 138 384 468 
586 429 646 502 0 501 626 636 436 569 300 527 140 234 242 355 242 541 395 503 575 448 263 554 677 670 295 375 0 138 549 167 344 501 360 437 181 138 384 468 
586 429 646 502 0 501 626 636 436 569 300 0 140 234 242 355 242 541 395 503 575 448 263 554 677 670 295 375 470 138 549 167 344 501 360 437 181 138 384 468 
586 429 646 502 0 501 626 636 436 569 300 527 140 234 242 355 242 541 395 503 575 448 263 554 677 670 295 375 470 138 549 167 344 501 0 437 181 138 384 468 
586 429 646 502 0 501 626 636 436 569 300 527 140 234 242 0 242 541 395 503 575 448 263 554 677 670 295 375 470 138 549 167 344 501 360 437 181 138 384 468 
586 429 646 502 0 501 626 636 436 569 300 527 140 234 242 355 242 541 0 503 575 448 263 554 677 670 295 375 470 138 549 167 344 501 360 437 181 138 384 468 
436 419 219 605 501 0 619 598 547 141 452 637 314 277 595 215 0 619 164 562 220 391 670 473 665 158 113 162 450 570 614 462 404 399 407 353 217 408 115 609 
436 419 219 605 501 0 619 598 547 141 452 637 314 277 595 215 292 619 164 562 220 391 670 473 665 158 113 162 450 570 614 462 404 399 407 353 217 0 115 609 
436 419 219 605 501 0 619 598 547 141 452 637 314 277 595 215 292 619 164 562 220 391 670 473 665 158 113 162 450 570 614 462 404 399 407 353 217 408 115 0 
436 419 219 605 501 0 619 598 547 141 452 637 314 277 595 215 292 619 164 562 220 391 0 473 665 158 113 162 450 570 614 462 404 399 407 353 217 408 115 609 
436 419 219 605 501 0 619 598 547 141 452 637 314 277 595 215 292 619 164 562 220 391 0 473 665 158 113 162 450 570 614 462 404 399 407 353 217 408 115 609 
436 419 219 605 501 0 0 598 547 141 452 637 314 277 595 215 292 619 164 562 220 391 670 473 665 158 113 162 450 570 614 462 404 399 407 353 217 408 115 609 
436 419 219 605 501 0 619 598 547 141 452 637 0 277 595 215 292 619 164 562 220 391 670 473 665 158 113 162 450 570 614 462 404 399 407 353 217 408 115 609 
436 419 219 605 501 0 619 598 547 141 452 637 314 277 595 215 292 619 164 562 220 391 670 473 665 158 0 162 450 570 614 462 404 399 407 353 217 408 115 609 
436 419 219 605 501 0 619 598 547 141 452 637 314 277 595 215 292 619 164 562 220 391 670 473 665 158 113 0 450 570 614 462 404 399 407 353 217 408 115 609 
436 419 219 605 501 0 619 598 547 141 452 637 314 277 595 215 0 619 164 562 220 391 670 473 665 158 113 162 450 570 614 462 404 399 407 353 217 408 115 609 
436 419 219 605 501 0 619 598 547 141 452 637 314 277 595 215 292 619 164 562 220 391 670 473 665 0 113 162 450 570 614 462 404 399 407 353 217 408 115 609 
420 639 593 661 626 619 0 279 495 0 139 450 619 363 648 223 364 591 143 430 306 636 477 386 427 566 559 577 140 421 288 667 535 176 358 657 626 306 358 227 
420 639 593 661 626 619 0 279 495 254 139 450 619 363 648 223 364 591 143 430 306 636 477 386 427 566 559 577 140 421 288 667 535 176 358 657 626 0 358 227 
420 639 593 661 626 619 0 279 495 254 139 450 619 363 648 223 364 591 143 430 306 0 477 386 427 566 559 577 140 421 288 667 535 176 358 657 626 306 358 227 
420 639 593 661 626 619 0 279 495 254 139 450 619 363 648 223 364 591 143 430 306 636 477 386 427 566 559 577 140 421 288 667 535 176 358 657 626 306 358 0 
420 639 593 661 626 619 0 279 495 254 139 450 619 363 648 223 364 591 143 430 306 636 477 386 427 566 559 577 140 0 288 667 535 176 358 657 626 306 358 227 
420 639 593 661 626 619 0 279 495 254 139 450 619 363 648 223 364 591 143 430 306 636 477 386 427 0 559 577 140 421 288 667 535 176 358 657 626 306 358 227 
109 503 589 434 636 598 279 0 384 596 0 677 153 287 141 623 229 636 676 224 366 450 325 270 194 514 493 645 415 202 383 266 458 437 212 530 160 292 649 396 
0 503 589 434 636 598 279 0 384 596 648 677 153 287 141 623 229 636 676 224 366 450 325 270 194 514 493 645 415 202 383 266 458 437 212 530 160 292 649 396 
109 503 589 434 636 598 279 0 384 596 648 677 153 287 141 623 229 636 676 224 366 450 0 270 194 514 493 645 415 202 383 266 458 437 212 530 160 292 649 396 
0 503 589 434 636 598 279 0 384 596 648 677 153 287 141 623 229 636 676 224 366 450 325 270 194 514 493 645 415 202 383 266 458 437 212 530 160 292 649 396 
109 503 589 434 636 598 279 0 384 596 648 677 153 287 141 0 229 636 676 224 366 450 325 270 194 514 493 645 415 202 383 266 458 437 212 530 160 292 649 396 
109 503 589 434 636 598 279 0 384 596 648 677 153 287 141 623 229 636 676 224 366 0 325 270 194 514 493 645 415 202 383 266 458 437 212 530 160 292 649 396 
109 503 589 434 636 598 279 0 384 596 648 677 153 287 141 623 0 636 676 224 366 450 325 270 194 514 493 645 415 202 383 266 458 437 212 530 160 292 649 396 
109 503 589 434 636 0 279 0 384 596 648 677 153 287 141 623 229 636 676 224 366 450 325 270 194 514 493 645 415 202 383 266 458 437 212 530 160 292 649 396 
109 0 589 434 636 598 279 0 384 596 648 677 153 287 141 623 229 636 676 224 366 450 325 270 194 514 493 645 415 202 383 266 458 437 212 530 160 292 649 396 
109 503 589 434 636 598 279 0 384 596 648 677 153 287 141 623 229 636 676 224 366 450 325 270 0 514 493 645 415 202 383 266 458 437 212 530 160 292 649 396 
109 503 589 434 636 0 279 0 384 596 648 677 153 287 141 623 229 636 676 224 366 450 325 270 194 514 493 645 415 202 383 266 458 437 212 530 160 292 649 396 
109 503 589 434 636 598 279 0 384 596 648 677 153 287 141 623 229 0 676 224 366 450 325 270 194 514 493 645 415 202 383 266 458 437 212 530 160 292 649 396 
430 161 697 453 436 547 495 384 0 437 371 327 623 531 530 368 321 498 382 645 182 438 580 533 393 102 609 631 258 329 225 320 0 323 554 632 385 365 604 223 
430 161 697 453 436 547 495 384 0 437 371 327 623 0 530 368 321 498 382 645 182 438 580 533 393 102 609 631 258 329 225 320 388 323 554 632 385 365 604 223 
430 161 697 453 436 547 495 384 0 437 371 327 623 531 530 368 321 498 382 645 182 438 580 533 393 102 609 631 258 329 225 320 388 323 554 632 385 365 0 223 
430 161 697 453 436 547 495 0 0 437 371 327 623 531 530 368 321 498 382 645 182 438 580 533 393 102 609 631 258 329 225 320 388 323 554 632 385 365 604 223 
430 161 697 453 436 547 495 384 0 437 371 327 623 531 530 368 321 498 382 645 182 438 580 533 393 102 609 631 258 329 225 320 388 323 554 0 385 365 604 223 
358 593 332 537 569 141 254 596 437 0 661 610 399 270 628 397 673 215 233 168 275 422 132 208 614 417 590 572 279 107 172 0 277 254 670 519 675 654 155 404 
358 593 332 0 569 141 254 596 437 0 661 610 399 270 628 397 673 215 233 168 275 422 132 208 614 417 590 572 279 107 172 548 277 254 670 519 675 654 155 404 
358 593 332 537 569 141 254 596 437 0 661 610 399 270 628 0 673 215 233 168 275 422 132 208 614 417 590 572 279 107 172 548 277 254 670 519 675 654 155 404 
358 593 332 537 569 141 254 596 437 0 661 610 399 0 628 397 673 215 233 168 275 422 132 208 614 417 590 572 279 107 172 548 277 254 670 519 675 654 155 404 
358 593 332 537 569 141 254 0 437 0 661 610 399 270 628 397 673 215 233 168 275 422 132 208 614 417 590 572 279 107 172 548 277 254 670 519 675 654 155 404 
358 593 332 537 569 141 254 596 437 0 661 610 399 270 628 397 673 215 233 168 275 422 132 208 614 417 590 572 279 107 172 548 277 254 670 519 675 0 155 404 
358 593 332 537 569 141 254 596 437 0 661 610 399 270 628 0 673 215 233 168 275 422 132 208 614 417 590 572 279 107 172 548 277 254 670 519 675 654 155 404 
358 593 332 537 569 141 254 596 437 0 661 610 399 270 628 397 673 215 233 168 275 422 132 208 614 417 590 572 279 107 172 548 277 0 670 519 675 654 155 404 
358 593 332 537 569 141 254 596 437 0 661 610 399 270 628 397 673 215 233 168 275 422 132 208 614 417 590 572 279 107 172 0 277 254 670 519 675 654 155 404 
358 593 332 537 569 0 254 596 437 0 661 610 399 270 628 397 673 215 233 168 275 422 132 208 614 417 590 572 279 107 172 548 277 254 670 519 675 654 155 404 
358 593 332 537 569 141 254 596 437 0 661 610 399 270 628 397 0 215 233 168 275 422 132 208 614 417 590 572 279 107 172 548 277 254 670 519 675 654 155 404 
519 0 615 666 300 452 139 648 371 661 0 518 627 515 434 588 175 240 203 439 190 154 227 525 618 446 238 133 302 666 207 696 627 687 558 106 278 356 697 100 
519 226 615 666 300 452 139 648 0 661 0 518 627 515 434 588 175 240 203 439 190 154 227 525 618 446 238 133 302 666 207 696 627 687 558 106 278 356 697 100 
519 226 615 666 300 452 139 648 371 661 0 518 627 515 434 588 175 240 203 439 190 154 227 525 618 446 0 133 302 666 207 696 627 687 558 106 278 356 697 100 
519 226 615 666 300 452 139 648 371 661 0 518 627 515 434 0 175 240 203 439 190 154 227 525 618 446 238 133 302 666 207 696 627 687 558 106 278 356 697 100 
519 0 615 666 300 452 139 648 371 661 0 518 627 515 434 588 175 240 203 439 190 154 227 525 618 446 238 133 302 666 207 696 627 687 558 106 278 356 697 100 
519 226 615 666 300 452 139 648 371 661 0 518 627 515 434 588 175 240 0 439 190 154 227 525 618 446 238 133 302 666 207 696 627 687 558 106 278 356 697 100 
519 226 615 666 300 452 139 648 371 661 0 518 627 515 434 588 175 240 203 439 190 154 227 525 618 446 238 133 302 666 207 696 627 687 558 106 278 356 697 0 
519 226 0 666 300 452 139 648 371 661 0 518 627 515 434 588 175 240 203 439 190 154 227 525 618 446 238 133 302 666 207 696 627 687 558 106 278 356 697 100 
398 278 697 620 527 0 450 677 327 610 518 0 346 275 379 231 162 298 561 310 679 392 625 360 359 601 286 137 311 664 494 429 527 185 276 616 427 696 321 661 
398 278 697 620 527 637 450 677 327 610 518 0 346 275 0 231 162 298 561 310 679 392 625 360 359 601 286 137 311 664 494 429 527 185 276 616 427 696 321 661 
398 278 697 620 527 637 450 677 327 0 518 0 346 275 379 231 162 298 561 310 679 392 625 360 359 601 286 137 311 664 494 429 527 185 276 616 427 696 321 661 
398 278 697 620 527 637 450 677 327 610 518 0 346 275 379 231 162 298 561 310 679 0 625 360 359 601 286 137 311 664 494 429 527 185 276 616 427 696 321 661 
398 278 697 0 527 637 450 677 327 610 518 0 346 275 379 231 162 298 561 310 679 392 625 360 359 601 286 137 311 664 494 429 527 185 276 616 427 696 321 661 
398 278 697 620 527 637 450 677 327 610 518 0 346 275 379 231 162 298 561 310 679 392 625 360 359 0 286 137 311 664 494 429 527 185 276 616 427 696 321 661 
398 278 697 620 527 637 450 677 327 610 518 0 346 275 379 231 162 298 561 310 679 392 625 360 359 601 286 137 311 664 494 429 527 185 276 616 0 696 321 661 
398 278 697 620 527 637 450 677 327 610 518 0 346 275 379 231 162 298 561 310 679 392 625 360 359 601 286 0 311 664 494 429 527 185 276 616 427 696 321 661 
398 278 697 620 527 637 450 677 327 610 518 0 346 275 379 231 162 298 561 310 679 392 625 360 359 601 286 137 311 664 494 429 527 185 276 616 427 0 321 661 
398 278 697 620 527 637 450 677 0 610 518 0 346 275 379 231 162 298 561 310 679 392 625 360 359 601 286 137 311 664 494 429 527 185 276 616 427 696 321 661 
398 278 697 620 527 637 450 677 327 610 518 0 346 275 379 231 162 298 561 310 679 392 625 360 0 601 286 137 311 664 494 429 527 185 276 616 427 696 321 661 
398 278 697 620 527 637 450 677 327 610 518 0 0 275 379 231 162 298 561 310 679 392 625 360 359 601 286 137 311 664 494 429 527 185 276 616 427 696 321 661 
398 278 697 620 527 637 450 677 327 610 518 0 346 275 379 231 162 298 561 310 679 392 625 360 359 601 286 137 311 664 494 429 527 0 276 616 427 696 321 661 
398 0 697 620 527 637 450 677 327 610 518 0 346 275 379 231 162 298 561 310 679 392 625 360 359 601 286 137 311 664 494 429 527 185 276 616 427 696 321 661 
625 685 328 535 140 314 619 153 623 399 627 346 0 323 273 350 496 528 189 108 338 174 413 253 561 545 494 427 241 184 538 109 171 311 215 179 0 392 686 287 
625 685 328 535 140 314 619 153 623 399 627 346 0 323 273 350 0 528 189 108 338 174 413 253 561 545 494 427 241 184 538 109 171 311 215 179 337 392 686 287 
625 685 328 535 140 0 619 153 623 399 627 346 0 323 273 350 496 528 189 108 338 174 413 253 561 545 494 427 241 184 538 109 171 311 215 179 337 392 686 287 
625 685 328 535 140 314 619 153 623 399 627 346 0 323 273 350 496 528 189 108 338 174 413 253 561 545 494 427 241 0 538 109 171 311 215 179 337 392 686 287 
625 685 328 535 140 314 0 153 623 399 627 346 0 323 273 350 496 528 189 108 338 174 413 253 561 545 494 427 241 184 538 109 171 311 215 179 337 392 686 287 
625 685 328 535 140 314 619 0 623 399 627 346 0 323 273 350 496 528 189 108 338 174 413 253 561 545 494 427 241 184 538 109 171 311 215 179 337 392 686 287 
625 685 328 535 0 314 619 153 623 399 627 346 0 323 273 350 496 528 189 108 338 174 413 253 561 545 494 427 241 184 538 109 171 311 215 179 337 392 686 287 
625 685 328 535 140 314 0 153 623 399 627 346 0 323 273 350 496 528 189 108 338 174 413 253 561 545 494 427 241 184 538 109 171 311 215 179 337 392 686 287 
625 685 328 535 140 314 619 153 623 399 627 346 0 323 273 350 496 528 189 108 338 174 413 253 561 545 494 427 241 184 538 109 171 311 215 0 337 392 686 287 
625 0 328 535 140 314 619 153 623 399 627 346 0 323 273 350 496 528 189 108 338 174 413 253 561 545 494 427 241 184 538 109 171 311 215 179 337 392 686 287 
625 685 328 535 140 314 619 153 623 399 627 346 0 323 273 350 496 528 189 108 338 174 413 253 561 0 494 427 241 184 538 109 171 311 215 179 337 392 686 287 
263 429 402 102 234 277 363 287 531 270 515 275 323 0 531 609 458 355 393 608 514 529 605 379 309 613 595 341 377 423 401 115 376 589 0 436 400 373 544 166 
263 429 402 102 234 277 363 0 531 270 515 275 323 0 531 609 458 355 393 608 514 529 605 379 309 613 595 341 377 423 401 115 376 589 517 436 400 373 544 166 
263 429 402 102 234 277 363 287 531 0 515 275 323 0 531 609 458 355 393 608 514 529 605 379 309 613 595 341 377 423 401 115 376 589 517 436 400 373 544 166 
263 429 402 102 234 277 363 287 531 270 515 275 323 0 531 609 458 355 393 608 514 529 605 379 309 613 595 341 0 423 401 115 376 589 517 436 400 373 544 166 
263 429 402 102 234 277 0 287 531 270 515 275 323 0 531 609 458 355 393 608 514 529 605 379 309 613 595 341 377 423 401 115 376 589 517 436 400 373 544 166 
265 423 436 688 242 595 648 141 530 628 434 379 273 531 0 598 264 133 398 366 275 477 695 169 110 554 100 419 551 0 456 159 481 511 530 466 629 305 607 321 
