40 691 5

0 123 268 644 535 664 573 304 324 197 584 652 206 112 215 257 399 538 400 674 148 561 125 378 489 465 214 521 207 247 418 434 416 546 605 468 395 630 403 691 
123 0 667 302 435 226 362 341 326 600 386 114 599 412 476 509 189 141 114 130 659 131 550 537 672 436 166 576 522 188 391 230 430 260 414 572 274 109 366 138 
268 667 0 620 105 227 458 211 263 381 493 515 497 288 169 526 667 200 316 350 219 442 504 439 303 486 323 153 223 681 305 475 256 254 464 451 666 340 616 322 
644 302 620 0 527 203 685 340 665 456 226 205 494 512 500 279 506 474 392 208 106 620 474 384 136 271 379 361 416 391 118 311 678 482 511 687 529 491 280 531 
535 435 105 527 0 240 590 450 203 472 683 220 640 359 576 699 305 120 222 607 649 491 598 541 656 280 156 598 213 376 409 539 221 328 271 451 149 227 206 531 
664 226 227 203 240 0 316 379 332 417 532 324 344 590 423 661 231 453 373 652 592 315 644 100 666 413 385 278 157 441 490 329 646 330 110 319 620 651 212 598 
573 362 458 685 590 316 0 671 503 328 679 144 411 268 110 635 529 603 631 218 418 528 473 547 118 526 394 178 691 121 343 513 120 673 318 347 589 654 698 336 
304 341 211 340 450 379 671 0 681 671 474 210 359 557 311 663 639 356 375 135 516 266 459 549 159 528 665 619 151 582 647 350 594 242 317 680 125 368 501 172 
324 326 263 665 203 332 503 681 0 172 334 282 444 255 462 674 382 378 335 562 101 567 429 516 436 649 252 279 397 679 524 116 624 324 590 296 431 647 245 379 
197 600 381 456 472 417 328 671 172 0 318 412 464 347 528 470 220 301 324 375 406 154 510 397 269 154 578 587 622 488 564 521 681 282 483 321 337 299 355 680 
584 386 493 226 683 532 679 474 334 318 0 217 590 642 204 282 529 242 512 169 436 693 377 461 204 607 364 438 521 597 111 217 520 515 697 392 182 699 542 174 
652 114 515 205 220 324 144 210 282 412 217 0 570 594 442 448 300 140 441 535 208 288 393 322 410 606 685 209 573 420 192 572 156 520 666 698 251 400 265 525 
206 599 497 494 640 344 411 359 444 464 590 570 0 123 661 342 458 464 550 227 342 241 633 423 636 580 260 486 108 627 330 575 101 303 641 147 371 567 151 623 
112 412 288 512 359 590 268 557 255 347 642 594 123 0 420 405 461 502 244 525 156 335 680 387 540 438 135 296 156 417 269 313 699 185 481 652 637 107 574 599 
215 476 169 500 576 423 110 311 462 528 204 442 661 420 0 481 258 407 375 383 387 276 201 479 597 145 313 604 107 349 429 208 415 383 381 521 388 117 194 465 
257 509 526 279 699 661 635 663 674 470 282 448 342 405 481 0 672 343 320 459 500 296 265 281 354 116 647 475 354 229 685 370 393 256 515 450 590 484 196 430 
399 189 667 506 305 231 529 639 382 220 529 300 458 461 258 672 0 474 107 365 373 332 568 397 298 334 280 611 617 319 110 305 189 189 423 579 407 431 340 244 
538 141 200 474 120 453 603 356 378 301 242 140 464 502 407 343 474 0 297 429 557 501 321 245 546 546 185 307 213 196 339 340 451 564 465 679 602 490 386 135 
400 114 316 392 222 373 631 375 335 324 512 441 550 244 375 320 107 297 0 588 115 449 113 546 480 192 543 364 217 210 111 500 245 573 236 402 252 454 231 426 
674 130 350 208 607 652 218 135 562 375 169 535 227 525 383 459 365 429 588 0 356 655 345 426 484 187 671 135 169 554 250 504 354 656 409 290 498 448 190 346 
148 659 219 106 649 592 418 516 101 406 436 208 342 156 387 500 373 557 115 356 0 297 255 123 265 679 347 175 545 223 393 424 318 419 517 214 120 234 436 682 
561 131 442 620 491 315 528 266 567 154 693 288 241 335 276 296 332 501 449 655 297 0 405 627 206 497 219 204 312 226 427 443 565 111 305 104 141 283 600 654 
125 550 504 474 598 644 473 459 429 510 377 393 633 680 201 265 568 321 113 345 255 405 0 197 561 498 261 678 412 213 157 666 624 666 592 528 292 191 556 281 
378 537 439 384 541 100 547 549 516 397 461 322 423 387 479 281 397 245 546 426 123 627 197 0 395 131 347 659 294 385 121 539 191 438 674 639 140 117 654 305 
489 672 303 136 656 666 118 159 436 269 204 410 636 540 597 354 298 546 480 484 265 206 561 395 0 591 666 267 392 654 468 572 145 619 483 243 491 658 552 112 
465 436 486 271 280 413 526 528 649 154 607 606 580 438 145 116 334 546 192 187 679 497 498 131 591 0 455 586 676 693 374 514 513 544 524 522 125 555 643 259 
214 166 323 379 156 385 394 665 252 578 364 685 260 135 313 647 280 185 543 671 347 219 261 347 666 455 0 604 172 291 300 429 100 356 322 413 335 638 211 376 
521 576 153 361 598 278 178 619 279 587 438 209 486 296 604 475 611 307 364 135 175 204 678 659 267 586 604 0 199 160 247 406 252 453 531 217 324 604 299 525 
207 522 223 416 213 157 691 151 397 622 521 573 108 156 107 354 617 213 217 169 545 312 412 294 392 676 172 199 0 315 654 403 513 423 251 387 298 571 525 293 
247 188 681 391 376 441 121 582 679 488 597 420 627 417 349 229 319 196 210 554 223 226 213 385 654 693 291 160 315 0 462 366 166 228 373 631 142 267 196 144 
418 391 305 118 409 490 343 647 524 564 111 192 330 269 429 685 110 339 111 250 393 427 157 121 468 374 300 247 654 462 0 620 319 636 164 245 681 319 133 203 
434 230 475 311 539 329 513 350 116 521 217 572 575 313 208 370 305 340 500 504 424 443 666 539 572 514 429 406 403 366 620 0 628 130 182 325 463 198 258 116 
416 430 256 678 221 646 120 594 624 681 520 156 101 699 415 393 189 451 245 354 318 565 624 191 145 513 100 252 513 166 319 628 0 224 673 128 189 238 481 452 
546 260 254 482 328 330 673 242 324 282 515 520 303 185 383 256 189 564 573 656 419 111 666 438 619 544 356 453 423 228 636 130 224 0 642 385 657 418 251 280 
605 414 464 511 271 110 318 317 590 483 697 666 641 481 381 515 423 465 236 409 517 305 592 674 483 524 322 531 251 373 164 182 673 642 0 188 201 155 174 581 
468 572 451 687 451 319 347 680 296 321 392 698 147 652 521 450 579 679 402 290 214 104 528 639 243 522 413 217 387 631 245 325 128 385 188 0 378 589 361 249 
395 274 666 529 149 620 589 125 431 337 182 251 371 637 388 590 407 602 252 498 120 141 292 140 491 125 335 324 298 142 681 463 189 657 201 378 0 588 493 505 
630 109 340 491 227 651 654 368 647 299 699 400 567 107 117 484 431 490 454 448 234 283 191 117 658 555 638 604 571 267 319 198 238 418 155 589 588 0 309 462 
403 366 616 280 206 212 698 501 245 355 542 265 151 574 194 196 340 386 231 190 436 600 556 654 552 643 211 299 525 196 133 258 481 251 174 361 493 309 0 539 
691 138 322 531 531 598 336 172 379 680 174 525 623 599 465 430 244 135 426 346 682 654 281 305 112 259 376 525 293 144 203 116 452 280 581 249 505 462 539 0 

0 90 75 34 56 20 56 62 83 83 25 36 99 69 90 81 34 40 24 58 83 51 64 95 58 32 82 30 97 74 43 32 20 55 58 33 38 26 42 41 
90 0 45 88 38 66 96 84 76 54 81 81 48 31 21 28 97 90 95 60 32 65 53 23 28 27 75 26 59 82 20 60 51 88 47 39 95 87 77 69 
75 45 0 45 68 88 59 99 63 63 44 34 42 87 61 35 51 60 64 86 72 45 39 58 78 29 63 79 78 45 95 22 93 86 51 42 38 69 33 72 
34 88 45 0 46 72 39 65 51 28 71 72 26 41 49 79 44 53 35 60 76 29 31 65 87 75 81 73 41 24 76 70 48 26 32 56 23 41 73 24 
56 38 68 46 0 97 20 55 82 24 41 70 33 81 41 58 60 86 97 48 22 24 21 59 28 78 87 34 87 78 45 43 89 63 81 38 76 89 89 24 
20 66 88 72 97 0 70 81 95 59 25 69 99 38 54 25 93 46 66 51 23 89 57 89 54 26 87 69 73 46 46 73 41 90 81 85 41 39 70 51 
56 96 59 39 20 70 0 24 51 66 59 73 53 71 80 20 53 25 46 85 46 30 54 49 88 43 23 89 46 75 75 40 65 26 91 71 31 40 24 71 
62 84 99 65 55 81 24 0 20 34 55 78 83 26 88 26 33 94 92 99 30 86 32 54 89 23 34 27 62 29 54 88 39 85 62 30 85 64 20 81 
83 76 63 51 82 95 51 20 0 81 99 69 54 91 51 45 84 93 70 56 85 30 45 44 54 39 86 73 42 27 22 65 21 87 44 90 52 35 64 69 
83 54 63 28 24 59 66 34 81 0 74 37 26 74 44 57 71 90 62 71 29 81 55 33 88 62 55 38 22 56 50 48 53 94 20 71 68 83 75 56 
25 81 44 71 41 25 59 55 99 74 0 62 53 29 61 67 32 86 34 64 36 43 89 23 72 53 99 42 57 21 68 81 27 30 34 27 90 41 33 81 
36 81 34 72 70 69 73 78 69 37 62 0 21 33 21 29 88 94 30 49 93 79 25 85 39 56 25 88 42 44 65 39 98 59 28 52 78 20 67 38 
99 48 42 26 33 99 53 83 54 26 53 21 0 64 55 67 46 53 41 72 73 76 42 58 57 52 91 51 63 46 88 33 91 92 30 86 84 44 62 58 
69 31 87 41 81 38 71 26 91 74 29 33 64 0 59 30 23 26 73 22 90 71 40 93 47 37 95 75 69 38 88 97 22 67 27 38 40 62 29 40 
90 21 61 49 41 54 80 88 51 44 61 21 55 59 0 24 71 44 85 82 73 89 85 59 40 88 77 31 74 83 35 94 31 82 65 42 62 87 64 52 
81 28 35 79 58 25 20 26 45 57 67 29 67 30 24 0 21 78 91 44 44 98 60 86 63 75 23 41 71 83 57 92 59 63 52 50 32 43 90 52 
34 97 51 44 60 93 53 33 84 71 32 88 46 23 71 21 0 26 94 91 61 78 21 30 81 70 99 56 46 95 78 75 93 91 37 54 50 46 85 93 
40 90 60 53 86 46 25 94 93 90 86 94 53 26 44 78 26 0 62 31 27 45 94 69 44 30 60 99 80 77 99 90 37 29 57 49 23 42 69 67 
24 95 64 35 97 66 46 92 70 62 34 30 41 73 85 91 94 62 0 53 97 31 78 55 23 63 27 83 77 85 71 55 85 24 85 41 60 34 85 27 
58 60 86 60 48 51 85 99 56 71 64 49 72 22 82 44 91 31 53 0 99 24 93 50 27 88 27 69 68 59 60 58 99 34 28 68 38 52 90 81 
83 32 72 76 22 23 46 30 85 29 36 93 73 90 73 44 61 27 97 99 0 61 77 71 88 39 99 75 39 78 26 37 99 32 47 69 89 99 34 55 
51 65 45 29 24 89 30 86 30 81 43 79 76 71 89 98 78 45 31 24 61 0 41 44 68 54 82 83 96 74 48 47 54 63 90 98 74 84 48 56 
64 53 39 31 21 57 54 32 45 55 89 25 42 40 85 60 21 94 78 93 77 41 0 84 29 58 82 48 53 60 81 45 44 30 33 59 97 79 52 93 
95 23 58 65 59 89 49 54 44 33 23 85 58 93 59 86 30 69 55 50 71 44 84 0 20 89 63 38 83 71 77 25 94 35 54 48 89 93 28 86 
58 28 78 87 28 54 88 89 54 88 72 39 57 47 40 63 81 44 23 27 88 68 29 20 0 22 38 90 32 52 35 25 85 40 52 97 39 54 44 96 
32 27 29 75 78 26 43 23 39 62 53 56 52 37 88 75 70 30 63 88 39 54 58 89 22 0 26 28 35 58 81 59 22 29 48 35 80 47 59 66 
82 75 63 81 87 87 23 34 86 55 99 25 91 95 77 23 99 60 27 27 99 82 82 63 38 26 0 26 78 94 73 39 84 70 68 34 78 28 83 80 
30 26 79 73 34 69 89 27 73 38 42 88 51 75 31 41 56 99 83 69 75 83 48 38 90 28 26 0 95 90 65 42 77 38 40 75 96 36 63 40 
97 59 78 41 87 73 46 62 42 22 57 42 63 69 74 71 46 80 77 68 39 96 53 83 32 35 78 95 0 74 47 58 29 56 64 84 76 59 47 60 
74 82 45 24 78 46 75 29 27 56 21 44 46 38 83 83 95 77 85 59 78 74 60 71 52 58 94 90 74 0 32 75 94 73 72 33 62 74 63 64 
43 20 95 76 45 46 75 54 22 50 68 65 88 88 35 57 78 99 71 60 26 48 81 77 35 81 73 65 47 32 0 24 71 24 95 77 22 94 69 82 
32 60 22 70 43 73 40 88 65 48 81 39 33 97 94 92 75 90 55 58 37 47 45 25 25 59 39 42 58 75 24 0 43 65 90 67 31 70 85 73 
20 51 93 48 89 41 65 39 21 53 27 98 91 22 31 59 93 37 85 99 99 54 44 94 85 22 84 77 29 94 71 43 0 99 30 63 62 97 54 35 
55 88 86 26 63 90 26 85 87 94 30 59 92 67 82 63 91 29 24 34 32 63 30 35 40 29 70 38 56 73 24 65 99 0 28 71 30 41 77 73 
58 47 51 32 81 81 91 62 44 20 34 28 30 27 65 52 37 57 85 28 47 90 33 54 52 48 68 40 64 72 95 90 30 28 0 91 94 62 91 39 
33 39 42 56 38 85 71 30 90 71 27 52 86 38 42 50 54 49 41 68 69 98 59 48 97 35 34 75 84 33 77 67 63 71 91 0 82 37 72 64 
38 95 38 23 76 41 31 85 52 68 90 78 84 40 62 32 50 23 60 38 89 74 97 89 39 80 78 96 76 62 22 31 62 30 94 82 0 29 41 25 
26 87 69 41 89 39 40 64 35 83 41 20 44 62 87 43 46 42 34 52 99 84 79 93 54 47 28 36 59 74 94 70 97 41 62 37 29 0 86 30 
42 77 33 73 89 70 24 20 64 75 33 67 62 29 64 90 85 69 85 90 34 48 52 28 44 59 83 63 47 63 69 85 54 77 91 72 41 86 0 40 
41 69 72 24 24 51 71 81 69 56 81 38 58 40 52 52 93 67 27 81 55 56 93 86 96 66 80 40 60 64 82 73 35 73 39 64 25 30 40 0 

432.0 163.0 1 32
324.0 259.0 1 34
504.0 120.0 1 33
378.0 217.0 1 36
567.0 163.0 1 32
441.0 201.0 1 34
539.0 189.0 1 39
486.0 193.0 1 30
504.0 277.0 1 39
503.0 252.0 1 39
432.0 289.0 1 39
378.0 400.0 1 20
539.0 248.0 1 30
432.0 158.0 1 19
504.0 198.0 1 22
432.0 288.0 1 24
432.0 225.0 1 35
567.0 276.0 1 30
629.0 308.0 1 29
503.0 232.0 1 21
378.0 346.0 1 23
432.0 396.0 2 32
486.0 413.0 2 32
648.0 275.0 2 33
486.0 269.0 2 36
324.0 144.0 2 24
503.0 339.0 2 38
648.0 396.0 2 34
648.0 230.0 2 29
719.0 344.0 2 30
648.0 399.0 2 19
486.0 570.0 2 37
503.0 151.0 2 25
719.0 429.0 2 22
719.0 117.0 2 24
378.0 96.0 2 31
441.0 282.0 2 35
378.0 96.0 2 31
324.0 113.0 2 26
432.0 655.0 2 19
504.0 210.0 2 36
576.0 201.0 2 21
629.0 565.0 2 30
567.0 153.0 2 21
567.0 176.0 2 25
432.0 492.0 2 30
576.0 302.0 2 23
441.0 531.0 2 39
378.0 306.0 2 20
432.0 407.0 2 29
629.0 335.0 3 34
486.0 283.0 3 22
567.0 307.0 3 19
378.0 176.0 3 36
576.0 304.0 3 29
648.0 227.0 3 39
432.0 189.0 3 36
576.0 414.0 3 38
567.0 538.0 3 25
441.0 202.0 3 30
629.0 513.0 3 31
432.0 226.0 3 24
378.0 374.0 3 29
378.0 337.0 3 1
567.0 256.0 3 22
648.0 243.0 3 22
432.0 158.0 3 39
486.0 226.0 3 36
324.0 351.0 3 29
567.0 275.0 3 35
648.0 351.0 3 38
576.0 600.0 4 25
629.0 201.0 4 33
378.0 294.0 4 32
539.0 182.0 4 35
719.0 159.0 4 29
324.0 360.0 4 20
324.0 136.0 4 30
648.0 328.0 4 39
432.0 231.0 4 19
486.0 410.0 4 31
719.0 144.0 4 30
539.0 282.0 4 38
432.0 250.0 5 36
567.0 587.0 5 38
719.0 315.0 5 35
567.0 228.0 5 36
324.0 437.0 5 35
629.0 108.0 5 40
378.0 560.0 5 33
324.0 108.0 5 40
648.0 159.0 5 25
324.0 270.0 5 31
432.0 297.0 5 31
567.0 171.0 5 36
719.0 122.0 5 40
486.0 229.0 6 40
576.0 290.0 6 40
324.0 244.0 6 20
441.0 340.0 6 25
441.0 171.0 6 26
567.0 416.0 6 29
504.0 126.0 6 1
378.0 594.0 6 34
539.0 481.0 6 32
576.0 191.0 7 24
378.0 243.0 7 23
576.0 140.0 7 34
432.0 129.0 7 39
432.0 627.0 7 35
432.0 135.0 7 22
378.0 510.0 8 37
432.0 534.0 8 25
539.0 422.0 8 38
539.0 316.0 8 1
504.0 433.0 8 34
719.0 409.0 8 35
432.0 558.0 8 40
629.0 372.0 8 1
432.0 561.0 8 37
432.0 260.0 8 29
486.0 464.0 8 22
567.0 259.0 8 24
504.0 361.0 8 22
486.0 564.0 8 20
629.0 403.0 8 38
378.0 390.0 8 1
441.0 102.0 8 39
432.0 134.0 8 23
648.0 260.0 8 1
576.0 210.0 8 33
648.0 437.0 8 40
441.0 134.0 8 23
503.0 433.0 8 37
432.0 172.0 8 23
324.0 445.0 8 20
441.0 475.0 8 32
576.0 353.0 8 1
441.0 175.0 9 23
486.0 399.0 9 19
378.0 125.0 9 22
503.0 290.0 9 24
378.0 345.0 9 39
719.0 498.0 9 1
432.0 125.0 9 22
719.0 144.0 9 33
441.0 345.0 9 39
378.0 249.0 9 39
441.0 448.0 9 1
441.0 340.0 9 25
441.0 99.0 9 31
504.0 447.0 10 36
486.0 334.0 10 26
432.0 340.0 10 36
719.0 388.0 10 22
648.0 547.0 10 1
486.0 132.0 10 29
648.0 372.0 10 19
324.0 372.0 10 26
567.0 151.0 10 29
539.0 340.0 10 20
324.0 252.0 10 30
486.0 330.0 10 31
504.0 360.0 10 39
503.0 330.0 10 31
324.0 501.0 10 25
539.0 489.0 10 36
378.0 535.0 10 34
324.0 315.0 10 31
324.0 379.0 10 23
629.0 394.0 10 34
539.0 280.0 10 23
539.0 522.0 10 1
432.0 162.0 11 21
629.0 193.0 11 19
539.0 258.0 11 22
441.0 167.0 11 22
486.0 112.0 11 1
432.0 234.0 11 19
648.0 224.0 11 19
567.0 119.0 11 30
648.0 153.0 11 34
648.0 193.0 11 19
378.0 153.0 11 19
567.0 183.0 11 19
378.0 207.0 11 39
432.0 162.0 11 34
567.0 388.0 11 40
539.0 318.0 11 26
504.0 302.0 11 25
648.0 285.0 11 31
378.0 448.0 11 31
378.0 318.0 11 26
648.0 144.0 11 24
629.0 214.0 11 35
324.0 388.0 11 25
432.0 127.0 11 1
432.0 198.0 11 34
378.0 257.0 12 32
432.0 184.0 12 35
504.0 617.0 12 33
441.0 389.0 12 34
432.0 120.0 12 23
648.0 237.0 12 30
503.0 336.0 12 34
432.0 112.0 12 23
503.0 323.0 12 20
324.0 112.0 12 23
486.0 281.0 12 39
378.0 355.0 12 22
378.0 558.0 12 21
719.0 561.0 12 24
324.0 408.0 12 24
441.0 132.0 12 38
432.0 198.0 12 32
503.0 277.0 12 29
576.0 464.0 13 36
378.0 241.0 13 39
486.0 270.0 13 19
486.0 348.0 13 24
629.0 206.0 13 35
432.0 607.0 13 31
503.0 282.0 13 19
324.0 623.0 13 1
539.0 438.0 13 36
432.0 594.0 13 1
504.0 189.0 13 35
378.0 252.0 14 40
432.0 613.0 14 24
648.0 145.0 14 20
378.0 362.0 14 24
432.0 252.0 14 40
567.0 448.0 14 31
378.0 239.0 14 25
629.0 427.0 15 22
486.0 469.0 15 38
378.0 364.0 15 39
432.0 554.0 15 26
441.0 607.0 15 26
576.0 372.0 15 21
539.0 481.0 15 21
567.0 373.0 15 22
567.0 492.0 15 34
432.0 296.0 15 40
486.0 535.0 15 23
432.0 592.0 15 32
719.0 168.0 15 25
324.0 319.0 15 34
432.0 300.0 15 24
432.0 394.0 15 21
441.0 168.0 15 31
648.0 163.0 15 36
576.0 459.0 15 21
504.0 312.0 15 40
486.0 580.0 15 26
567.0 239.0 15 36
503.0 427.0 16 26
432.0 464.0 16 19
629.0 411.0 16 22
576.0 441.0 16 32
629.0 486.0 16 1
378.0 250.0 16 21
539.0 495.0 16 26
432.0 441.0 16 22
503.0 171.0 16 21
503.0 518.0 16 19
486.0 594.0 16 39
432.0 393.0 16 31
504.0 484.0 17 30
378.0 441.0 17 26
567.0 199.0 17 35
629.0 237.0 17 21
432.0 337.0 17 32
432.0 627.0 17 20
576.0 270.0 17 37
503.0 177.0 17 35
567.0 613.0 17 40
432.0 315.0 17 25
324.0 207.0 17 29
324.0 535.0 17 19
378.0 180.0 17 24
324.0 518.0 17 20
378.0 409.0 17 20
648.0 510.0 17 39
503.0 402.0 17 21
432.0 285.0 17 37
503.0 409.0 17 34
432.0 438.0 18 30
648.0 195.0 18 20
719.0 427.0 18 19
539.0 189.0 18 22
539.0 121.0 18 34
719.0 316.0 18 19
567.0 564.0 18 31
504.0 351.0 18 32
441.0 434.0 18 24
432.0 361.0 18 40
432.0 163.0 18 38
629.0 390.0 18 19
504.0 476.0 18 24
719.0 363.0 19 24
441.0 121.0 19 40
324.0 535.0 19 35
378.0 382.0 19 33
378.0 330.0 19 32
486.0 302.0 19 20
504.0 330.0 19 32
378.0 304.0 19 23
567.0 280.0 19 24
576.0 363.0 19 24
324.0 129.0 19 40
432.0 485.0 19 29
432.0 159.0 19 36
503.0 330.0 19 24
504.0 298.0 19 31
486.0 238.0 19 20
504.0 346.0 19 29
719.0 351.0 19 23
504.0 165.0 19 34
567.0 426.0 19 31
576.0 408.0 19 30
648.0 582.0 19 21
324.0 484.0 19 35
503.0 288.0 19 37
567.0 491.0 19 23
648.0 122.0 20 22
576.0 176.0 20 35
648.0 234.0 20 38
378.0 623.0 20 21
378.0 382.0 20 32
567.0 193.0 20 37
432.0 295.0 20 32
567.0 205.0 20 37
441.0 415.0 20 33
378.0 501.0 20 26
324.0 129.0 20 25
504.0 415.0 20 21
378.0 300.0 20 24
324.0 388.0 20 40
432.0 641.0 20 23
432.0 510.0 20 40
432.0 117.0 20 35
576.0 108.0 20 22
503.0 564.0 20 33
539.0 408.0 20 36
432.0 153.0 20 34
629.0 351.0 20 39
378.0 504.0 20 21
441.0 336.0 20 30
324.0 315.0 20 24
539.0 158.0 20 22
504.0 486.0 20 39
378.0 351.0 20 39
432.0 155.0 21 32
432.0 572.0 21 1
432.0 152.0 21 29
432.0 534.0 21 37
486.0 225.0 21 35
503.0 234.0 21 29
432.0 347.0 21 22
504.0 282.0 22 32
441.0 259.0 22 33
539.0 214.0 22 1
378.0 340.0 22 33
576.0 428.0 22 38
432.0 218.0 22 40
629.0 377.0 22 37
567.0 235.0 22 40
503.0 197.0 22 32
503.0 529.0 22 38
432.0 265.0 22 25
432.0 448.0 22 25
432.0 318.0 23 36
539.0 174.0 23 25
432.0 202.0 23 39
432.0 579.0 23 24
432.0 180.0 23 34
567.0 209.0 23 22
504.0 407.0 23 36
441.0 402.0 23 38
432.0 343.0 23 39
486.0 261.0 23 26
648.0 303.0 23 33
432.0 251.0 23 30
378.0 153.0 23 34
324.0 403.0 23 1
504.0 229.0 23 32
629.0 198.0 23 33
486.0 221.0 23 22
486.0 229.0 23 32
441.0 641.0 23 20
576.0 302.0 23 29
324.0 613.0 23 40
719.0 180.0 23 34
719.0 171.0 23 33
486.0 280.0 24 19
539.0 138.0 24 25
576.0 480.0 24 26
432.0 109.0 24 39
567.0 438.0 24 31
486.0 447.0 24 21
378.0 541.0 24 40
648.0 453.0 24 26
539.0 302.0 24 36
539.0 327.0 24 23
378.0 171.0 24 22
567.0 490.0 24 40
719.0 280.0 24 19
539.0 516.0 24 40
378.0 426.0 24 21
719.0 105.0 24 32
539.0 433.0 25 33
378.0 408.0 25 22
576.0 175.0 25 37
378.0 343.0 25 30
324.0 220.0 25 31
324.0 234.0 25 35
648.0 132.0 25 24
378.0 114.0 25 24
486.0 132.0 25 24
486.0 367.0 25 22
441.0 85.0 25 26
378.0 120.0 25 32
576.0 257.0 25 37
378.0 113.0 25 23
539.0 343.0 25 35
432.0 105.0 25 32
432.0 228.0 25 34
576.0 297.0 26 40
378.0 312.0 26 37
441.0 259.0 26 22
629.0 372.0 26 22
432.0 480.0 26 24
576.0 437.0 26 31
629.0 163.0 26 1
324.0 371.0 26 32
378.0 558.0 26 31
432.0 172.0 26 1
539.0 182.0 26 1
432.0 324.0 26 22
486.0 507.0 26 24
719.0 340.0 26 19
567.0 145.0 26 25
576.0 407.0 26 39
378.0 148.0 27 25
486.0 459.0 27 31
629.0 327.0 27 33
504.0 448.0 27 35
648.0 478.0 27 33
576.0 210.0 27 32
441.0 323.0 27 39
432.0 245.0 27 24
486.0 113.0 27 20
432.0 418.0 27 23
567.0 344.0 27 23
504.0 492.0 27 1
503.0 171.0 27 25
629.0 170.0 27 19
719.0 393.0 27 23
629.0 415.0 27 24
324.0 579.0 27 33
629.0 336.0 27 40
432.0 434.0 27 24
539.0 442.0 27 23
539.0 113.0 27 19
719.0 415.0 28 39
324.0 448.0 28 31
719.0 331.0 28 20
629.0 472.0 28 21
486.0 182.0 28 24
378.0 273.0 28 31
432.0 216.0 28 34
567.0 331.0 28 20
503.0 117.0 28 26
378.0 216.0 28 23
567.0 415.0 28 33
486.0 378.0 28 39
486.0 300.0 29 19
441.0 253.0 29 31
378.0 403.0 29 35
567.0 222.0 29 23
324.0 432.0 29 22
378.0 349.0 29 23
576.0 364.0 29 35
486.0 422.0 29 35
378.0 384.0 29 35
432.0 174.0 29 33
378.0 448.0 29 20
432.0 222.0 29 23
648.0 460.0 29 22
378.0 518.0 29 22
324.0 508.0 29 19
629.0 319.0 29 37
378.0 336.0 29 38
719.0 288.0 30 29
539.0 377.0 30 1
486.0 495.0 30 32
567.0 172.0 30 31
648.0 359.0 30 39
432.0 342.0 30 23
648.0 404.0 30 24
504.0 517.0 30 32
719.0 288.0 30 23
576.0 447.0 30 24
503.0 421.0 30 21
629.0 336.0 30 20
504.0 337.0 30 32
432.0 427.0 30 37
504.0 620.0 30 33
441.0 514.0 30 21
576.0 288.0 30 29
719.0 148.0 30 36
432.0 479.0 31 38
432.0 508.0 31 24
576.0 306.0 31 20
539.0 427.0 31 35
576.0 388.0 31 26
503.0 144.0 31 32
629.0 362.0 31 33
378.0 413.0 31 26
378.0 340.0 31 19
441.0 383.0 31 19
486.0 534.0 31 26
503.0 136.0 31 25
629.0 300.0 31 24
432.0 405.0 32 30
441.0 144.0 32 31
486.0 324.0 32 22
378.0 193.0 32 33
486.0 172.0 32 1
503.0 371.0 32 26
378.0 503.0 32 40
441.0 150.0 32 25
378.0 399.0 32 38
432.0 172.0 32 1
576.0 341.0 32 36
378.0 172.0 32 25
378.0 400.0 32 29
441.0 247.0 32 19
432.0 313.0 32 29
719.0 357.0 32 39
432.0 315.0 32 30
503.0 372.0 32 40
719.0 108.0 32 31
719.0 561.0 32 39
567.0 382.0 33 25
432.0 534.0 33 20
567.0 386.0 33 20
432.0 78.0 33 1
378.0 303.0 33 23
378.0 479.0 33 30
441.0 404.0 33 31
648.0 366.0 33 24
432.0 264.0 33 23
504.0 535.0 33 24
504.0 504.0 33 21
486.0 258.0 33 32
486.0 445.0 33 34
504.0 640.0 33 38
648.0 366.0 33 24
503.0 291.0 33 39
567.0 475.0 33 21
378.0 275.0 33 39
539.0 382.0 33 19
324.0 648.0 33 24
648.0 331.0 33 25
324.0 447.0 33 31
539.0 623.0 33 21
432.0 245.0 34 22
648.0 409.0 34 32
378.0 233.0 34 38
486.0 129.0 34 31
378.0 438.0 34 39
324.0 144.0 34 23
648.0 462.0 34 39
719.0 220.0 34 24
576.0 403.0 35 29
576.0 253.0 35 21
432.0 564.0 35 37
441.0 225.0 35 21
539.0 178.0 35 23
719.0 151.0 35 34
486.0 175.0 35 40
567.0 158.0 35 23
576.0 459.0 35 19
719.0 479.0 35 37
378.0 184.0 35 34
432.0 244.0 35 26
719.0 226.0 35 1
719.0 158.0 35 23
486.0 307.0 36 40
539.0 392.0 36 31
503.0 485.0 36 31
567.0 233.0 36 38
576.0 220.0 36 26
504.0 326.0 36 40
648.0 529.0 36 29
719.0 233.0 36 38
539.0 184.0 36 19
441.0 178.0 36 26
576.0 442.0 36 32
576.0 270.0 36 19
378.0 351.0 36 21
576.0 168.0 36 1
539.0 178.0 36 26
648.0 300.0 36 23
504.0 265.0 36 23
432.0 428.0 36 29
324.0 617.0 36 22
503.0 326.0 36 40
719.0 258.0 36 19
378.0 280.0 36 39
441.0 387.0 36 20
576.0 369.0 36 31
378.0 428.0 36 29
378.0 178.0 36 26
576.0 172.0 36 19
486.0 158.0 36 30
486.0 367.0 36 39
504.0 427.0 37 24
504.0 480.0 37 24
432.0 159.0 37 39
629.0 640.0 37 23
576.0 592.0 37 35
486.0 541.0 37 36
503.0 182.0 37 38
629.0 501.0 37 29
648.0 467.0 37 36
504.0 360.0 37 19
629.0 456.0 37 29
504.0 333.0 37 22
432.0 377.0 37 22
567.0 144.0 37 34
719.0 260.0 37 33
539.0 158.0 37 32
629.0 191.0 37 38
378.0 545.0 38 23
503.0 545.0 38 23
629.0 331.0 38 23
719.0 653.0 38 21
539.0 267.0 38 26
432.0 265.0 38 20
503.0 358.0 38 20
648.0 275.0 38 25
719.0 296.0 38 26
378.0 159.0 38 34
432.0 101.0 38 1
539.0 340.0 38 25
378.0 352.0 38 22
648.0 620.0 38 31
629.0 117.0 38 1
648.0 683.0 38 21
441.0 109.0 38 1
539.0 109.0 38 1
324.0 310.0 38 30
504.0 142.0 39 21
432.0 168.0 39 24
378.0 173.0 39 21
576.0 540.0 39 20
504.0 183.0 39 29
648.0 484.0 39 19
504.0 183.0 39 29
576.0 459.0 39 19
719.0 621.0 39 20
324.0 412.0 39 38
378.0 172.0 39 37
504.0 153.0 40 19
432.0 228.0 40 39
504.0 192.0 40 39
378.0 394.0 40 32
324.0 306.0 40 29
576.0 378.0 40 29
504.0 220.0 40 33
432.0 516.0 40 24
432.0 362.0 40 23
719.0 344.0 40 31
503.0 364.0 40 20
504.0 307.0 40 36
567.0 125.0 40 38
432.0 413.0 40 20
324.0 221.0 40 1
503.0 125.0 40 38
324.0 127.0 40 37
432.0 284.0 40 32
378.0 394.0 40 34
504.0 530.0 40 23
629.0 415.0 40 26
486.0 175.0 40 35
629.0 422.0 40 30
486.0 662.0 40 25
432.0 460.0 40 25

0 49 160 50 222 209 32 30 24 19 78 47 41 22 86 154 62 105 94 50 29 101 12 54 223 140 85 32 124 49 56 0 61 178 149 211 107 43 142 104 
0 49 160 50 222 209 32 30 24 19 78 47 41 22 86 154 62 105 94 50 29 101 12 54 223 140 85 32 124 49 56 141 61 0 149 211 107 43 142 104 
0 49 160 50 222 209 32 30 24 19 78 47 41 22 86 154 62 105 94 50 29 101 12 54 223 140 85 32 124 49 56 141 0 178 149 211 107 43 142 104 
0 49 160 50 222 209 32 30 24 19 78 47 41 22 86 154 62 105 94 50 29 101 12 54 223 140 85 32 124 49 56 141 61 178 149 0 107 43 142 104 
0 49 160 50 222 209 32 30 24 19 78 47 41 22 86 154 62 105 94 50 29 101 12 54 223 140 85 32 124 49 56 0 61 178 149 211 107 43 142 104 
0 49 160 50 222 209 32 30 24 19 78 47 41 22 86 154 62 105 94 50 29 101 12 54 223 140 85 32 124 49 56 141 61 0 149 211 107 43 142 104 
0 49 160 50 222 209 32 30 24 19 78 47 41 22 86 154 62 105 94 50 29 101 12 54 223 140 85 32 124 49 56 141 61 178 149 211 107 43 0 104 
0 49 160 50 222 209 32 30 24 19 78 47 41 22 86 154 62 105 94 50 29 101 12 54 223 140 85 32 124 0 56 141 61 178 149 211 107 43 142 104 
0 49 160 50 222 209 32 30 24 19 78 47 41 22 86 154 62 105 94 50 29 101 12 54 223 140 85 32 124 49 56 141 61 178 149 211 107 43 0 104 
0 49 160 50 222 209 32 30 24 19 78 47 41 22 86 154 62 105 94 50 29 101 12 54 223 140 85 32 124 49 56 141 61 178 149 211 107 43 0 104 
0 49 160 50 222 209 32 30 24 19 78 47 41 22 86 154 62 105 94 50 29 101 12 54 223 140 85 32 124 49 56 141 61 178 149 211 107 43 0 104 
0 49 160 50 222 209 32 30 24 19 78 47 41 22 86 154 62 105 94 0 29 101 12 54 223 140 85 32 124 49 56 141 61 178 149 211 107 43 142 104 
0 49 160 50 222 209 32 30 24 19 78 47 41 22 86 154 62 105 94 50 29 101 12 54 223 140 85 32 124 0 56 141 61 178 149 211 107 43 142 104 
0 49 160 50 222 209 32 30 24 19 78 47 41 22 86 154 62 105 0 50 29 101 12 54 223 140 85 32 124 49 56 141 61 178 149 211 107 43 142 104 
0 49 160 50 222 209 32 30 24 19 78 47 41 22 86 154 62 105 94 50 29 0 12 54 223 140 85 32 124 49 56 141 61 178 149 211 107 43 142 104 
0 49 160 50 222 209 32 30 24 19 78 47 41 22 86 154 62 105 94 50 29 101 12 0 223 140 85 32 124 49 56 141 61 178 149 211 107 43 142 104 
0 49 160 50 222 209 32 30 24 19 78 47 41 22 86 154 62 105 94 50 29 101 12 54 223 140 85 32 124 49 56 141 61 178 0 211 107 43 142 104 
0 49 160 50 222 209 32 30 24 19 78 47 41 22 86 154 62 105 94 50 29 101 12 54 223 140 85 32 124 0 56 141 61 178 149 211 107 43 142 104 
0 49 160 50 222 209 32 30 24 19 78 47 41 22 86 154 62 105 94 50 29 101 12 54 223 140 85 32 0 49 56 141 61 178 149 211 107 43 142 104 
0 49 160 50 222 209 32 30 24 19 78 47 41 22 86 154 62 105 94 50 0 101 12 54 223 140 85 32 124 49 56 141 61 178 149 211 107 43 142 104 
0 49 160 50 222 209 32 30 24 19 78 47 41 22 86 154 62 105 94 50 29 101 0 54 223 140 85 32 124 49 56 141 61 178 149 211 107 43 142 104 
49 0 133 120 261 135 72 204 32 360 38 22 59 82 47 50 113 28 45 13 263 26 330 53 403 174 99 230 313 18 39 0 258 26 41 228 109 21 219 82 
49 0 133 120 261 135 72 204 32 360 38 22 59 82 47 50 113 28 45 13 263 26 330 53 403 174 99 230 313 18 39 0 258 26 41 228 109 21 219 82 
49 0 133 120 261 135 72 204 32 360 38 22 59 82 47 50 113 28 45 13 263 26 330 53 403 174 99 230 313 18 39 46 0 26 41 228 109 21 219 82 
49 0 133 120 261 135 72 204 32 360 38 22 59 82 47 50 113 28 45 13 263 26 330 53 403 174 99 230 313 18 39 46 258 26 41 0 109 21 219 82 
49 0 133 120 261 135 72 204 32 360 38 22 59 82 47 50 113 28 45 13 263 26 330 0 403 174 99 230 313 18 39 46 258 26 41 228 109 21 219 82 
49 0 133 120 261 135 72 204 32 360 38 22 59 82 47 50 113 28 45 13 263 26 330 53 403 174 99 230 313 18 39 46 258 26 41 228 109 0 219 82 
49 0 133 120 261 135 72 204 32 360 38 22 59 82 47 50 113 28 45 13 263 26 330 53 403 174 99 230 313 18 39 46 258 0 41 228 109 21 219 82 
49 0 133 120 261 135 72 204 32 360 38 22 59 82 47 50 113 28 45 13 263 26 330 53 403 174 99 230 0 18 39 46 258 26 41 228 109 21 219 82 
49 0 133 120 261 135 72 204 32 360 38 22 59 82 47 50 113 28 45 13 263 26 330 53 403 174 99 230 313 0 39 46 258 26 41 228 109 21 219 82 
49 0 133 120 261 135 72 204 32 360 38 22 59 82 47 50 113 28 0 13 263 26 330 53 403 174 99 230 313 18 39 46 258 26 41 228 109 21 219 82 
49 0 133 120 261 135 72 204 32 360 38 22 59 82 47 50 113 28 45 13 263 26 330 53 403 174 99 230 313 18 39 46 258 26 41 228 0 21 219 82 
49 0 133 120 261 135 72 204 32 360 38 22 59 82 47 50 113 28 45 13 263 26 330 53 0 174 99 230 313 18 39 46 258 26 41 228 109 21 219 82 
49 0 133 120 261 135 72 204 32 360 38 22 59 82 47 50 113 28 45 13 263 0 330 53 403 174 99 230 313 18 39 46 258 26 41 228 109 21 219 82 
49 0 133 120 261 135 72 204 32 360 38 22 59 82 47 50 113 28 45 13 263 26 330 0 403 174 99 230 313 18 39 46 258 26 41 228 109 21 219 82 
49 0 133 120 261 135 72 204 32 360 38 22 59 82 47 50 113 28 45 13 263 26 330 53 403 174 99 230 313 18 0 46 258 26 41 228 109 21 219 82 
49 0 133 120 261 135 72 204 32 360 38 22 59 82 47 50 113 28 45 13 263 26 330 53 403 174 99 230 313 18 39 46 258 26 0 228 109 21 219 82 
49 0 133 120 261 135 72 204 32 360 38 22 59 82 47 50 113 28 45 13 263 26 330 53 403 174 99 230 313 18 0 46 258 26 41 228 109 21 219 82 
49 0 133 120 261 135 72 204 32 360 38 22 59 82 47 50 113 28 45 13 263 26 330 53 403 0 99 230 313 18 39 46 258 26 41 228 109 21 219 82 
49 0 133 120 261 135 72 204 32 360 38 22 59 82 47 50 113 28 0 13 263 26 330 53 403 174 99 230 313 18 39 46 258 26 41 228 109 21 219 82 
49 0 133 120 261 135 72 204 32 360 38 22 59 82 47 50 113 28 45 13 263 26 330 53 403 174 99 230 313 18 39 46 258 26 41 0 109 21 219 82 
49 0 133 120 261 135 72 204 32 360 38 22 59 82 47 50 113 28 45 13 0 26 330 53 403 174 99 230 313 18 39 46 258 26 41 228 109 21 219 82 
49 0 133 120 261 135 72 204 32 360 38 22 59 82 47 50 113 28 45 13 263 26 330 53 403 174 99 230 313 0 39 46 258 26 41 228 109 21 219 82 
49 0 133 120 261 135 72 204 32 360 38 22 59 82 47 50 113 28 45 13 0 26 330 53 403 174 99 230 313 18 39 46 258 26 41 228 109 21 219 82 
49 0 133 120 261 135 72 204 32 360 38 22 59 82 47 50 113 28 45 13 263 26 330 53 0 174 99 230 313 18 39 46 258 26 41 228 109 21 219 82 
49 0 133 120 261 135 72 204 32 360 38 22 59 82 47 50 113 28 45 13 263 26 330 53 403 174 99 230 313 0 39 46 258 26 41 228 109 21 219 82 
49 0 133 120 261 135 72 204 32 360 38 22 59 82 47 50 113 28 45 13 263 26 0 53 403 174 99 230 313 18 39 46 258 26 41 228 109 21 219 82 
49 0 133 120 261 135 72 204 32 360 38 22 59 82 47 50 113 28 45 13 263 26 330 53 403 174 99 230 313 18 39 46 258 26 41 228 109 21 0 82 
49 0 133 120 261 135 72 204 32 360 38 22 59 82 47 50 113 28 45 0 263 26 330 53 403 174 99 230 313 18 39 46 258 26 41 228 109 21 219 82 
49 0 133 120 261 135 72 204 32 360 38 22 59 82 47 50 113 28 45 13 263 26 330 53 403 174 99 230 0 18 39 46 258 26 41 228 109 21 219 82 
160 66 0 248 21 45 91 84 157 76 49 206 49 172 67 315 266 120 189 35 87 265 201 263 181 48 129 91 133 408 183 285 25 0 46 45 133 34 61 32 
160 66 0 248 21 45 91 84 157 76 49 206 49 172 67 315 266 120 189 35 87 0 201 263 181 48 129 91 133 408 183 285 25 50 46 45 133 34 61 32 
160 66 0 248 21 45 91 84 157 76 49 206 49 172 67 315 266 120 0 35 87 265 201 263 181 48 129 91 133 408 183 285 25 50 46 45 133 34 61 32 
160 66 0 248 21 45 91 84 157 76 49 206 49 172 67 315 266 120 189 35 87 265 201 263 181 48 129 91 133 408 183 285 25 50 46 0 133 34 61 32 
160 66 0 248 21 45 91 84 157 76 49 206 49 172 67 315 266 120 189 35 87 265 201 263 181 48 129 91 0 408 183 285 25 50 46 45 133 34 61 32 
160 66 0 248 21 45 91 84 157 76 49 206 49 172 67 315 266 120 189 35 87 265 201 263 181 48 129 91 133 408 183 285 25 50 46 45 133 34 0 32 
160 66 0 248 21 45 91 84 157 76 49 206 49 172 67 315 266 120 189 35 87 265 201 263 181 48 129 91 133 408 183 285 25 50 46 0 133 34 61 32 
160 66 0 248 21 45 91 84 157 76 49 206 49 172 67 315 266 120 189 35 87 265 201 263 181 48 129 91 133 408 183 285 25 50 46 45 133 0 61 32 
160 66 0 248 21 45 91 84 157 76 49 206 49 172 67 315 266 120 189 35 87 265 201 263 0 48 129 91 133 408 183 285 25 50 46 45 133 34 61 32 
160 66 0 248 21 45 91 84 157 76 49 206 49 172 67 315 266 120 189 35 87 265 201 263 181 48 129 91 133 0 183 285 25 50 46 45 133 34 61 32 
160 66 0 248 21 45 91 84 157 76 49 206 49 172 67 315 266 120 189 35 87 265 201 263 181 48 129 91 133 408 0 285 25 50 46 45 133 34 61 32 
160 66 0 248 21 45 91 84 157 76 49 206 49 172 67 315 266 120 189 35 87 265 201 0 181 48 129 91 133 408 183 285 25 50 46 45 133 34 61 32 
160 66 0 248 21 45 91 84 157 76 49 206 49 172 67 315 266 120 189 35 87 265 201 263 181 48 129 91 0 408 183 285 25 50 46 45 133 34 61 32 
0 66 0 248 21 45 91 84 157 76 49 206 49 172 67 315 266 120 189 35 87 265 201 263 181 48 129 91 133 408 183 285 25 50 46 45 133 34 61 32 
160 66 0 248 21 45 91 84 157 76 49 206 49 172 67 315 266 120 189 35 87 0 201 263 181 48 129 91 133 408 183 285 25 50 46 45 133 34 61 32 
160 66 0 248 21 45 91 84 157 76 49 206 49 172 67 315 266 120 189 35 87 0 201 263 181 48 129 91 133 408 183 285 25 50 46 45 133 34 61 32 
160 66 0 248 21 45 91 84 157 76 49 206 49 172 67 315 266 120 189 35 87 265 201 263 181 48 129 91 133 408 183 285 25 50 46 45 133 34 0 32 
160 66 0 248 21 45 91 84 157 76 49 206 49 172 67 315 266 120 189 35 87 265 201 263 181 48 129 91 133 408 183 285 25 50 46 0 133 34 61 32 
160 66 0 248 21 45 91 84 157 76 49 206 49 172 67 315 266 120 189 35 87 265 201 263 181 48 129 91 0 408 183 285 25 50 46 45 133 34 61 32 
160 66 0 248 21 45 91 84 157 76 49 206 49 172 67 315 266 120 189 35 87 265 201 263 181 48 129 91 133 408 183 285 25 50 0 45 133 34 61 32 
160 66 0 248 21 45 91 84 157 76 49 206 49 172 67 315 266 120 189 35 87 265 201 263 181 48 129 91 133 408 183 285 25 50 46 45 133 0 61 32 
64 120 248 0 52 121 411 34 66 45 45 82 197 204 100 111 101 189 156 41 21 372 47 38 0 162 227 144 83 39 11 124 67 96 51 137 52 49 56 53 
64 120 248 0 52 121 411 34 66 45 45 82 197 204 100 111 101 189 156 41 21 372 47 38 13 162 227 144 83 39 11 124 0 96 51 137 52 49 56 53 
64 120 248 0 52 121 411 34 66 45 45 82 197 204 100 111 101 189 156 41 21 372 47 38 13 162 227 144 83 39 11 0 67 96 51 137 52 49 56 53 
64 120 248 0 52 121 411 34 66 45 45 82 197 204 100 111 101 189 156 41 21 372 47 38 13 162 227 144 83 39 11 124 67 96 0 137 52 49 56 53 
64 120 248 0 52 121 411 34 66 45 45 82 197 204 100 111 101 189 156 41 21 372 47 38 13 162 227 144 0 39 11 124 67 96 51 137 52 49 56 53 
64 120 248 0 52 121 411 34 66 45 45 82 197 204 100 111 101 189 156 0 21 372 47 38 13 162 227 144 83 39 11 124 67 96 51 137 52 49 56 53 
64 120 248 0 52 121 411 34 66 45 45 82 197 204 100 111 101 189 156 41 21 372 47 38 13 162 227 144 83 0 11 124 67 96 51 137 52 49 56 53 
64 120 248 0 52 121 411 34 66 45 45 82 197 204 100 111 101 189 156 41 21 372 47 38 13 162 227 144 83 39 11 124 67 96 51 137 52 49 0 53 
64 120 248 0 52 121 411 34 66 45 45 82 197 204 100 111 101 189 0 41 21 372 47 38 13 162 227 144 83 39 11 124 67 96 51 137 52 49 56 53 
64 120 248 0 52 121 411 34 66 45 45 82 197 204 100 111 101 189 156 41 21 372 47 38 13 162 227 144 83 39 0 124 67 96 51 137 52 49 56 53 
64 120 248 0 52 121 411 34 66 45 45 82 197 204 100 111 101 189 156 41 21 372 47 38 13 162 227 144 83 0 11 124 67 96 51 137 52 49 56 53 
64 120 248 0 52 121 411 34 66 45 45 82 197 204 100 111 101 189 156 41 21 372 47 38 13 162 227 144 83 39 11 124 67 96 51 137 52 0 56 53 
53 174 63 210 0 48 59 90 81 94 136 22 384 143 345 139 183 24 44 242 129 196 358 54 131 56 93 59 85 37 40 215 88 131 162 0 29 136 41 106 
53 174 63 210 0 48 59 90 81 94 136 22 384 143 345 139 183 24 44 242 129 196 358 54 131 56 93 59 85 37 40 215 88 131 162 270 29 0 41 106 
53 174 63 210 0 48 59 90 81 94 136 22 384 143 345 139 183 24 44 242 129 196 358 54 131 56 93 59 85 37 40 215 88 131 0 270 29 136 41 106 
53 174 63 210 0 48 59 90 81 94 136 22 384 143 345 139 183 24 44 242 129 196 358 54 131 56 93 59 85 37 40 215 88 131 162 0 29 136 41 106 
53 174 63 210 0 48 59 90 81 94 136 22 384 143 345 139 183 24 44 242 129 196 358 54 131 56 93 59 85 37 40 215 88 131 0 270 29 136 41 106 
53 174 63 210 0 48 59 90 81 94 136 22 384 143 345 139 183 24 44 242 129 196 358 54 131 56 93 59 85 37 40 215 88 131 162 270 29 136 41 0 
53 174 63 210 0 48 59 90 81 94 136 22 384 143 345 139 183 24 44 242 129 196 358 54 131 56 93 59 85 37 40 215 0 131 162 270 29 136 41 106 
53 174 63 210 0 48 59 90 81 94 136 22 384 143 345 139 183 24 44 242 129 196 358 54 131 56 93 59 85 37 40 215 88 131 162 270 29 136 41 0 
53 174 63 210 0 48 59 90 81 94 136 22 384 143 345 139 183 24 44 242 129 196 358 54 0 56 93 59 85 37 40 215 88 131 162 270 29 136 41 106 
53 174 63 210 0 48 59 90 81 94 136 22 384 143 345 139 183 24 44 242 129 196 358 54 131 56 93 59 85 37 0 215 88 131 162 270 29 136 41 106 
53 174 63 210 0 48 59 90 81 94 136 22 384 143 345 139 183 24 44 242 129 196 358 54 131 56 93 59 85 37 0 215 88 131 162 270 29 136 41 106 
53 174 63 210 0 48 59 90 81 94 136 22 384 143 345 139 183 24 44 242 129 196 358 54 131 56 93 59 85 37 40 215 88 131 162 0 29 136 41 106 
53 174 63 210 0 48 59 90 81 94 136 22 384 143 345 139 183 24 44 242 129 196 358 54 131 56 93 59 85 37 40 215 88 131 162 270 29 136 41 0 
265 22 90 81 24 0 189 37 33 166 212 64 34 59 169 264 46 271 223 130 118 126 64 20 266 82 38 111 62 264 98 65 129 33 66 191 248 260 84 0 
265 22 90 81 24 0 189 37 33 166 212 64 34 59 169 264 46 271 223 130 118 126 64 20 266 82 38 111 62 264 98 65 129 33 66 191 248 260 84 0 
265 22 90 81 24 0 189 37 33 166 212 64 34 59 169 264 46 271 223 0 118 126 64 20 266 82 38 111 62 264 98 65 129 33 66 191 248 260 84 119 
265 22 90 81 24 0 189 37 33 166 212 64 34 59 169 264 46 271 223 130 118 126 64 20 0 82 38 111 62 264 98 65 129 33 66 191 248 260 84 119 
265 22 90 81 24 0 189 37 33 166 212 64 34 59 169 264 46 271 223 130 118 126 64 20 266 0 38 111 62 264 98 65 129 33 66 191 248 260 84 119 
265 22 90 81 24 0 189 37 33 166 212 64 34 59 169 264 46 271 223 130 118 126 64 20 266 82 38 111 0 264 98 65 129 33 66 191 248 260 84 119 
0 22 90 81 24 0 189 37 33 166 212 64 34 59 169 264 46 271 223 130 118 126 64 20 266 82 38 111 62 264 98 65 129 33 66 191 248 260 84 119 
265 22 90 81 24 0 189 37 33 166 212 64 34 59 169 264 46 271 223 130 118 126 64 20 266 82 38 111 62 264 98 65 129 0 66 191 248 260 84 119 
265 22 90 81 24 0 189 37 33 166 212 64 34 59 169 264 46 271 223 130 118 126 64 20 266 82 38 111 62 264 98 0 129 33 66 191 248 260 84 119 
114 72 91 68 118 126 0 268 301 196 407 86 82 107 11 254 52 120 126 130 250 52 47 0 11 315 78 71 276 12 68 307 12 269 127 34 235 392 279 33 
114 72 91 68 118 126 0 268 301 196 407 86 82 107 11 254 52 120 126 130 250 52 0 218 11 315 78 71 276 12 68 307 12 269 127 34 235 392 279 33 
114 72 91 68 118 126 0 268 301 196 407 86 82 107 11 254 52 120 126 130 250 52 47 218 11 315 78 71 276 12 68 307 12 0 127 34 235 392 279 33 
114 72 91 68 118 126 0 268 301 196 407 86 82 107 11 254 52 120 126 130 250 52 47 218 11 315 78 71 276 12 68 307 12 269 127 34 235 392 0 33 
114 72 91 68 118 126 0 268 301 196 407 86 82 107 11 254 52 120 126 130 250 52 47 218 11 315 78 71 276 12 68 307 12 269 0 34 235 392 279 33 
114 72 91 68 118 126 0 268 301 196 407 86 82 107 11 254 52 120 126 130 250 0 47 218 11 315 78 71 276 12 68 307 12 269 127 34 235 392 279 33 
60 136 21 34 270 75 268 0 68 134 47 21 215 222 124 265 383 142 75 13 51 53 183 54 63 52 66 123 30 232 388 210 118 145 190 408 0 220 100 68 
60 136 21 34 270 75 268 0 68 134 47 21 215 222 124 265 383 142 75 13 51 53 183 54 0 52 66 123 30 232 388 210 118 145 190 408 12 220 100 68 
60 136 21 34 270 75 268 0 68 134 47 21 215 222 124 265 383 142 75 13 51 53 183 54 63 52 66 123 30 232 388 210 118 145 190 408 12 0 100 68 
0 136 21 34 270 75 268 0 68 134 47 21 215 222 124 265 383 142 75 13 51 53 183 54 63 52 66 123 30 232 388 210 118 145 190 408 12 220 100 68 
60 136 21 34 270 75 268 0 68 134 47 21 215 222 124 265 383 142 75 13 51 53 183 54 63 52 66 123 30 232 388 210 118 0 190 408 12 220 100 68 
60 136 21 34 270 75 268 0 68 134 47 21 215 222 124 265 383 142 75 13 51 53 183 54 63 52 66 123 30 232 388 210 118 145 0 408 12 220 100 68 
60 136 21 34 270 75 268 0 68 134 47 21 215 222 124 265 383 142 75 13 51 53 183 54 63 52 66 123 30 232 388 210 118 145 190 408 12 220 100 0 
0 136 21 34 270 75 268 0 68 134 47 21 215 222 124 265 383 142 75 13 51 53 183 54 63 52 66 123 30 232 388 210 118 145 190 408 12 220 100 68 
60 136 21 34 270 75 268 0 68 134 47 21 215 222 124 265 383 142 75 13 51 53 183 54 63 52 66 123 30 232 388 210 118 145 190 408 0 220 100 68 
60 136 21 34 270 75 268 0 68 134 47 21 215 222 124 265 383 142 75 13 51 53 183 54 63 52 66 123 0 232 388 210 118 145 190 408 12 220 100 68 
