50 508 5

0 140 556 637 544 101 179 133 298 312 192 508 398 243 589 618 378 600 222 676 356 696 401 363 336 214 515 471 462 417 327 183 402 444 105 688 485 590 273 408 217 482 491 141 490 314 571 687 144 325 
140 0 214 231 561 658 548 475 235 423 250 175 695 243 396 465 633 156 127 160 372 653 156 162 667 648 488 609 474 356 592 418 202 443 138 114 507 563 143 684 180 111 605 275 382 153 561 577 182 142 
556 214 0 361 138 609 262 536 376 163 102 386 171 200 148 399 124 299 694 373 543 165 344 437 155 652 408 144 520 157 439 507 347 317 319 341 424 465 355 473 645 317 520 119 287 537 190 628 316 480 
637 231 361 0 666 586 396 498 228 299 540 234 263 191 456 617 386 397 477 681 563 533 648 446 659 572 294 254 105 561 353 482 559 532 172 500 363 118 140 336 635 628 603 415 561 285 353 295 238 203 
544 561 138 666 0 417 230 285 486 389 237 303 603 247 498 135 436 374 205 602 610 465 676 109 285 619 242 594 572 699 354 192 223 238 369 109 417 555 585 427 396 675 506 573 693 140 636 589 646 568 
101 658 609 586 417 0 159 523 498 230 403 363 235 101 547 500 527 632 556 353 641 491 220 206 308 241 574 552 650 487 130 480 595 312 328 382 305 501 301 495 456 401 590 339 515 414 177 565 345 128 
179 548 262 396 230 159 0 580 480 519 100 357 234 103 277 664 327 430 275 303 605 115 631 467 240 483 232 193 313 409 299 680 207 234 587 431 426 423 373 180 648 493 318 174 207 286 427 284 494 386 
133 475 536 498 285 523 580 0 557 518 248 432 287 665 213 141 429 537 326 600 499 686 125 444 511 417 271 228 668 328 583 646 292 405 609 270 528 621 167 243 359 100 315 670 290 349 442 670 616 687 
298 235 376 228 486 498 480 557 0 361 273 691 604 383 621 173 627 271 245 264 213 368 279 329 148 242 258 536 312 687 596 239 291 436 650 261 636 475 529 229 337 591 497 320 493 346 457 579 585 646 
312 423 163 299 389 230 519 518 361 0 677 646 663 374 540 659 329 337 254 479 168 195 115 624 593 255 270 203 313 604 281 209 289 203 602 125 197 602 499 485 127 385 320 258 369 535 569 101 391 495 
192 250 102 540 237 403 100 248 273 677 0 462 112 546 317 122 439 216 454 649 553 193 129 187 695 357 601 506 591 265 444 656 573 337 339 570 471 311 277 185 147 281 698 527 424 177 458 238 390 102 
508 175 386 234 303 363 357 432 691 646 462 0 456 644 307 127 390 587 106 640 206 661 626 213 177 508 408 299 424 623 194 238 622 233 306 101 342 660 227 370 621 699 579 101 102 541 436 608 607 349 
398 695 171 263 603 235 234 287 604 663 112 456 0 344 461 357 581 425 204 360 419 195 225 453 604 583 306 380 133 196 614 245 305 164 616 172 285 200 571 174 127 625 607 519 196 252 194 194 304 329 
243 243 200 191 247 101 103 665 383 374 546 644 344 0 651 604 152 697 215 117 124 129 670 268 249 607 407 230 163 568 456 538 679 595 642 164 654 550 209 548 461 459 178 386 169 366 245 313 465 558 
589 396 148 456 498 547 277 213 621 540 317 307 461 651 0 489 349 244 165 383 354 617 110 662 466 485 290 469 147 582 479 384 363 270 374 146 232 508 247 585 568 285 667 454 194 272 366 395 440 486 
618 465 399 617 135 500 664 141 173 659 122 127 357 604 489 0 535 240 354 392 445 342 511 515 271 396 506 662 624 552 343 532 390 205 585 237 318 698 297 223 197 652 653 250 581 154 242 584 178 341 
378 633 124 386 436 527 327 429 627 329 439 390 581 152 349 535 0 440 403 240 523 393 577 675 113 172 699 267 437 445 363 578 502 209 219 418 291 624 131 344 512 644 378 207 112 360 150 299 652 343 
600 156 299 397 374 632 430 537 271 337 216 587 425 697 244 240 440 0 214 315 241 643 300 442 175 646 432 314 485 672 272 157 530 549 684 545 111 346 133 263 433 220 502 129 442 638 490 134 471 133 
222 127 694 477 205 556 275 326 245 254 454 106 204 215 165 354 403 214 0 365 675 403 433 479 135 354 178 691 147 379 340 405 452 157 601 210 510 306 514 466 295 280 393 272 526 252 238 258 102 138 
676 160 373 681 602 353 303 600 264 479 649 640 360 117 383 392 240 315 365 0 380 259 226 543 696 438 439 519 437 174 240 387 430 256 362 410 545 474 286 232 308 269 340 156 480 437 474 491 406 377 
356 372 543 563 610 641 605 499 213 168 553 206 419 124 354 445 523 241 675 380 0 312 434 506 422 542 344 467 270 349 330 195 669 103 617 585 213 589 670 241 127 267 133 301 322 241 399 563 592 521 
696 653 165 533 465 491 115 686 368 195 193 661 195 129 617 342 393 643 403 259 312 0 657 194 115 695 586 505 568 346 218 486 329 430 102 320 230 236 552 682 206 607 628 317 503 266 293 520 117 387 
401 156 344 648 676 220 631 125 279 115 129 626 225 670 110 511 577 300 433 226 434 657 0 541 590 327 223 299 141 221 409 575 462 285 538 137 398 462 198 320 136 571 433 326 332 313 116 312 392 388 
363 162 437 446 109 206 467 444 329 624 187 213 453 268 662 515 675 442 479 543 506 194 541 0 552 196 378 235 366 651 495 452 544 550 187 682 247 204 134 227 299 537 102 470 568 619 351 490 235 142 
336 667 155 659 285 308 240 511 148 593 695 177 604 249 466 271 113 175 135 696 422 115 590 552 0 412 641 313 104 104 435 648 166 390 567 549 301 481 340 345 116 553 270 128 566 435 220 439 110 331 
214 648 652 572 619 241 483 417 242 255 357 508 583 607 485 396 172 646 354 438 542 695 327 196 412 0 175 602 524 184 501 415 628 477 522 410 213 328 136 262 287 696 517 157 150 560 379 420 459 362 
515 488 408 294 242 574 232 271 258 270 601 408 306 407 290 506 699 432 178 439 344 586 223 378 641 175 0 414 350 329 138 334 667 325 160 467 549 358 425 632 439 324 539 305 371 454 435 230 374 123 
471 609 144 254 594 552 193 228 536 203 506 299 380 230 469 662 267 314 691 519 467 505 299 235 313 602 414 0 397 570 177 658 583 325 167 605 563 324 158 600 366 515 108 584 634 457 440 350 396 569 
462 474 520 105 572 650 313 668 312 313 591 424 133 163 147 624 437 485 147 437 270 568 141 366 104 524 350 397 0 105 578 451 377 383 148 262 331 412 518 328 497 551 166 476 165 613 568 390 630 540 
417 356 157 561 699 487 409 328 687 604 265 623 196 568 582 552 445 672 379 174 349 346 221 651 104 184 329 570 105 0 272 309 327 133 612 564 138 373 159 167 226 224 458 584 558 155 486 654 177 181 
327 592 439 353 354 130 299 583 596 281 444 194 614 456 479 343 363 272 340 240 330 218 409 495 435 501 138 177 578 272 0 325 182 238 656 262 529 584 242 318 218 128 579 108 234 472 498 429 698 236 
183 418 507 482 192 480 680 646 239 209 656 238 245 538 384 532 578 157 405 387 195 486 575 452 648 415 334 658 451 309 325 0 160 366 316 672 633 520 471 572 410 166 461 373 131 338 202 109 339 253 
402 202 347 559 223 595 207 292 291 289 573 622 305 679 363 390 502 530 452 430 669 329 462 544 166 628 667 583 377 327 182 160 0 635 186 682 557 449 228 280 144 561 136 647 455 625 450 575 511 216 
444 443 317 532 238 312 234 405 436 203 337 233 164 595 270 205 209 549 157 256 103 430 285 550 390 477 325 325 383 133 238 366 635 0 455 174 360 146 224 689 128 688 130 180 466 328 643 402 480 326 
105 138 319 172 369 328 587 609 650 602 339 306 616 642 374 585 219 684 601 362 617 102 538 187 567 522 160 167 148 612 656 316 186 455 0 183 570 384 551 376 318 225 645 500 113 199 484 272 276 460 
688 114 341 500 109 382 431 270 261 125 570 101 172 164 146 237 418 545 210 410 585 320 137 682 549 410 467 605 262 564 262 672 682 174 183 0 511 403 516 551 448 573 300 505 683 166 323 153 397 203 
485 507 424 363 417 305 426 528 636 197 471 342 285 654 232 318 291 111 510 545 213 230 398 247 301 213 549 563 331 138 529 633 557 360 570 511 0 458 338 110 523 668 386 240 375 650 475 611 368 586 
590 563 465 118 555 501 423 621 475 602 311 660 200 550 508 698 624 346 306 474 589 236 462 204 481 328 358 324 412 373 584 520 449 146 384 403 458 0 671 359 531 659 668 493 295 280 223 259 303 439 
273 143 355 140 585 301 373 167 529 499 277 227 571 209 247 297 131 133 514 286 670 552 198 134 340 136 425 158 518 159 242 471 228 224 551 516 338 671 0 460 106 283 644 540 669 529 511 135 367 193 
408 684 473 336 427 495 180 243 229 485 185 370 174 548 585 223 344 263 466 232 241 682 320 227 345 262 632 600 328 167 318 572 280 689 376 551 110 359 460 0 222 353 137 222 640 393 600 184 592 404 
217 180 645 635 396 456 648 359 337 127 147 621 127 461 568 197 512 433 295 308 127 206 136 299 116 287 439 366 497 226 218 410 144 128 318 448 523 531 106 222 0 695 174 346 169 502 592 133 589 119 
482 111 317 628 675 401 493 100 591 385 281 699 625 459 285 652 644 220 280 269 267 607 571 537 553 696 324 515 551 224 128 166 561 688 225 573 668 659 283 353 695 0 435 149 294 520 374 579 485 306 
491 605 520 603 506 590 318 315 497 320 698 579 607 178 667 653 378 502 393 340 133 628 433 102 270 517 539 108 166 458 579 461 136 130 645 300 386 668 644 137 174 435 0 666 364 373 341 510 675 312 
141 275 119 415 573 339 174 670 320 258 527 101 519 386 454 250 207 129 272 156 301 317 326 470 128 157 305 584 476 584 108 373 647 180 500 505 240 493 540 222 346 149 666 0 190 144 115 328 622 495 
490 382 287 561 693 515 207 290 493 369 424 102 196 169 194 581 112 442 526 480 322 503 332 568 566 150 371 634 165 558 234 131 455 466 113 683 375 295 669 640 169 294 364 190 0 414 323 328 549 419 
314 153 537 285 140 414 286 349 346 535 177 541 252 366 272 154 360 638 252 437 241 266 313 619 435 560 454 457 613 155 472 338 625 328 199 166 650 280 529 393 502 520 373 144 414 0 647 422 154 495 
571 561 190 353 636 177 427 442 457 569 458 436 194 245 366 242 150 490 238 474 399 293 116 351 220 379 435 440 568 486 498 202 450 643 484 323 475 223 511 600 592 374 341 115 323 647 0 693 384 196 
687 577 628 295 589 565 284 670 579 101 238 608 194 313 395 584 299 134 258 491 563 520 312 490 439 420 230 350 390 654 429 109 575 402 272 153 611 259 135 184 133 579 510 328 328 422 693 0 155 659 
144 182 316 238 646 345 494 616 585 391 390 607 304 465 440 178 652 471 102 406 592 117 392 235 110 459 374 396 630 177 698 339 511 480 276 397 368 303 367 592 589 485 675 622 549 154 384 155 0 203 
325 142 480 203 568 128 386 687 646 495 102 349 329 558 486 341 343 133 138 377 521 387 388 142 331 362 123 569 540 181 236 253 216 326 460 203 586 439 193 404 119 306 312 495 419 495 196 659 203 0 

0 73 25 59 39 93 62 86 86 99 73 55 50 80 50 27 78 30 69 21 97 57 26 90 98 99 37 36 46 38 85 72 32 33 67 59 51 52 72 33 63 46 35 69 46 70 54 21 65 94 
73 0 76 85 52 43 33 52 74 33 77 92 54 76 39 50 56 73 99 77 72 50 87 75 35 57 24 31 55 92 35 39 92 30 74 74 48 31 86 23 79 81 51 64 62 99 29 45 74 67 
25 76 0 93 93 50 84 32 88 70 80 36 72 82 86 31 69 99 36 78 39 92 64 30 78 29 56 91 38 89 26 43 71 83 77 78 40 21 70 29 27 92 55 99 92 43 81 20 75 34 
59 85 93 0 27 33 41 34 83 85 47 80 96 64 25 28 34 21 50 22 25 25 25 44 51 43 73 73 82 34 87 29 25 56 68 45 62 65 74 79 43 39 44 45 55 94 85 83 90 63 
39 52 93 27 0 59 94 93 43 28 99 95 46 94 58 69 53 77 61 41 21 45 24 99 66 24 63 29 24 57 94 63 98 63 97 99 53 53 33 52 55 22 32 24 57 78 41 44 39 27 
93 43 50 33 59 0 79 46 56 90 32 85 94 63 21 36 28 20 57 78 39 34 99 60 98 62 34 26 26 50 77 23 58 92 68 67 68 52 62 43 29 55 40 71 44 25 70 21 95 79 
62 33 84 41 94 79 0 25 31 57 66 93 63 60 64 30 82 23 84 94 42 76 54 38 78 57 61 79 60 48 88 51 71 93 28 29 51 28 64 98 53 21 68 98 80 85 24 79 50 42 
86 52 32 34 93 46 25 0 33 33 77 58 94 43 97 89 24 30 63 29 32 31 96 31 59 48 75 97 24 80 54 30 99 23 52 67 58 51 85 88 91 80 67 26 88 79 40 40 59 38 
86 74 88 83 43 56 31 33 0 69 96 44 56 22 46 66 48 89 80 78 71 61 73 75 96 79 88 41 92 31 36 73 72 33 30 66 31 47 27 74 92 37 53 88 48 69 53 46 44 48 
99 33 70 85 28 90 57 33 69 0 38 37 36 61 33 24 88 68 81 42 96 76 66 52 52 98 67 70 93 43 61 63 91 72 55 72 76 56 24 50 62 20 88 72 89 52 43 79 52 23 
73 77 80 47 99 32 66 77 96 38 0 26 97 50 87 71 33 81 27 38 50 95 78 91 32 73 29 44 23 81 29 36 26 83 99 24 52 92 85 97 75 96 53 31 42 63 30 79 45 98 
55 92 36 80 95 85 93 58 44 37 26 0 23 33 96 72 37 48 64 40 62 30 27 66 71 20 59 70 46 59 61 80 36 98 96 95 82 28 89 89 44 37 27 69 99 57 36 20 29 81 
50 54 72 96 46 94 63 94 56 36 97 23 0 67 44 87 35 30 83 98 28 88 92 43 29 38 89 61 71 75 38 73 85 81 53 77 69 80 44 83 74 36 39 32 81 70 82 85 61 77 
80 76 82 64 94 63 60 43 22 61 50 33 67 0 56 42 81 37 65 86 90 61 27 60 63 54 40 63 69 56 24 37 51 39 59 98 55 26 77 36 52 20 62 51 97 91 61 75 22 30 
50 39 86 25 58 21 64 97 46 33 87 96 44 56 0 57 90 69 92 51 60 35 95 43 31 50 96 37 80 36 52 31 68 94 75 99 83 47 89 52 22 83 22 54 89 88 96 31 52 52 
27 50 31 28 69 36 30 89 66 24 71 72 87 42 57 0 40 83 91 49 26 73 54 47 77 24 35 52 35 36 86 50 51 67 26 93 66 23 90 95 64 24 57 74 46 87 79 34 93 97 
78 56 69 34 53 28 82 24 48 88 33 37 35 81 90 40 0 36 20 73 46 55 55 37 77 64 22 65 46 36 94 46 51 78 66 49 76 26 73 70 46 29 81 92 79 80 98 70 56 99 
30 73 99 21 77 20 23 30 89 68 81 48 30 37 69 83 36 0 73 74 63 23 63 34 72 20 54 64 40 57 64 79 38 49 27 28 94 74 93 91 44 98 40 78 57 50 57 65 20 76 
69 99 36 50 61 57 84 63 80 81 27 64 83 65 92 91 20 73 0 67 40 24 33 20 81 70 67 24 63 63 73 26 35 80 57 92 31 75 39 54 85 86 52 67 41 98 82 92 88 89 
21 77 78 22 41 78 94 29 78 42 38 40 98 86 51 49 73 74 67 0 76 63 72 53 26 40 46 57 49 74 95 55 41 73 94 30 25 47 68 84 69 74 94 96 47 39 32 29 28 85 
97 72 39 25 21 39 42 32 71 96 50 62 28 90 60 26 46 63 40 76 0 64 44 45 56 37 89 53 72 61 63 99 45 94 59 45 81 36 58 60 99 73 64 71 75 83 46 48 55 32 
57 50 92 25 45 34 76 31 61 76 95 30 88 61 35 73 55 23 24 63 64 0 23 82 81 44 47 20 34 83 97 55 80 50 75 67 63 63 32 48 94 49 26 64 25 81 81 34 71 48 
26 87 64 25 24 99 54 96 73 66 78 27 92 27 95 54 55 63 33 72 44 23 0 45 49 79 99 60 67 92 26 32 45 90 46 96 28 59 88 97 70 27 22 89 71 68 72 72 48 23 
90 75 30 44 99 60 38 31 75 52 91 66 43 60 43 47 37 34 20 53 45 82 45 0 33 68 73 80 73 31 23 28 31 47 81 34 92 90 60 99 91 51 71 47 20 29 96 54 63 99 
98 35 78 51 66 98 78 59 96 52 32 71 29 63 31 77 77 72 81 26 56 81 49 33 0 29 31 62 90 79 24 20 92 33 43 49 66 38 90 87 93 32 87 87 25 21 66 44 78 84 
99 57 29 43 24 62 57 48 79 98 73 20 38 54 50 24 64 20 70 40 37 44 79 68 29 0 71 42 44 86 43 55 26 39 59 55 83 67 89 62 78 45 52 70 73 27 91 32 58 62 
37 24 56 73 63 34 61 75 88 67 29 59 89 40 96 35 22 54 67 46 89 47 99 73 31 71 0 55 87 97 93 98 24 68 96 55 53 72 50 38 33 82 48 60 63 48 39 61 99 86 
36 31 91 73 29 26 79 97 41 70 44 70 61 63 37 52 65 64 24 57 53 20 60 80 62 42 55 0 58 40 89 40 40 94 76 25 20 69 71 46 86 47 64 58 55 26 27 71 58 52 
46 55 38 82 24 26 60 24 92 93 23 46 71 69 80 35 46 40 63 49 72 34 67 73 90 44 87 58 0 82 46 21 69 41 75 95 97 31 32 67 24 41 91 51 84 57 23 24 55 21 
38 92 89 34 57 50 48 80 31 43 81 59 75 56 36 36 36 57 63 74 61 83 92 31 79 86 97 40 82 0 61 85 86 90 28 52 61 62 60 80 72 60 43 26 28 98 49 23 64 87 
85 35 26 87 94 77 88 54 36 61 29 61 38 24 52 86 94 64 73 95 63 97 26 23 24 43 93 89 46 61 0 63 77 91 25 79 54 51 75 95 94 71 35 64 87 42 41 30 36 85 
72 39 43 29 63 23 51 30 73 63 36 80 73 37 31 50 46 79 26 55 99 55 32 28 20 55 98 40 21 85 63 0 75 91 66 23 29 44 49 59 22 63 58 94 78 87 84 76 92 86 
32 92 71 25 98 58 71 99 72 91 26 36 85 51 68 51 51 38 35 41 45 80 45 31 92 26 24 40 69 86 77 75 0 55 63 52 23 57 82 78 61 54 80 49 51 50 36 45 24 66 
33 30 83 56 63 92 93 23 33 72 83 98 81 39 94 67 78 49 80 73 94 50 90 47 33 39 68 94 41 90 91 91 55 0 44 81 62 89 79 25 72 30 80 73 46 99 55 55 22 72 
67 74 77 68 97 68 28 52 30 55 99 96 53 59 75 26 66 27 57 94 59 75 46 81 43 59 96 76 75 28 25 66 63 44 0 74 42 33 22 69 73 63 56 27 79 63 27 63 90 47 
59 74 78 45 99 67 29 67 66 72 24 95 77 98 99 93 49 28 92 30 45 67 96 34 49 55 55 25 95 52 79 23 52 81 74 0 54 28 42 45 20 21 79 56 30 90 67 70 46 95 
51 48 40 62 53 68 51 58 31 76 52 82 69 55 83 66 76 94 31 25 81 63 28 92 66 83 53 20 97 61 54 29 23 62 42 54 0 22 98 95 27 56 33 64 98 58 58 31 79 45 
52 31 21 65 53 52 28 51 47 56 92 28 80 26 47 23 26 74 75 47 36 63 59 90 38 67 72 69 31 62 51 44 57 89 33 28 22 0 56 74 34 36 45 48 74 86 60 62 87 59 
72 86 70 74 33 62 64 85 27 24 85 89 44 77 89 90 73 93 39 68 58 32 88 60 90 89 50 71 32 60 75 49 82 79 22 42 98 56 0 51 70 78 32 28 34 58 21 62 62 75 
33 23 29 79 52 43 98 88 74 50 97 89 83 36 52 95 70 91 54 84 60 48 97 99 87 62 38 46 67 80 95 59 78 25 69 45 95 74 51 0 83 76 76 70 51 26 57 97 58 40 
63 79 27 43 55 29 53 91 92 62 75 44 74 52 22 64 46 44 85 69 99 94 70 91 93 78 33 86 24 72 94 22 61 72 73 20 27 34 70 83 0 20 81 88 85 22 58 96 32 76 
46 81 92 39 22 55 21 80 37 20 96 37 36 20 83 24 29 98 86 74 73 49 27 51 32 45 82 47 41 60 71 63 54 30 63 21 56 36 78 76 20 0 26 82 93 34 66 52 59 67 
35 51 55 44 32 40 68 67 53 88 53 27 39 62 22 57 81 40 52 94 64 26 22 71 87 52 48 64 91 43 35 58 80 80 56 79 33 45 32 76 81 26 0 50 63 94 83 40 46 86 
69 64 99 45 24 71 98 26 88 72 31 69 32 51 54 74 92 78 67 96 71 64 89 47 87 70 60 58 51 26 64 94 49 73 27 56 64 48 28 70 88 82 50 0 61 93 81 75 40 52 
46 62 92 55 57 44 80 88 48 89 42 99 81 97 89 46 79 57 41 47 75 25 71 20 25 73 63 55 84 28 87 78 51 46 79 30 98 74 34 51 85 93 63 61 0 39 67 68 32 26 
70 99 43 94 78 25 85 79 69 52 63 57 70 91 88 87 80 50 98 39 83 81 68 29 21 27 48 26 57 98 42 87 50 99 63 90 58 86 58 26 22 34 94 93 39 0 26 59 65 20 
54 29 81 85 41 70 24 40 53 43 30 36 82 61 96 79 98 57 82 32 46 81 72 96 66 91 39 27 23 49 41 84 36 55 27 67 58 60 21 57 58 66 83 81 67 26 0 29 42 66 
21 45 20 83 44 21 79 40 46 79 79 20 85 75 31 34 70 65 92 29 48 34 72 54 44 32 61 71 24 23 30 76 45 55 63 70 31 62 62 97 96 52 40 75 68 59 29 0 64 59 
65 74 75 90 39 95 50 59 44 52 45 29 61 22 52 93 56 20 88 28 55 71 48 63 78 58 99 58 55 64 36 92 24 22 90 46 79 87 62 58 32 59 46 40 32 65 42 64 0 94 
94 67 34 63 27 79 42 38 48 23 98 81 77 30 52 97 99 76 89 85 32 48 23 99 84 62 86 52 21 87 85 86 66 72 47 95 45 59 75 40 76 67 86 52 26 20 66 59 94 0 

763.0 306.0 1 37
523.0 396.0 1 9
763.0 254.0 1 27
523.0 270.0 1 41
611.0 335.0 1 42
654.0 397.0 1 35
687.0 336.0 1 46
611.0 349.0 1 33
698.0 424.0 1 48
611.0 495.0 1 30
524.0 234.0 1 45
393.0 360.0 1 34
611.0 352.0 1 50
698.0 397.0 1 47
611.0 139.0 2 47
589.0 280.0 2 32
872.0 600.0 2 23
523.0 227.0 2 10
785.0 374.0 2 37
654.0 264.0 2 29
654.0 258.0 2 34
458.0 297.0 2 48
872.0 275.0 2 43
458.0 524.0 2 48
534.0 717.0 3 42
872.0 554.0 3 9
872.0 554.0 3 41
458.0 504.0 3 28
393.0 403.0 3 23
698.0 304.0 3 1
785.0 534.0 3 47
523.0 421.0 3 41
534.0 283.0 3 32
458.0 473.0 3 34
687.0 205.0 3 29
698.0 292.0 4 42
589.0 597.0 4 9
872.0 639.0 4 29
458.0 675.0 4 49
393.0 535.0 4 46
763.0 216.0 4 44
687.0 510.0 4 29
611.0 158.0 5 29
524.0 229.0 5 22
611.0 376.0 5 45
524.0 435.0 5 45
458.0 300.0 5 28
687.0 366.0 5 31
698.0 330.0 6 33
458.0 224.0 6 45
763.0 244.0 6 22
534.0 151.0 6 32
763.0 206.0 6 25
687.0 592.0 6 40
589.0 276.0 6 50
872.0 151.0 6 36
534.0 302.0 7 13
458.0 186.0 7 1
763.0 206.0 7 31
458.0 579.0 7 29
698.0 234.0 7 35
763.0 384.0 7 45
763.0 270.0 7 41
524.0 187.0 8 7
611.0 219.0 8 38
393.0 227.0 8 27
589.0 633.0 8 23
611.0 582.0 8 28
611.0 249.0 8 35
393.0 637.0 8 39
534.0 593.0 8 1
698.0 540.0 8 27
654.0 552.0 8 28
654.0 356.0 9 36
458.0 336.0 9 13
785.0 199.0 9 42
534.0 158.0 9 34
687.0 434.0 9 46
654.0 234.0 9 35
763.0 280.0 10 49
611.0 682.0 10 33
524.0 358.0 10 46
872.0 347.0 10 31
785.0 405.0 10 24
785.0 495.0 10 23
763.0 188.0 10 34
524.0 432.0 10 23
611.0 151.0 10 34
763.0 374.0 10 49
523.0 480.0 10 45
524.0 168.0 10 36
458.0 179.0 11 29
523.0 207.0 11 17
687.0 374.0 11 23
524.0 163.0 11 31
785.0 607.0 11 38
872.0 252.0 11 45
393.0 607.0 11 30
611.0 611.0 11 40
611.0 296.0 11 33
523.0 576.0 11 23
534.0 583.0 11 30
654.0 315.0 11 45
763.0 426.0 11 48
611.0 622.0 11 34
763.0 96.0 12 26
458.0 172.0 12 47
458.0 354.0 12 27
523.0 435.0 12 40
698.0 513.0 12 36
611.0 288.0 12 29
785.0 522.0 13 40
611.0 524.0 13 23
534.0 510.0 13 45
687.0 438.0 13 32
763.0 705.0 13 8
763.0 462.0 13 36
523.0 473.0 13 39
687.0 637.0 13 48
785.0 439.0 13 49
785.0 418.0 13 47
785.0 676.0 13 48
393.0 360.0 14 48
458.0 378.0 14 6
872.0 240.0 14 31
785.0 432.0 14 46
763.0 199.0 14 44
763.0 439.0 14 47
698.0 327.0 14 41
589.0 392.0 14 39
393.0 558.0 14 36
458.0 255.0 14 32
589.0 171.0 15 41
393.0 540.0 15 35
458.0 369.0 15 14
393.0 742.0 15 36
872.0 324.0 15 42
458.0 360.0 15 1
458.0 312.0 15 31
687.0 627.0 15 23
698.0 296.0 15 31
611.0 405.0 15 50
611.0 165.0 16 38
872.0 224.0 16 48
785.0 376.0 16 15
458.0 187.0 16 49
611.0 476.0 16 49
687.0 189.0 16 44
698.0 415.0 16 37
523.0 438.0 16 38
654.0 405.0 16 23
687.0 545.0 16 47
589.0 460.0 16 41
458.0 195.0 16 35
611.0 216.0 16 42
763.0 498.0 16 30
611.0 382.0 16 49
458.0 409.0 17 28
654.0 205.0 17 18
523.0 393.0 17 45
524.0 288.0 17 29
785.0 429.0 17 23
523.0 188.0 17 47
458.0 528.0 17 1
872.0 501.0 17 37
458.0 501.0 17 37
611.0 189.0 18 13
687.0 409.0 18 48
523.0 144.0 18 40
611.0 192.0 18 29
393.0 210.0 18 35
393.0 466.0 18 23
687.0 422.0 19 20
393.0 137.0 19 30
393.0 196.0 19 45
763.0 434.0 19 30
785.0 415.0 19 1
523.0 144.0 19 28
654.0 324.0 19 40
524.0 360.0 19 23
872.0 607.0 19 36
534.0 147.0 20 48
524.0 338.0 20 16
523.0 442.0 20 34
458.0 363.0 20 32
611.0 484.0 20 31
611.0 165.0 20 33
458.0 482.0 20 34
785.0 182.0 20 47
458.0 240.0 20 47
393.0 156.0 20 48
393.0 172.0 20 37
785.0 144.0 20 1
524.0 124.0 20 25
458.0 234.0 21 3
393.0 429.0 21 49
458.0 220.0 21 34
611.0 364.0 21 43
698.0 345.0 21 23
785.0 257.0 21 28
872.0 698.0 21 1
687.0 138.0 21 50
654.0 475.0 21 30
589.0 572.0 21 46
458.0 540.0 21 31
611.0 304.0 21 39
611.0 498.0 21 46
534.0 434.0 21 31
698.0 438.0 22 16
687.0 313.0 22 44
534.0 179.0 22 23
611.0 475.0 22 39
458.0 475.0 22 40
458.0 404.0 22 49
524.0 494.0 22 31
458.0 216.0 22 44
589.0 442.0 22 36
524.0 639.0 22 40
458.0 302.0 22 37
589.0 415.0 23 18
611.0 176.0 23 37
687.0 561.0 23 47
763.0 474.0 23 45
589.0 496.0 23 48
611.0 460.0 23 36
698.0 188.0 24 25
458.0 396.0 24 39
523.0 495.0 24 12
458.0 255.0 24 23
534.0 405.0 24 44
872.0 360.0 24 1
524.0 176.0 24 33
763.0 156.0 25 20
589.0 213.0 25 27
611.0 567.0 25 39
687.0 561.0 25 49
687.0 138.0 25 32
524.0 165.0 25 39
458.0 588.0 25 50
589.0 200.0 25 45
654.0 421.0 25 47
872.0 413.0 25 31
654.0 186.0 25 27
393.0 616.0 26 9
785.0 617.0 26 1
654.0 482.0 26 33
687.0 522.0 26 37
872.0 270.0 26 49
763.0 259.0 27 43
458.0 105.0 27 17
458.0 727.0 27 30
611.0 356.0 27 25
611.0 340.0 27 44
872.0 413.0 27 37
872.0 186.0 27 25
393.0 303.0 28 11
589.0 336.0 28 43
872.0 345.0 28 25
524.0 180.0 28 50
654.0 434.0 28 38
763.0 480.0 28 32
611.0 264.0 28 33
763.0 624.0 28 41
654.0 273.0 28 49
611.0 669.0 28 46
611.0 462.0 28 44
763.0 393.0 28 50
698.0 333.0 28 45
611.0 278.0 28 44
534.0 345.0 29 1
687.0 351.0 29 33
534.0 690.0 29 9
687.0 630.0 29 45
872.0 655.0 29 36
872.0 404.0 29 44
763.0 232.0 29 38
698.0 456.0 29 35
393.0 570.0 29 36
698.0 156.0 29 32
523.0 233.0 29 42
589.0 717.0 29 1
763.0 393.0 29 27
763.0 165.0 29 41
393.0 244.0 30 4
654.0 457.0 30 31
393.0 565.0 30 29
523.0 523.0 30 27
872.0 490.0 30 33
458.0 342.0 30 40
534.0 379.0 31 36
524.0 756.0 31 22
763.0 620.0 31 27
393.0 397.0 31 38
458.0 481.0 31 1
611.0 733.0 31 37
872.0 627.0 31 34
524.0 205.0 31 49
698.0 210.0 32 24
785.0 491.0 32 42
523.0 396.0 32 35
687.0 336.0 32 28
785.0 144.0 32 29
611.0 194.0 32 27
458.0 484.0 32 30
393.0 168.0 32 33
763.0 360.0 32 33
524.0 360.0 32 40
589.0 388.0 32 1
763.0 180.0 33 49
524.0 417.0 33 6
687.0 504.0 33 43
589.0 456.0 33 50
611.0 475.0 33 50
763.0 472.0 33 32
393.0 717.0 33 39
611.0 340.0 33 38
763.0 558.0 33 36
654.0 360.0 33 32
872.0 621.0 34 30
687.0 138.0 34 8
523.0 398.0 34 41
698.0 158.0 34 1
393.0 316.0 34 35
611.0 470.0 34 33
393.0 504.0 34 46
763.0 535.0 34 44
589.0 756.0 35 5
687.0 159.0 35 30
698.0 225.0 35 50
611.0 486.0 35 37
654.0 453.0 35 48
393.0 202.0 35 29
611.0 444.0 35 36
611.0 194.0 35 33
524.0 234.0 35 23
458.0 359.0 35 42
763.0 210.0 35 42
524.0 376.0 35 38
611.0 434.0 35 42
785.0 396.0 35 42
393.0 421.0 35 36
611.0 294.0 36 25
524.0 444.0 36 3
611.0 623.0 36 50
534.0 522.0 36 47
763.0 462.0 36 25
872.0 126.0 36 42
872.0 201.0 36 38
523.0 405.0 36 37
611.0 363.0 36 32
872.0 415.0 36 28
687.0 122.0 36 34
872.0 442.0 36 47
687.0 717.0 37 24
611.0 435.0 37 35
523.0 372.0 37 42
524.0 302.0 37 35
524.0 541.0 37 40
523.0 522.0 37 50
458.0 359.0 38 33
687.0 334.0 38 48
589.0 444.0 38 33
698.0 342.0 38 47
589.0 285.0 38 10
534.0 237.0 38 32
458.0 386.0 38 39
523.0 397.0 38 46
611.0 587.0 38 34
523.0 280.0 38 1
523.0 297.0 38 30
687.0 159.0 38 46
393.0 310.0 38 29
524.0 318.0 38 50
589.0 134.0 38 32
687.0 530.0 39 20
654.0 507.0 39 44
698.0 612.0 39 49
687.0 426.0 39 34
785.0 468.0 39 42
458.0 453.0 39 28
687.0 432.0 39 1
611.0 353.0 39 48
523.0 304.0 39 43
611.0 502.0 39 46
458.0 357.0 39 43
698.0 336.0 39 28
458.0 405.0 39 31
458.0 306.0 40 39
534.0 608.0 40 33
523.0 523.0 40 23
654.0 127.0 40 34
611.0 600.0 40 18
763.0 216.0 40 27
687.0 741.0 40 45
611.0 351.0 40 36
763.0 705.0 40 41
534.0 448.0 40 41
687.0 345.0 40 29
458.0 552.0 40 48
524.0 280.0 40 29
654.0 260.0 40 39
458.0 669.0 40 23
611.0 224.0 41 12
763.0 535.0 41 25
763.0 330.0 41 31
763.0 302.0 41 1
763.0 178.0 41 37
698.0 114.0 41 36
654.0 462.0 41 39
698.0 648.0 41 31
611.0 516.0 41 28
589.0 422.0 41 1
687.0 165.0 41 34
534.0 244.0 42 24
458.0 338.0 42 28
698.0 336.0 42 47
458.0 495.0 42 47
785.0 669.0 42 45
523.0 210.0 42 49
654.0 222.0 42 47
872.0 321.0 42 50
611.0 333.0 43 11
872.0 280.0 43 23
687.0 574.0 43 25
698.0 341.0 43 27
534.0 600.0 43 34
393.0 348.0 43 32
523.0 220.0 43 36
654.0 260.0 43 34
458.0 358.0 43 40
611.0 171.0 43 23
589.0 600.0 43 33
523.0 528.0 43 34
524.0 562.0 44 48
698.0 336.0 44 26
698.0 558.0 44 47
611.0 315.0 44 43
523.0 546.0 44 29
698.0 366.0 44 45
698.0 623.0 44 28
785.0 340.0 45 23
763.0 351.0 45 40
611.0 114.0 45 24
763.0 524.0 45 47
534.0 210.0 45 46
611.0 507.0 45 38
654.0 120.0 45 49
872.0 359.0 45 27
393.0 421.0 45 32
458.0 410.0 46 29
763.0 397.0 46 5
534.0 173.0 46 42
698.0 120.0 46 50
763.0 473.0 46 39
654.0 393.0 46 33
654.0 443.0 46 32
458.0 663.0 46 37
458.0 620.0 46 43
654.0 180.0 46 28
534.0 335.0 47 10
393.0 220.0 47 49
698.0 399.0 47 1
534.0 417.0 47 41
698.0 307.0 47 45
458.0 461.0 47 44
524.0 156.0 47 46
785.0 264.0 47 35
524.0 547.0 47 43
872.0 286.0 47 34
611.0 258.0 47 27
589.0 475.0 47 45
524.0 388.0 47 1
611.0 627.0 47 36
763.0 248.0 47 27
654.0 327.0 48 42
458.0 182.0 48 47
534.0 157.0 48 1
458.0 172.0 48 26
687.0 367.0 48 23
393.0 225.0 48 31
523.0 496.0 48 25
872.0 511.0 49 22
589.0 386.0 49 38
785.0 226.0 49 31
611.0 234.0 49 36
524.0 265.0 49 1
654.0 379.0 49 29
589.0 289.0 49 43
872.0 129.0 49 33
589.0 742.0 49 27
611.0 384.0 49 41
654.0 641.0 49 48
785.0 545.0 49 37
687.0 675.0 49 32
523.0 297.0 50 37
611.0 570.0 50 41
687.0 163.0 50 29
589.0 453.0 50 4
458.0 518.0 50 34
785.0 359.0 50 34
393.0 600.0 50 30
458.0 359.0 50 28
611.0 554.0 50 27
698.0 144.0 50 46
393.0 648.0 50 49
523.0 336.0 50 33
611.0 507.0 50 1
763.0 312.0 50 28

0 140 260 277 363 101 179 133 298 312 192 242 304 202 346 274 324 270 222 297 326 207 258 292 254 214 265 272 253 321 231 183 291 321 105 254 0 395 273 359 217 233 380 141 218 285 256 292 144 229 
0 140 260 277 363 101 179 133 0 312 192 242 304 202 346 274 324 270 222 297 326 207 258 292 254 214 265 272 253 321 231 183 291 321 105 254 381 395 273 359 217 233 380 141 218 285 256 292 144 229 
0 140 260 277 363 101 179 133 298 312 192 242 304 0 346 274 324 270 222 297 326 207 258 292 254 214 265 272 253 321 231 183 291 321 105 254 381 395 273 359 217 233 380 141 218 285 256 292 144 229 
0 140 260 277 363 101 179 133 298 312 192 242 304 202 346 274 324 270 222 297 326 207 258 292 254 0 265 272 253 321 231 183 291 321 105 254 381 395 273 359 217 233 380 141 218 285 256 292 144 229 
0 140 260 0 363 101 179 133 298 312 192 242 304 202 346 274 324 270 222 297 326 207 258 292 254 214 265 272 253 321 231 183 291 321 105 254 381 395 273 359 217 233 380 141 218 285 256 292 144 229 
0 140 260 277 363 101 179 133 298 312 192 242 304 202 346 274 324 270 222 297 326 207 258 292 254 214 265 272 253 321 231 183 291 321 0 254 381 395 273 359 217 233 380 141 218 285 256 292 144 229 
0 140 260 277 363 101 179 133 298 312 192 242 304 202 346 274 324 270 222 297 326 207 258 292 254 214 265 272 253 321 231 183 291 321 105 254 381 395 273 359 217 233 380 141 218 0 256 292 144 229 
0 140 260 277 363 101 179 133 298 312 192 242 304 0 346 274 324 270 222 297 326 207 258 292 254 214 265 272 253 321 231 183 291 321 105 254 381 395 273 359 217 233 380 141 218 285 256 292 144 229 
0 140 260 277 363 101 179 133 298 312 192 242 304 202 346 274 0 270 222 297 326 207 258 292 254 214 265 272 253 321 231 183 291 321 105 254 381 395 273 359 217 233 380 141 218 285 256 292 144 229 
0 140 260 277 363 101 179 133 0 312 192 242 304 202 346 274 324 270 222 297 326 207 258 292 254 214 265 272 253 321 231 183 291 321 105 254 381 395 273 359 217 233 380 141 218 285 256 292 144 229 
0 140 260 277 363 101 179 133 298 312 192 242 304 202 346 274 324 270 222 297 326 207 258 292 254 214 265 272 253 321 231 183 291 321 105 254 381 395 273 359 217 233 380 141 0 285 256 292 144 229 
0 140 260 277 363 101 179 133 298 312 192 242 0 202 346 274 324 270 222 297 326 207 258 292 254 214 265 272 253 321 231 183 291 321 105 254 381 395 273 359 217 233 380 141 218 285 256 292 144 229 
0 140 260 277 363 101 179 133 298 312 192 242 304 202 346 274 324 270 222 297 326 207 258 292 254 214 265 272 253 321 231 183 291 321 105 254 381 395 273 359 217 233 380 141 218 285 256 292 144 0 
0 140 260 277 363 101 179 133 298 312 192 242 304 0 346 274 324 270 222 297 326 207 258 292 254 214 265 272 253 321 231 183 291 321 105 254 381 395 273 359 217 233 380 141 218 285 256 292 144 229 
140 0 214 231 561 658 548 475 235 423 250 175 695 243 396 465 633 156 127 160 372 653 156 162 667 648 488 609 474 356 592 418 202 443 138 114 507 563 143 684 180 111 605 275 382 153 0 577 182 142 
140 0 214 231 561 658 548 475 235 423 250 175 695 243 396 465 633 156 127 160 372 653 156 162 667 648 488 609 474 356 592 0 202 443 138 114 507 563 143 684 180 111 605 275 382 153 561 577 182 142 
140 0 214 231 561 658 548 475 235 423 250 175 695 243 396 465 633 156 127 160 372 653 0 162 667 648 488 609 474 356 592 418 202 443 138 114 507 563 143 684 180 111 605 275 382 153 561 577 182 142 
140 0 214 231 561 658 548 475 235 0 250 175 695 243 396 465 633 156 127 160 372 653 156 162 667 648 488 609 474 356 592 418 202 443 138 114 507 563 143 684 180 111 605 275 382 153 561 577 182 142 
140 0 214 231 561 658 548 475 235 423 250 175 695 243 396 465 633 156 127 160 372 653 156 162 667 648 488 609 474 356 592 418 202 443 138 114 0 563 143 684 180 111 605 275 382 153 561 577 182 142 
140 0 214 231 561 658 548 475 235 423 250 175 695 243 396 465 633 156 127 160 372 653 156 162 667 648 488 609 0 356 592 418 202 443 138 114 507 563 143 684 180 111 605 275 382 153 561 577 182 142 
140 0 214 231 561 0 548 475 235 423 250 175 695 243 396 465 633 156 127 160 372 653 156 162 667 648 488 609 474 356 592 418 202 443 138 114 507 563 143 684 180 111 605 275 382 153 561 577 182 142 
140 0 214 231 561 658 548 475 235 423 250 175 695 243 396 465 633 156 127 160 372 653 156 162 667 648 488 609 474 356 592 418 202 443 138 114 507 563 143 684 180 111 605 275 382 153 561 0 182 142 
140 0 214 231 561 658 548 475 235 423 250 175 695 243 396 465 633 156 127 160 372 653 156 162 667 648 488 609 474 356 592 418 202 443 138 114 507 563 143 684 180 111 0 275 382 153 561 577 182 142 
140 0 214 231 561 658 548 475 235 423 250 0 695 243 396 465 633 156 127 160 372 653 156 162 667 648 488 609 474 356 592 418 202 443 138 114 507 563 143 684 180 111 605 275 382 153 561 577 182 142 
556 214 0 361 138 609 262 536 376 163 102 386 171 200 148 399 124 299 694 373 543 165 344 437 155 652 408 144 520 157 439 507 347 317 319 341 424 465 355 473 645 0 520 119 287 537 190 628 316 480 
556 214 0 361 138 609 262 536 0 163 102 386 171 200 148 399 124 299 694 373 543 165 344 437 155 652 408 144 520 157 439 507 347 317 319 341 424 465 355 473 645 317 520 119 287 537 190 628 316 480 
556 214 0 361 138 609 0 536 376 163 102 386 171 200 148 399 124 299 694 373 543 165 344 437 155 652 408 144 520 157 439 507 347 317 319 341 424 465 355 473 645 317 520 119 287 537 190 628 316 480 
556 214 0 361 138 609 0 536 376 163 102 386 171 200 148 399 124 299 694 373 543 165 344 437 155 652 408 144 520 157 439 507 347 317 319 341 424 465 355 473 645 317 520 119 287 537 190 628 316 480 
556 214 0 361 138 609 262 536 376 163 102 386 171 200 148 399 124 299 694 373 543 165 0 437 155 652 408 144 520 157 439 507 347 317 319 341 424 465 355 473 645 317 520 119 287 537 190 628 316 480 
556 214 0 361 138 609 262 536 376 163 102 386 171 200 148 399 124 299 694 373 0 165 344 437 155 652 408 144 520 157 439 507 347 317 319 341 424 465 355 473 645 317 520 119 287 537 190 628 316 480 
556 214 0 361 138 609 262 536 376 163 102 386 171 200 148 399 124 299 694 373 543 165 344 437 155 652 408 144 520 157 439 507 347 317 319 341 424 465 355 473 645 317 520 119 287 537 0 628 316 480 
556 214 0 361 138 609 262 536 376 163 102 386 171 200 148 399 124 299 694 0 543 165 344 437 155 652 408 144 520 157 439 507 347 317 319 341 424 465 355 473 645 317 520 119 287 537 190 628 316 480 
556 214 0 361 138 609 262 536 376 163 102 386 171 200 148 399 124 299 694 373 543 165 344 437 155 652 408 144 520 157 439 0 347 317 319 341 424 465 355 473 645 317 520 119 287 537 190 628 316 480 
556 214 0 361 138 609 262 536 376 163 102 386 171 200 148 399 124 299 694 373 543 165 344 437 155 652 408 144 520 157 439 507 347 0 319 341 424 465 355 473 645 317 520 119 287 537 190 628 316 480 
556 214 0 361 138 609 262 536 376 163 102 386 171 200 148 399 124 299 694 373 543 165 344 437 155 652 408 144 0 157 439 507 347 317 319 341 424 465 355 473 645 317 520 119 287 537 190 628 316 480 
637 231 361 0 666 586 396 498 228 299 540 234 263 191 456 617 386 397 477 681 563 533 648 446 659 572 294 254 105 561 353 482 559 532 172 500 363 118 140 336 635 0 603 415 561 285 353 295 238 203 
637 231 361 0 666 586 396 498 0 299 540 234 263 191 456 617 386 397 477 681 563 533 648 446 659 572 294 254 105 561 353 482 559 532 172 500 363 118 140 336 635 628 603 415 561 285 353 295 238 203 
637 231 361 0 666 586 396 498 228 299 540 234 263 191 456 617 386 397 477 681 563 533 648 446 659 572 294 254 0 561 353 482 559 532 172 500 363 118 140 336 635 628 603 415 561 285 353 295 238 203 
637 231 361 0 666 586 396 498 228 299 540 234 263 191 456 617 386 397 477 681 563 533 648 446 659 572 294 254 105 561 353 482 559 532 172 500 363 118 140 336 635 628 603 415 561 285 353 295 0 203 
637 231 361 0 666 586 396 498 228 299 540 234 263 191 456 617 386 397 477 681 563 533 648 446 659 572 294 254 105 561 353 482 559 532 172 500 363 118 140 336 635 628 603 415 561 0 353 295 238 203 
637 231 361 0 666 586 396 498 228 299 540 234 263 191 456 617 386 397 477 681 563 533 648 446 659 572 294 254 105 561 353 482 559 532 172 500 363 118 140 336 635 628 603 0 561 285 353 295 238 203 
637 231 361 0 666 586 396 498 228 0 540 234 263 191 456 617 386 397 477 681 563 533 648 446 659 572 294 254 105 561 353 482 559 532 172 500 363 118 140 336 635 628 603 415 561 285 353 295 238 203 
544 561 138 666 0 417 230 285 486 389 237 303 603 247 498 135 436 374 205 602 610 465 676 109 285 619 242 594 0 699 354 192 223 238 369 109 417 555 585 427 396 675 506 573 693 140 636 589 646 568 
544 561 138 666 0 417 230 285 486 389 237 303 603 247 498 135 436 374 205 602 610 0 676 109 285 619 242 594 572 699 354 192 223 238 369 109 417 555 585 427 396 675 506 573 693 140 636 589 646 568 
544 561 138 666 0 417 230 285 486 389 237 303 603 247 498 135 436 374 205 602 610 465 676 109 285 619 242 594 572 699 354 192 223 238 369 109 417 555 585 427 396 675 506 573 0 140 636 589 646 568 
544 561 138 666 0 417 230 285 486 389 237 303 603 247 0 135 436 374 205 602 610 465 676 109 285 619 242 594 572 699 354 192 223 238 369 109 417 555 585 427 396 675 506 573 693 140 636 589 646 568 
544 561 138 666 0 0 230 285 486 389 237 303 603 247 498 135 436 374 205 602 610 465 676 109 285 619 242 594 572 699 354 192 223 238 369 109 417 555 585 427 396 675 506 573 693 140 636 589 646 568 
544 561 138 666 0 417 230 285 486 389 237 303 603 247 498 135 436 374 0 602 610 465 676 109 285 619 242 594 572 699 354 192 223 238 369 109 417 555 585 427 396 675 506 573 693 140 636 589 646 568 
101 658 609 586 417 0 159 523 498 230 403 363 235 101 547 500 527 632 556 353 641 491 220 206 308 241 574 552 650 487 130 480 0 312 328 382 305 501 301 495 456 401 590 339 515 414 177 565 345 128 
101 658 609 586 417 0 159 523 498 230 403 363 235 101 547 500 527 632 556 353 641 491 220 206 308 241 574 552 650 487 130 480 595 312 328 382 305 501 301 495 456 401 590 339 0 414 177 565 345 128 
101 658 609 586 417 0 159 523 498 230 403 363 235 101 547 500 527 632 556 353 641 0 220 206 308 241 574 552 650 487 130 480 595 312 328 382 305 501 301 495 456 401 590 339 515 414 177 565 345 128 
101 658 609 586 417 0 159 523 498 230 403 363 235 101 547 500 527 632 556 353 641 491 220 206 308 241 574 552 650 487 130 0 595 312 328 382 305 501 301 495 456 401 590 339 515 414 177 565 345 128 
101 0 609 586 417 0 159 523 498 230 403 363 235 101 547 500 527 632 556 353 641 491 220 206 308 241 574 552 650 487 130 480 595 312 328 382 305 501 301 495 456 401 590 339 515 414 177 565 345 128 
101 658 609 586 417 0 159 523 498 230 403 363 0 101 547 500 527 632 556 353 641 491 220 206 308 241 574 552 650 487 130 480 595 312 328 382 305 501 301 495 456 401 590 339 515 414 177 565 345 128 
101 658 609 586 417 0 159 0 498 230 403 363 235 101 547 500 527 632 556 353 641 491 220 206 308 241 574 552 650 487 130 480 595 312 328 382 305 501 301 495 456 401 590 339 515 414 177 565 345 128 
101 658 609 586 417 0 159 523 498 230 403 363 235 101 0 500 527 632 556 353 641 491 220 206 308 241 574 552 650 487 130 480 595 312 328 382 305 501 301 495 456 401 590 339 515 414 177 565 345 128 
179 548 262 396 230 159 0 580 480 519 100 357 0 103 277 664 327 430 275 303 605 115 631 467 240 483 232 193 313 409 299 680 207 234 587 431 426 423 373 180 648 493 318 174 207 286 427 284 494 386 
179 548 262 396 230 159 0 580 0 519 100 357 234 103 277 664 327 430 275 303 605 115 631 467 240 483 232 193 313 409 299 680 207 234 587 431 426 423 373 180 648 493 318 174 207 286 427 284 494 386 
179 548 262 396 230 159 0 580 480 519 100 357 234 103 277 0 327 430 275 303 605 115 631 467 240 483 232 193 313 409 299 680 207 234 587 431 426 423 373 180 648 493 318 174 207 286 427 284 494 386 
179 548 262 396 230 159 0 580 480 519 100 357 234 103 277 664 327 430 0 303 605 115 631 467 240 483 232 193 313 409 299 680 207 234 587 431 426 423 373 180 648 493 318 174 207 286 427 284 494 386 
179 548 262 396 230 159 0 580 480 519 100 357 234 103 277 0 327 430 275 303 605 115 631 467 240 483 232 193 313 409 299 680 207 234 587 431 426 423 373 180 648 493 318 174 207 286 427 284 494 386 
179 548 262 396 230 159 0 580 480 519 100 357 234 103 277 664 327 430 275 303 605 115 631 467 240 483 232 193 313 409 299 680 207 234 587 431 426 423 373 180 648 493 318 174 0 286 427 284 494 386 
179 548 262 396 230 159 0 580 480 519 100 357 234 103 277 664 327 430 275 303 605 115 631 467 240 483 232 193 313 409 299 680 207 234 587 431 426 423 373 180 0 493 318 174 207 286 427 284 494 386 
133 475 536 498 285 523 0 0 557 518 248 432 287 665 213 141 429 537 326 600 499 686 125 444 511 417 271 228 668 328 583 646 292 405 609 270 528 621 167 243 359 100 315 670 290 349 442 670 616 687 
133 475 536 498 285 523 580 0 557 518 248 432 287 0 213 141 429 537 326 600 499 686 125 444 511 417 271 228 668 328 583 646 292 405 609 270 528 621 167 243 359 100 315 670 290 349 442 670 616 687 
133 475 536 498 285 523 580 0 0 518 248 432 287 665 213 141 429 537 326 600 499 686 125 444 511 417 271 228 668 328 583 646 292 405 609 270 528 621 167 243 359 100 315 670 290 349 442 670 616 687 
133 475 536 498 285 523 580 0 557 518 248 432 287 665 213 141 429 537 326 600 499 686 0 444 511 417 271 228 668 328 583 646 292 405 609 270 528 621 167 243 359 100 315 670 290 349 442 670 616 687 
133 475 536 498 285 523 580 0 557 518 248 432 287 665 213 141 429 537 326 600 499 686 125 444 511 417 271 0 668 328 583 646 292 405 609 270 528 621 167 243 359 100 315 670 290 349 442 670 616 687 
