50 790 5

0 338 226 585 327 232 239 152 292 213 247 192 193 514 316 272 467 419 386 590 528 145 578 457 173 102 138 441 467 161 393 425 446 410 423 463 530 267 269 314 100 516 363 309 216 461 463 592 137 539 
338 0 594 410 566 311 582 150 344 339 434 582 293 274 211 185 287 223 211 432 243 568 360 586 202 573 248 418 250 241 144 398 402 462 412 398 435 514 389 154 238 509 298 496 339 165 252 378 177 364 
226 594 0 396 236 557 277 268 367 346 440 303 218 482 348 571 310 502 251 501 338 359 125 130 468 477 453 452 204 550 153 533 530 500 101 498 266 545 504 376 189 240 467 415 563 269 491 443 537 137 
585 410 396 0 386 380 155 579 342 211 314 239 333 394 253 166 280 202 415 201 559 479 279 342 235 114 164 400 128 424 578 290 299 277 105 231 395 189 169 271 355 594 475 498 396 320 553 378 445 598 
327 566 236 386 0 400 150 105 477 563 529 288 180 540 130 275 414 526 290 262 557 376 340 188 268 288 174 205 560 312 481 359 348 121 462 564 271 234 312 536 207 158 478 248 119 525 554 547 326 337 
232 311 557 380 400 0 224 589 315 468 289 254 478 591 101 304 361 563 503 401 516 256 584 212 259 267 271 211 485 359 404 511 126 220 132 404 599 332 233 180 590 471 580 223 134 351 503 436 324 266 
239 582 277 155 150 224 0 590 383 471 224 149 454 391 556 112 467 352 498 407 333 555 427 412 103 209 526 169 215 356 508 222 134 480 479 349 393 286 403 405 472 494 318 468 343 494 346 161 463 327 
152 150 268 579 105 589 590 0 193 268 554 524 316 527 367 425 301 151 477 375 384 476 156 389 580 518 419 156 248 175 344 496 177 566 213 566 448 587 491 530 274 475 230 598 310 127 377 286 122 439 
292 344 367 342 477 315 383 193 0 180 583 401 532 136 427 318 231 198 247 100 134 352 217 322 258 357 149 282 563 108 301 577 395 533 589 125 101 508 136 280 518 227 146 297 339 242 528 389 551 410 
213 339 346 211 563 468 471 268 180 0 274 180 541 391 549 237 513 471 396 332 223 393 205 436 512 299 276 298 194 424 271 205 552 125 234 550 470 179 356 124 551 254 140 290 576 166 444 270 142 499 
247 434 440 314 529 289 224 554 583 274 0 559 354 344 331 441 560 235 419 349 595 552 218 304 178 108 191 189 366 151 194 182 124 106 324 184 151 371 188 211 400 479 197 329 185 575 113 325 576 396 
192 582 303 239 288 254 149 524 401 180 559 0 159 350 126 364 569 198 566 143 550 437 272 268 536 461 244 577 218 255 172 297 413 189 491 268 333 203 191 418 563 178 462 582 369 572 237 147 490 337 
193 293 218 333 180 478 454 316 532 541 354 159 0 278 512 480 222 388 227 104 216 297 488 473 301 240 212 542 371 337 206 570 306 378 591 338 539 479 366 446 434 390 507 440 506 418 595 358 314 427 
514 274 482 394 540 591 391 527 136 391 344 350 278 0 410 443 312 311 201 438 513 343 547 526 288 592 452 138 567 209 221 449 144 319 547 110 106 156 505 139 548 301 134 480 131 303 576 520 407 465 
316 211 348 253 130 101 556 367 427 549 331 126 512 410 0 211 531 436 321 246 354 400 356 212 271 481 140 363 157 117 513 110 593 242 356 398 380 587 120 194 110 410 426 352 215 380 512 196 493 163 
272 185 571 166 275 304 112 425 318 237 441 364 480 443 211 0 538 569 245 363 463 411 295 559 147 475 333 423 146 194 447 575 340 532 554 187 579 242 132 379 595 332 193 427 188 569 588 364 243 184 
467 287 310 280 414 361 467 301 231 513 560 569 222 312 531 538 0 215 481 423 155 532 252 483 236 213 145 210 260 204 197 414 165 422 313 157 484 242 174 542 302 109 521 517 529 295 539 494 571 405 
419 223 502 202 526 563 352 151 198 471 235 198 388 311 436 569 215 0 483 456 144 207 545 574 293 342 323 560 343 472 191 548 132 391 136 107 580 187 358 323 440 443 189 586 456 388 418 577 214 127 
386 211 251 415 290 503 498 477 247 396 419 566 227 201 321 245 481 483 0 112 236 145 304 450 338 212 479 562 573 392 159 147 476 144 558 440 245 427 197 148 590 321 484 387 123 259 306 275 127 366 
590 432 501 201 262 401 407 375 100 332 349 143 104 438 246 363 423 456 112 0 379 357 337 527 399 562 154 412 145 545 252 287 300 331 189 499 534 466 490 448 214 128 587 413 528 396 510 318 232 535 
528 243 338 559 557 516 333 384 134 223 595 550 216 513 354 463 155 144 236 379 0 560 337 475 364 575 285 580 395 550 148 255 528 538 255 165 192 463 296 295 369 279 556 212 430 563 480 285 286 513 
145 568 359 479 376 256 555 476 352 393 552 437 297 343 400 411 532 207 145 357 560 0 180 344 254 253 216 243 347 404 483 431 359 382 318 173 591 251 508 404 170 235 570 521 453 112 491 421 441 553 
578 360 125 279 340 584 427 156 217 205 218 272 488 547 356 295 252 545 304 337 337 180 0 501 213 527 184 298 420 439 168 519 430 154 318 247 532 415 446 393 300 403 459 443 539 536 111 199 254 574 
457 586 130 342 188 212 412 389 322 436 304 268 473 526 212 559 483 574 450 527 475 344 501 0 528 160 326 443 137 582 324 159 517 479 593 440 498 450 392 255 493 107 354 482 271 405 351 355 369 280 
173 202 468 235 268 259 103 580 258 512 178 536 301 288 271 147 236 293 338 399 364 254 213 528 0 524 287 365 250 391 465 164 155 243 362 271 410 141 160 258 508 276 539 492 414 186 328 491 551 119 
102 573 477 114 288 267 209 518 357 299 108 461 240 592 481 475 213 342 212 562 575 253 527 160 524 0 518 451 190 307 119 238 250 228 583 487 331 398 285 292 289 548 515 331 149 288 520 599 409 443 
138 248 453 164 174 271 526 419 149 276 191 244 212 452 140 333 145 323 479 154 285 216 184 326 287 518 0 397 405 429 183 360 165 540 157 205 408 588 383 556 173 353 471 424 411 161 222 446 439 194 
441 418 452 400 205 211 169 156 282 298 189 577 542 138 363 423 210 560 562 412 580 243 298 443 365 451 397 0 493 557 585 199 166 366 561 504 527 106 529 188 443 407 318 257 294 144 333 403 172 245 
467 250 204 128 560 485 215 248 563 194 366 218 371 567 157 146 260 343 573 145 395 347 420 137 250 190 405 493 0 583 218 121 318 385 142 104 496 178 385 282 126 138 368 202 355 100 476 348 553 548 
161 241 550 424 312 359 356 175 108 424 151 255 337 209 117 194 204 472 392 545 550 404 439 582 391 307 429 557 583 0 184 223 470 380 535 508 379 374 523 565 242 280 381 570 408 179 517 303 240 476 
393 144 153 578 481 404 508 344 301 271 194 172 206 221 513 447 197 191 159 252 148 483 168 324 465 119 183 585 218 184 0 355 566 596 188 284 545 582 228 231 301 587 583 567 274 256 508 569 284 162 
425 398 533 290 359 511 222 496 577 205 182 297 570 449 110 575 414 548 147 287 255 431 519 159 164 238 360 199 121 223 355 0 491 244 382 235 227 465 597 223 546 514 216 473 234 163 223 216 265 199 
446 402 530 299 348 126 134 177 395 552 124 413 306 144 593 340 165 132 476 300 528 359 430 517 155 250 165 166 318 470 566 491 0 258 143 540 141 404 341 132 323 337 289 510 456 502 296 569 198 396 
410 462 500 277 121 220 480 566 533 125 106 189 378 319 242 532 422 391 144 331 538 382 154 479 243 228 540 366 385 380 596 244 258 0 573 241 339 284 291 359 489 206 344 496 466 472 118 384 349 509 
423 412 101 105 462 132 479 213 589 234 324 491 591 547 356 554 313 136 558 189 255 318 318 593 362 583 157 561 142 535 188 382 143 573 0 458 145 523 128 408 285 486 275 442 565 408 382 386 326 561 
463 398 498 231 564 404 349 566 125 550 184 268 338 110 398 187 157 107 440 499 165 173 247 440 271 487 205 504 104 508 284 235 540 241 458 0 558 211 594 558 550 580 588 546 493 327 402 599 260 553 
530 435 266 395 271 599 393 448 101 470 151 333 539 106 380 579 484 580 245 534 192 591 532 498 410 331 408 527 496 379 545 227 141 339 145 558 0 477 298 395 427 335 369 444 487 121 530 441 401 542 
267 514 545 189 234 332 286 587 508 179 371 203 479 156 587 242 242 187 427 466 463 251 415 450 141 398 588 106 178 374 582 465 404 284 523 211 477 0 308 548 256 508 233 216 329 458 511 334 102 231 
269 389 504 169 312 233 403 491 136 356 188 191 366 505 120 132 174 358 197 490 296 508 446 392 160 285 383 529 385 523 228 597 341 291 128 594 298 308 0 105 126 292 463 135 360 455 433 579 459 315 
314 154 376 271 536 180 405 530 280 124 211 418 446 139 194 379 542 323 148 448 295 404 393 255 258 292 556 188 282 565 231 223 132 359 408 558 395 548 105 0 137 174 514 568 267 513 258 380 104 485 
100 238 189 355 207 590 472 274 518 551 400 563 434 548 110 595 302 440 590 214 369 170 300 493 508 289 173 443 126 242 301 546 323 489 285 550 427 256 126 137 0 440 514 110 410 479 495 252 365 574 
516 509 240 594 158 471 494 475 227 254 479 178 390 301 410 332 109 443 321 128 279 235 403 107 276 548 353 407 138 280 587 514 337 206 486 580 335 508 292 174 440 0 228 163 502 436 158 468 549 545 
363 298 467 475 478 580 318 230 146 140 197 462 507 134 426 193 521 189 484 587 556 570 459 354 539 515 471 318 368 381 583 216 289 344 275 588 369 233 463 514 514 228 0 570 422 298 422 409 388 462 
309 496 415 498 248 223 468 598 297 290 329 582 440 480 352 427 517 586 387 413 212 521 443 482 492 331 424 257 202 570 567 473 510 496 442 546 444 216 135 568 110 163 570 0 228 333 414 441 218 351 
216 339 563 396 119 134 343 310 339 576 185 369 506 131 215 188 529 456 123 528 430 453 539 271 414 149 411 294 355 408 274 234 456 466 565 493 487 329 360 267 410 502 422 228 0 416 174 437 455 328 
461 165 269 320 525 351 494 127 242 166 575 572 418 303 380 569 295 388 259 396 563 112 536 405 186 288 161 144 100 179 256 163 502 472 408 327 121 458 455 513 479 436 298 333 416 0 593 494 222 148 
463 252 491 553 554 503 346 377 528 444 113 237 595 576 512 588 539 418 306 510 480 491 111 351 328 520 222 333 476 517 508 223 296 118 382 402 530 511 433 258 495 158 422 414 174 593 0 349 204 451 
592 378 443 378 547 436 161 286 389 270 325 147 358 520 196 364 494 577 275 318 285 421 199 355 491 599 446 403 348 303 569 216 569 384 386 599 441 334 579 380 252 468 409 441 437 494 349 0 201 389 
137 177 537 445 326 324 463 122 551 142 576 490 314 407 493 243 571 214 127 232 286 441 254 369 551 409 439 172 553 240 284 265 198 349 326 260 401 102 459 104 365 549 388 218 455 222 204 201 0 227 
539 364 137 598 337 266 327 439 410 499 396 337 427 465 163 184 405 127 366 535 513 553 574 280 119 443 194 245 548 476 162 199 396 509 561 553 542 231 315 485 574 545 462 351 328 148 451 389 227 0 

0 48 57 50 45 79 71 99 42 80 64 85 70 61 66 79 92 75 87 51 46 60 92 64 82 36 72 51 43 80 38 58 87 33 96 52 74 51 73 64 54 30 93 61 84 93 61 72 36 49 
48 0 40 72 44 83 81 68 52 40 61 42 38 63 34 52 92 88 52 40 50 54 34 96 31 52 71 50 71 81 70 80 88 45 82 42 49 42 79 99 96 49 79 76 76 56 94 52 34 93 
57 40 0 86 40 93 51 52 36 72 96 34 48 31 87 90 93 92 70 65 70 78 97 45 31 78 33 75 43 95 50 38 70 74 81 59 65 53 82 32 55 35 56 91 78 50 70 56 47 41 
50 72 86 0 48 95 90 74 45 42 66 30 59 51 56 94 79 52 76 36 40 70 92 56 69 38 59 69 85 46 54 69 86 95 45 64 33 78 53 31 39 63 68 84 77 97 74 47 90 39 
45 44 40 48 0 47 63 34 92 33 93 80 43 46 57 41 31 36 90 56 45 76 53 58 37 79 31 77 30 41 33 86 71 39 42 44 52 59 74 68 63 48 84 93 50 87 41 94 70 58 
79 83 93 95 47 0 89 90 67 69 30 43 62 66 83 43 58 81 45 33 33 87 68 57 61 37 47 33 66 30 62 94 33 93 92 41 31 30 69 50 52 55 66 50 54 51 58 46 58 89 
71 81 51 90 63 89 0 92 75 56 61 61 53 76 93 37 60 45 99 91 57 81 73 79 54 85 30 96 98 33 62 87 92 43 51 96 95 43 86 63 87 48 30 79 72 68 35 72 72 50 
99 68 52 74 34 90 92 0 47 83 49 63 33 59 66 88 84 89 54 75 84 61 95 71 90 73 42 84 42 55 58 97 88 89 40 67 39 41 58 63 93 45 61 44 57 84 57 52 69 70 
42 52 36 45 92 67 75 47 0 62 42 57 74 42 77 34 37 63 37 43 36 83 89 45 53 65 49 46 63 83 89 64 69 95 75 46 41 80 31 44 55 60 69 68 86 90 80 48 32 48 
80 40 72 42 33 69 56 83 62 0 31 85 33 53 78 73 89 61 33 74 40 74 42 56 61 86 83 49 69 87 52 68 98 52 85 86 95 88 50 92 90 38 77 58 53 95 35 65 54 92 
64 61 96 66 93 30 61 49 42 31 0 97 33 96 66 67 71 45 31 43 92 50 49 81 80 31 60 75 36 65 86 80 75 89 75 52 54 63 81 74 98 36 76 56 91 36 85 51 96 35 
85 42 34 30 80 43 61 63 57 85 97 0 54 89 49 33 55 75 79 36 62 40 80 80 66 88 89 34 52 81 30 94 94 55 64 53 90 54 43 62 30 33 49 98 68 34 95 71 42 85 
70 38 48 59 43 62 53 33 74 33 33 54 0 51 49 77 69 92 68 75 37 98 35 55 44 69 66 76 64 67 55 35 92 94 38 55 74 77 49 33 69 31 48 35 32 67 95 91 60 44 
61 63 31 51 46 66 76 59 42 53 96 89 51 0 32 34 79 53 55 69 50 79 81 42 41 60 97 53 57 97 59 55 88 75 66 97 75 98 37 73 71 99 87 93 94 62 51 36 77 47 
66 34 87 56 57 83 93 66 77 78 66 49 49 32 0 86 52 95 92 80 44 51 51 39 53 71 30 84 60 36 55 63 76 51 38 77 43 44 85 83 41 76 68 39 60 92 62 76 44 83 
79 52 90 94 41 43 37 88 34 73 67 33 77 34 86 0 90 78 87 73 30 57 45 91 63 97 83 36 73 60 80 31 65 38 60 34 74 79 94 96 89 89 91 94 58 85 99 92 53 56 
92 92 93 79 31 58 60 84 37 89 71 55 69 79 52 90 0 57 51 78 52 31 59 49 33 44 50 65 83 34 70 52 61 53 85 60 66 34 94 77 87 98 95 82 45 45 56 43 97 86 
75 88 92 52 36 81 45 89 63 61 45 75 92 53 95 78 57 0 59 68 48 76 95 53 65 99 56 44 59 82 49 94 67 89 35 84 64 80 75 61 56 83 34 74 55 48 30 91 43 67 
87 52 70 76 90 45 99 54 37 33 31 79 68 55 92 87 51 59 0 87 68 90 96 61 32 41 43 95 56 64 64 36 43 90 63 64 49 78 79 97 60 55 96 45 36 40 56 48 95 87 
51 40 65 36 56 33 91 75 43 74 43 36 75 69 80 73 78 68 87 0 70 36 90 56 74 33 66 74 50 97 83 40 86 34 33 41 91 93 53 90 47 47 42 52 58 52 83 68 51 41 
46 50 70 40 45 33 57 84 36 40 92 62 37 50 44 30 52 48 68 70 0 64 58 95 72 81 81 80 58 61 71 88 96 83 88 61 67 76 83 58 86 72 56 64 98 64 84 55 35 96 
60 54 78 70 76 87 81 61 83 74 50 40 98 79 51 57 31 76 90 36 64 0 77 89 56 31 98 53 88 53 34 70 74 36 89 92 96 78 56 59 78 52 75 60 47 94 57 88 31 64 
92 34 97 92 53 68 73 95 89 42 49 80 35 81 51 45 59 95 96 90 58 77 0 78 42 94 93 33 96 41 34 91 35 40 83 68 52 44 76 43 81 63 66 75 50 99 45 55 34 56 
64 96 45 56 58 57 79 71 45 56 81 80 55 42 39 91 49 53 61 56 95 89 78 0 60 71 31 57 94 61 45 59 64 52 86 49 78 46 97 70 46 75 46 57 71 33 85 34 73 35 
82 31 31 69 37 61 54 90 53 61 80 66 44 41 53 63 33 65 32 74 72 56 42 60 0 56 89 54 32 68 85 44 58 69 78 42 62 47 48 71 53 40 56 73 35 99 43 84 31 62 
36 52 78 38 79 37 85 73 65 86 31 88 69 60 71 97 44 99 41 33 81 31 94 71 56 0 58 53 97 72 92 98 96 49 99 86 43 99 43 36 44 30 75 48 77 90 94 31 49 98 
72 71 33 59 31 47 30 42 49 83 60 89 66 97 30 83 50 56 43 66 81 98 93 31 89 58 0 40 51 94 88 98 49 35 61 92 71 44 87 67 64 34 54 75 75 82 66 37 66 90 
51 50 75 69 77 33 96 84 46 49 75 34 76 53 84 36 65 44 95 74 80 53 33 57 54 53 40 0 49 37 44 80 99 47 95 30 93 93 30 89 64 95 39 99 41 67 56 87 32 46 
43 71 43 85 30 66 98 42 63 69 36 52 64 57 60 73 83 59 56 50 58 88 96 94 32 97 51 49 0 70 69 39 70 55 86 80 53 36 66 61 66 59 82 45 87 51 43 83 77 62 
80 81 95 46 41 30 33 55 83 87 65 81 67 97 36 60 34 82 64 97 61 53 41 61 68 72 94 37 70 0 38 41 73 53 93 85 98 56 69 53 94 77 40 97 65 58 81 54 62 80 
38 70 50 54 33 62 62 58 89 52 86 30 55 59 55 80 70 49 64 83 71 34 34 45 85 92 88 44 69 38 0 48 48 71 44 37 87 90 82 49 81 75 63 71 72 96 93 60 93 80 
58 80 38 69 86 94 87 97 64 68 80 94 35 55 63 31 52 94 36 40 88 70 91 59 44 98 98 80 39 41 48 0 46 43 51 87 46 68 67 67 88 44 59 67 49 51 53 52 64 63 
87 88 70 86 71 33 92 88 69 98 75 94 92 88 76 65 61 67 43 86 96 74 35 64 58 96 49 99 70 73 48 46 0 80 38 30 73 97 71 74 34 63 31 97 82 81 80 47 97 86 
33 45 74 95 39 93 43 89 95 52 89 55 94 75 51 38 53 89 90 34 83 36 40 52 69 49 35 47 55 53 71 43 80 0 98 63 51 97 77 51 56 34 66 59 85 57 56 67 46 63 
96 82 81 45 42 92 51 40 75 85 75 64 38 66 38 60 85 35 63 33 88 89 83 86 78 99 61 95 86 93 44 51 38 98 0 44 63 87 48 30 92 45 95 34 47 35 68 76 41 36 
52 42 59 64 44 41 96 67 46 86 52 53 55 97 77 34 60 84 64 41 61 92 68 49 42 86 92 30 80 85 37 87 30 63 44 0 55 38 69 39 48 81 64 92 50 72 52 68 88 65 
74 49 65 33 52 31 95 39 41 95 54 90 74 75 43 74 66 64 49 91 67 96 52 78 62 43 71 93 53 98 87 46 73 51 63 55 0 71 51 33 84 66 51 59 45 54 88 84 46 79 
51 42 53 78 59 30 43 41 80 88 63 54 77 98 44 79 34 80 78 93 76 78 44 46 47 99 44 93 36 56 90 68 97 97 87 38 71 0 75 64 63 80 46 54 43 96 42 99 92 87 
73 79 82 53 74 69 86 58 31 50 81 43 49 37 85 94 94 75 79 53 83 56 76 97 48 43 87 30 66 69 82 67 71 77 48 69 51 75 0 93 88 59 63 98 93 63 60 89 79 32 
64 99 32 31 68 50 63 63 44 92 74 62 33 73 83 96 77 61 97 90 58 59 43 70 71 36 67 89 61 53 49 67 74 51 30 39 33 64 93 0 85 37 86 39 52 37 51 94 45 83 
54 96 55 39 63 52 87 93 55 90 98 30 69 71 41 89 87 56 60 47 86 78 81 46 53 44 64 64 66 94 81 88 34 56 92 48 84 63 88 85 0 66 77 31 44 97 91 76 38 90 
30 49 35 63 48 55 48 45 60 38 36 33 31 99 76 89 98 83 55 47 72 52 63 75 40 30 34 95 59 77 75 44 63 34 45 81 66 80 59 37 66 0 85 47 49 59 90 42 54 40 
93 79 56 68 84 66 30 61 69 77 76 49 48 87 68 91 95 34 96 42 56 75 66 46 56 75 54 39 82 40 63 59 31 66 95 64 51 46 63 86 77 85 0 69 73 55 46 92 79 90 
61 76 91 84 93 50 79 44 68 58 56 98 35 93 39 94 82 74 45 52 64 60 75 57 73 48 75 99 45 97 71 67 97 59 34 92 59 54 98 39 31 47 69 0 51 57 50 34 96 78 
84 76 78 77 50 54 72 57 86 53 91 68 32 94 60 58 45 55 36 58 98 47 50 71 35 77 75 41 87 65 72 49 82 85 47 50 45 43 93 52 44 49 73 51 0 56 95 55 60 89 
93 56 50 97 87 51 68 84 90 95 36 34 67 62 92 85 45 48 40 52 64 94 99 33 99 90 82 67 51 58 96 51 81 57 35 72 54 96 63 37 97 59 55 57 56 0 37 75 56 58 
61 94 70 74 41 58 35 57 80 35 85 95 95 51 62 99 56 30 56 83 84 57 45 85 43 94 66 56 43 81 93 53 80 56 68 52 88 42 60 51 91 90 46 50 95 37 0 60 39 31 
72 52 56 47 94 46 72 52 48 65 51 71 91 36 76 92 43 91 48 68 55 88 55 34 84 31 37 87 83 54 60 52 47 67 76 68 84 99 89 94 76 42 92 34 55 75 60 0 51 69 
36 34 47 90 70 58 72 69 32 54 96 42 60 77 44 53 97 43 95 51 35 31 34 73 31 49 66 32 77 62 93 64 97 46 41 88 46 92 79 45 38 54 79 96 60 56 39 51 0 70 
49 93 41 39 58 89 50 70 48 92 35 85 44 47 83 56 86 67 87 41 96 64 56 35 62 98 90 46 62 80 80 63 86 63 36 65 79 87 32 83 90 40 90 78 89 58 31 69 70 0 

888.0 504.0 1 8
599.0 326.0 1 40
621.0 439.0 1 15
699.0 377.0 1 37
666.0 283.0 1 27
466.0 572.0 2 6
466.0 216.0 2 16
699.0 310.0 2 25
777.0 300.0 2 28
699.0 276.0 2 20
532.0 383.0 2 27
777.0 294.0 2 37
399.0 240.0 2 28
710.0 323.0 2 37
466.0 183.0 2 15
399.0 358.0 2 19
621.0 558.0 2 7
621.0 390.0 2 15
666.0 300.0 2 20
699.0 285.0 2 28
777.0 748.0 2 50
888.0 388.0 2 46
699.0 725.0 3 6
532.0 530.0 3 37
710.0 495.0 3 28
399.0 244.0 3 7
699.0 282.0 3 50
888.0 195.0 3 14
621.0 253.0 3 33
532.0 690.0 3 18
777.0 300.0 3 17
699.0 351.0 3 20
399.0 270.0 3 48
799.0 322.0 3 35
532.0 585.0 3 45
466.0 240.0 3 32
532.0 577.0 3 40
399.0 608.0 3 35
666.0 352.0 3 43
621.0 321.0 3 7
399.0 538.0 3 17
699.0 546.0 3 33
466.0 488.0 4 8
710.0 434.0 4 28
777.0 453.0 4 20
543.0 144.0 4 12
699.0 300.0 4 13
621.0 290.0 5 15
543.0 227.0 5 10
699.0 497.0 5 15
888.0 172.0 5 18
699.0 243.0 5 19
532.0 532.0 5 27
543.0 209.0 5 16
666.0 434.0 5 7
399.0 277.0 5 25
532.0 338.0 5 32
710.0 386.0 5 20
599.0 172.0 5 18
888.0 270.0 5 13
699.0 474.0 5 35
532.0 189.0 5 33
799.0 403.0 5 20
466.0 211.0 5 1
599.0 641.0 5 28
666.0 319.0 5 20
799.0 374.0 5 32
543.0 180.0 6 11
621.0 655.0 6 25
399.0 448.0 6 1
466.0 336.0 6 46
532.0 282.0 6 43
699.0 310.0 6 19
466.0 547.0 6 50
466.0 206.0 6 33
532.0 367.0 6 16
699.0 237.0 6 20
666.0 158.0 6 37
710.0 307.0 6 1
599.0 594.0 6 40
532.0 295.0 6 17
710.0 270.0 6 50
466.0 350.0 7 23
599.0 764.0 7 40
666.0 709.0 7 20
621.0 296.0 7 40
888.0 329.0 7 18
888.0 573.0 7 20
532.0 516.0 7 27
532.0 641.0 7 15
599.0 441.0 7 33
888.0 189.0 7 27
532.0 469.0 7 32
666.0 489.0 7 46
599.0 524.0 7 33
599.0 475.0 7 19
466.0 277.0 7 16
888.0 432.0 7 17
466.0 495.0 7 15
777.0 436.0 7 20
888.0 372.0 7 33
888.0 225.0 7 43
532.0 382.0 7 15
466.0 257.0 7 45
543.0 616.0 7 18
399.0 472.0 7 12
466.0 491.0 7 20
777.0 540.0 8 6
532.0 421.0 8 19
710.0 307.0 8 19
699.0 228.0 8 35
666.0 227.0 8 13
466.0 158.0 8 13
888.0 362.0 8 37
399.0 630.0 8 17
777.0 579.0 8 17
710.0 420.0 8 50
466.0 393.0 8 45
799.0 427.0 8 18
777.0 194.0 9 3
466.0 312.0 9 27
777.0 427.0 9 12
399.0 468.0 9 15
666.0 303.0 9 40
621.0 502.0 9 25
543.0 645.0 9 45
888.0 408.0 9 46
888.0 223.0 9 45
532.0 483.0 10 9
621.0 587.0 10 17
543.0 352.0 10 28
399.0 531.0 10 43
777.0 717.0 10 50
621.0 414.0 10 50
699.0 288.0 10 45
466.0 487.0 10 48
621.0 408.0 10 32
466.0 670.0 10 33
599.0 501.0 10 43
888.0 510.0 11 47
466.0 241.0 11 19
466.0 309.0 11 20
532.0 376.0 11 15
466.0 302.0 11 25
621.0 502.0 11 16
532.0 195.0 11 20
666.0 288.0 11 27
466.0 682.0 11 45
532.0 399.0 11 40
888.0 347.0 11 48
621.0 447.0 11 17
888.0 275.0 11 37
599.0 558.0 11 25
466.0 634.0 11 40
888.0 558.0 11 15
621.0 237.0 11 46
466.0 312.0 11 15
799.0 457.0 11 46
799.0 277.0 12 2
777.0 183.0 12 28
466.0 459.0 12 1
532.0 694.0 12 27
799.0 600.0 12 37
888.0 270.0 12 15
710.0 390.0 12 40
599.0 517.0 12 18
777.0 427.0 12 14
710.0 163.0 12 28
621.0 321.0 12 32
621.0 513.0 12 1
466.0 511.0 12 48
532.0 226.0 12 46
466.0 258.0 12 14
621.0 163.0 12 46
666.0 290.0 12 45
621.0 237.0 12 20
666.0 346.0 12 45
799.0 504.0 12 1
532.0 296.0 12 40
888.0 291.0 12 28
621.0 355.0 13 37
466.0 303.0 13 50
777.0 283.0 13 5
466.0 211.0 13 50
532.0 323.0 13 15
532.0 363.0 13 43
532.0 241.0 13 43
532.0 237.0 13 25
888.0 227.0 13 7
532.0 188.0 13 40
466.0 257.0 13 16
599.0 346.0 13 40
777.0 447.0 14 41
543.0 300.0 14 40
799.0 267.0 14 50
399.0 389.0 14 27
666.0 318.0 14 28
599.0 592.0 14 7
710.0 333.0 14 18
399.0 292.0 14 1
888.0 245.0 15 24
621.0 496.0 15 19
621.0 343.0 15 13
621.0 469.0 15 45
466.0 244.0 15 25
666.0 162.0 15 27
532.0 323.0 15 12
666.0 187.0 15 40
599.0 647.0 15 7
532.0 224.0 15 17
599.0 360.0 15 37
399.0 302.0 15 18
710.0 456.0 15 48
532.0 433.0 15 40
710.0 319.0 15 18
799.0 360.0 15 28
543.0 415.0 15 1
532.0 507.0 16 42
666.0 374.0 16 18
621.0 502.0 16 7
666.0 577.0 16 13
543.0 205.0 16 28
799.0 507.0 16 14
543.0 640.0 16 18
666.0 534.0 16 20
399.0 534.0 16 13
888.0 535.0 16 13
799.0 452.0 16 45
799.0 531.0 16 13
710.0 645.0 16 15
399.0 648.0 16 19
888.0 427.0 16 43
532.0 569.0 16 7
777.0 472.0 16 25
799.0 421.0 16 37
888.0 574.0 16 19
777.0 521.0 16 45
532.0 372.0 16 12
466.0 394.0 16 45
777.0 497.0 16 18
699.0 564.0 16 46
699.0 459.0 16 20
888.0 531.0 17 40
532.0 188.0 17 9
777.0 241.0 17 40
399.0 338.0 17 27
888.0 279.0 17 15
466.0 513.0 17 43
532.0 468.0 17 20
666.0 453.0 17 45
888.0 621.0 17 16
466.0 345.0 17 27
621.0 568.0 17 33
699.0 232.0 17 48
466.0 243.0 17 45
621.0 330.0 17 7
710.0 336.0 17 14
777.0 607.0 17 16
466.0 158.0 17 43
599.0 594.0 17 16
888.0 655.0 17 43
777.0 508.0 17 40
799.0 374.0 17 32
799.0 364.0 18 37
799.0 709.0 18 48
466.0 436.0 18 27
543.0 341.0 18 33
532.0 194.0 18 5
710.0 399.0 18 13
710.0 335.0 18 45
466.0 364.0 18 37
532.0 594.0 18 16
466.0 432.0 19 22
621.0 469.0 19 13
532.0 420.0 19 12
710.0 541.0 19 25
543.0 561.0 19 35
799.0 432.0 19 46
621.0 318.0 20 39
532.0 464.0 20 33
621.0 561.0 20 17
399.0 172.0 20 19
599.0 495.0 20 14
621.0 270.0 20 13
532.0 259.0 20 12
532.0 387.0 20 48
621.0 475.0 20 27
621.0 205.0 20 45
543.0 522.0 20 15
599.0 280.0 20 50
466.0 513.0 20 27
466.0 466.0 20 25
621.0 270.0 20 40
532.0 468.0 20 46
621.0 409.0 20 35
710.0 365.0 20 33
466.0 502.0 21 37
532.0 717.0 21 11
777.0 390.0 21 14
621.0 510.0 21 19
699.0 420.0 21 43
710.0 240.0 21 46
621.0 427.0 21 7
888.0 144.0 21 16
399.0 426.0 21 25
599.0 361.0 21 37
532.0 652.0 22 6
466.0 270.0 22 28
621.0 248.0 22 20
699.0 491.0 22 17
466.0 355.0 22 33
532.0 448.0 23 35
777.0 503.0 23 7
699.0 627.0 23 8
621.0 369.0 23 50
799.0 178.0 23 33
399.0 244.0 23 28
621.0 478.0 23 40
621.0 321.0 23 16
543.0 346.0 23 27
710.0 408.0 23 18
532.0 374.0 24 23
666.0 655.0 24 16
532.0 256.0 24 46
532.0 420.0 24 40
466.0 410.0 24 28
799.0 262.0 24 7
666.0 324.0 24 14
710.0 227.0 24 46
777.0 270.0 24 18
621.0 444.0 24 37
888.0 226.0 24 14
621.0 283.0 24 32
599.0 491.0 24 48
543.0 404.0 24 13
710.0 383.0 24 28
466.0 403.0 24 33
543.0 229.0 24 28
466.0 379.0 24 7
710.0 484.0 24 14
543.0 639.0 25 1
699.0 319.0 25 26
888.0 455.0 25 27
777.0 291.0 25 28
543.0 270.0 25 15
799.0 232.0 25 37
621.0 378.0 25 7
532.0 158.0 25 46
888.0 318.0 25 37
799.0 421.0 25 20
543.0 331.0 25 18
799.0 204.0 25 32
599.0 453.0 25 16
399.0 324.0 25 46
599.0 211.0 25 19
699.0 163.0 25 19
799.0 295.0 25 14
666.0 302.0 25 48
799.0 163.0 25 35
532.0 270.0 26 19
543.0 358.0 26 2
543.0 487.0 26 12
710.0 576.0 26 33
599.0 494.0 26 16
621.0 415.0 26 45
532.0 232.0 26 37
888.0 383.0 27 37
466.0 585.0 27 45
532.0 469.0 27 36
621.0 186.0 27 32
777.0 558.0 27 19
799.0 199.0 27 1
621.0 396.0 27 20
777.0 232.0 27 19
699.0 397.0 27 43
621.0 367.0 27 40
621.0 417.0 27 19
466.0 264.0 27 16
532.0 475.0 27 13
699.0 330.0 27 13
710.0 617.0 27 32
666.0 474.0 27 43
699.0 250.0 27 13
621.0 423.0 27 16
599.0 318.0 27 28
710.0 489.0 27 48
621.0 400.0 27 14
710.0 307.0 28 24
399.0 317.0 28 50
799.0 258.0 28 45
599.0 331.0 28 16
888.0 270.0 28 16
799.0 466.0 28 20
466.0 410.0 28 1
532.0 214.0 28 12
699.0 291.0 28 25
699.0 189.0 28 20
466.0 444.0 28 14
466.0 177.0 28 35
777.0 276.0 28 50
532.0 399.0 28 20
710.0 153.0 28 16
399.0 576.0 28 7
666.0 513.0 28 35
699.0 264.0 28 14
621.0 336.0 28 1
621.0 216.0 28 13
543.0 655.0 28 19
599.0 480.0 28 27
666.0 330.0 29 21
466.0 230.0 29 25
599.0 226.0 29 33
399.0 455.0 29 35
888.0 220.0 29 25
466.0 447.0 29 18
888.0 662.0 29 40
543.0 372.0 29 13
621.0 226.0 29 50
777.0 607.0 29 46
710.0 183.0 29 46
621.0 588.0 29 7
799.0 300.0 29 25
532.0 260.0 29 46
621.0 316.0 29 19
888.0 283.0 29 17
543.0 319.0 29 19
621.0 622.0 29 48
466.0 418.0 29 43
466.0 329.0 29 40
466.0 201.0 29 12
699.0 422.0 30 19
710.0 319.0 30 32
799.0 733.0 30 41
466.0 523.0 30 20
666.0 280.0 30 27
710.0 468.0 30 16
888.0 206.0 30 27
621.0 381.0 30 40
399.0 663.0 30 32
466.0 277.0 30 28
621.0 417.0 30 19
710.0 205.0 30 19
799.0 456.0 30 1
399.0 345.0 30 35
466.0 748.0 31 46
621.0 410.0 31 45
621.0 228.0 31 1
621.0 622.0 31 20
621.0 193.0 31 22
543.0 717.0 31 1
777.0 518.0 31 45
466.0 288.0 31 32
466.0 405.0 31 46
466.0 633.0 31 27
799.0 265.0 31 46
599.0 607.0 31 27
466.0 459.0 31 48
599.0 283.0 31 14
532.0 495.0 31 37
621.0 587.0 31 18
799.0 338.0 31 40
777.0 358.0 32 48
621.0 367.0 32 38
543.0 686.0 32 19
621.0 504.0 32 28
621.0 290.0 32 27
710.0 448.0 32 40
466.0 276.0 32 20
532.0 196.0 32 17
777.0 648.0 32 13
532.0 479.0 32 12
699.0 538.0 32 1
666.0 345.0 32 28
532.0 552.0 33 13
888.0 416.0 33 37
710.0 402.0 33 18
621.0 607.0 33 7
799.0 228.0 33 35
543.0 448.0 33 2
599.0 426.0 33 35
466.0 619.0 33 20
466.0 607.0 33 35
466.0 607.0 33 46
777.0 523.0 33 37
777.0 331.0 33 35
799.0 698.0 33 13
710.0 503.0 33 37
799.0 592.0 34 13
621.0 415.0 34 43
466.0 178.0 34 27
888.0 260.0 34 40
466.0 534.0 34 18
532.0 366.0 34 28
621.0 210.0 34 5
666.0 455.0 34 25
543.0 327.0 35 5
532.0 250.0 35 15
777.0 522.0 35 20
799.0 351.0 35 7
621.0 315.0 35 32
466.0 345.0 35 12
799.0 250.0 35 16
466.0 422.0 35 14
532.0 228.0 35 50
799.0 684.0 35 28
621.0 398.0 35 1
888.0 403.0 35 12
888.0 364.0 35 12
599.0 444.0 35 25
466.0 441.0 35 50
399.0 460.0 35 12
532.0 182.0 35 15
532.0 229.0 35 18
888.0 262.0 35 46
666.0 375.0 36 45
532.0 528.0 36 49
777.0 345.0 36 43
799.0 280.0 36 1
799.0 290.0 36 20
888.0 341.0 36 33
777.0 403.0 36 18
532.0 485.0 36 15
799.0 456.0 36 37
888.0 502.0 36 40
599.0 469.0 36 48
666.0 226.0 36 18
621.0 364.0 36 19
621.0 306.0 36 17
621.0 321.0 36 27
532.0 352.0 36 25
532.0 326.0 36 37
532.0 336.0 36 1
532.0 312.0 36 50
399.0 484.0 36 1
466.0 390.0 36 45
399.0 366.0 36 20
466.0 189.0 36 28
532.0 443.0 36 32
777.0 511.0 37 27
599.0 351.0 37 3
621.0 316.0 37 17
621.0 364.0 37 18
621.0 598.0 37 7
532.0 257.0 37 40
799.0 735.0 37 33
799.0 592.0 37 50
399.0 621.0 37 12
888.0 403.0 37 48
621.0 503.0 37 33
666.0 279.0 37 13
666.0 511.0 37 27
532.0 389.0 37 46
710.0 245.0 37 32
666.0 207.0 37 40
599.0 678.0 37 35
466.0 475.0 37 7
888.0 201.0 38 47
466.0 250.0 38 32
888.0 764.0 38 14
621.0 286.0 38 48
666.0 552.0 38 17
543.0 254.0 38 35
888.0 604.0 38 46
466.0 574.0 38 35
666.0 453.0 39 46
599.0 415.0 39 46
399.0 647.0 39 21
799.0 474.0 39 18
888.0 264.0 39 13
599.0 309.0 39 43
621.0 306.0 39 19
621.0 418.0 39 43
699.0 455.0 39 50
532.0 438.0 39 7
543.0 613.0 39 45
466.0 434.0 39 48
532.0 273.0 39 25
799.0 496.0 39 14
666.0 322.0 39 35
466.0 302.0 39 14
543.0 639.0 39 16
699.0 397.0 39 37
543.0 470.0 39 35
699.0 322.0 39 12
621.0 422.0 39 32
599.0 302.0 40 8
466.0 306.0 40 25
699.0 369.0 40 17
599.0 483.0 40 12
888.0 403.0 40 1
532.0 541.0 40 43
543.0 304.0 40 32
777.0 330.0 40 37
599.0 378.0 40 46
621.0 653.0 40 14
799.0 607.0 40 50
710.0 453.0 40 7
777.0 240.0 40 28
399.0 177.0 40 19
466.0 452.0 40 7
888.0 336.0 40 18
699.0 422.0 40 27
799.0 283.0 40 7
466.0 264.0 40 32
621.0 378.0 40 20
532.0 482.0 40 32
777.0 383.0 40 25
399.0 524.0 40 50
466.0 211.0 41 26
777.0 538.0 41 27
621.0 427.0 41 16
532.0 330.0 41 14
621.0 459.0 41 19
710.0 312.0 41 19
699.0 499.0 41 27
621.0 633.0 41 48
532.0 270.0 41 15
777.0 233.0 41 15
666.0 193.0 41 33
888.0 490.0 41 17
399.0 249.0 41 40
466.0 167.0 41 19
466.0 560.0 41 16
666.0 453.0 41 33
666.0 514.0 41 28
543.0 640.0 41 46
532.0 547.0 41 48
621.0 340.0 41 1
599.0 340.0 41 1
621.0 234.0 41 12
399.0 686.0 41 46
599.0 476.0 41 13
621.0 442.0 42 46
532.0 177.0 42 40
699.0 359.0 42 33
532.0 541.0 42 28
799.0 735.0 42 17
888.0 379.0 42 6
466.0 270.0 42 35
666.0 180.0 42 1
888.0 356.0 42 40
466.0 433.0 42 15
532.0 570.0 42 28
699.0 434.0 42 12
888.0 598.0 42 28
699.0 211.0 42 32
599.0 379.0 42 19
466.0 183.0 42 27
777.0 201.0 42 48
399.0 342.0 42 28
699.0 507.0 42 16
532.0 467.0 43 29
888.0 311.0 43 15
599.0 265.0 43 18
543.0 392.0 43 19
777.0 396.0 43 46
532.0 433.0 43 25
466.0 593.0 43 40
466.0 712.0 43 17
621.0 545.0 44 7
621.0 524.0 44 36
466.0 360.0 44 27
799.0 360.0 44 43
666.0 315.0 44 27
466.0 342.0 44 46
399.0 330.0 44 19
543.0 697.0 44 12
710.0 720.0 44 7
621.0 494.0 44 43
532.0 297.0 44 37
532.0 568.0 44 7
699.0 336.0 44 45
466.0 462.0 44 32
543.0 604.0 44 48
699.0 592.0 44 19
466.0 698.0 44 33
532.0 407.0 44 37
466.0 438.0 44 25
621.0 270.0 44 35
710.0 403.0 44 28
543.0 450.0 44 7
888.0 234.0 44 35
599.0 277.0 45 41
888.0 592.0 45 19
466.0 336.0 45 43
699.0 492.0 45 33
666.0 326.0 45 12
699.0 296.0 45 35
532.0 507.0 45 14
532.0 646.0 45 18
466.0 241.0 45 25
777.0 585.0 45 27
599.0 529.0 45 1
777.0 378.0 45 33
599.0 275.0 45 13
699.0 397.0 45 20
543.0 586.0 45 28
599.0 358.0 45 40
699.0 499.0 45 35
399.0 306.0 45 25
532.0 369.0 45 46
466.0 418.0 45 33
532.0 504.0 45 1
621.0 518.0 45 27
466.0 300.0 45 14
799.0 345.0 45 7
532.0 335.0 45 43
621.0 231.0 46 35
621.0 712.0 46 10
699.0 547.0 46 48
543.0 230.0 46 18
466.0 604.0 46 40
710.0 630.0 46 28
621.0 352.0 46 32
466.0 594.0 46 25
399.0 530.0 46 7
399.0 465.0 46 33
399.0 653.0 46 25
543.0 523.0 46 37
532.0 264.0 46 19
599.0 655.0 46 16
710.0 582.0 46 32
399.0 288.0 46 7
621.0 302.0 46 18
888.0 483.0 46 14
599.0 552.0 46 1
666.0 429.0 46 43
399.0 442.0 46 13
532.0 352.0 46 15
466.0 381.0 46 28
621.0 266.0 46 25
888.0 329.0 47 1
621.0 570.0 47 45
710.0 178.0 47 7
777.0 712.0 47 16
666.0 420.0 47 28
466.0 352.0 47 17
599.0 352.0 47 19
532.0 268.0 47 28
466.0 451.0 47 26
666.0 232.0 47 25
799.0 741.0 47 45
543.0 307.0 47 12
666.0 717.0 48 43
543.0 772.0 48 38
710.0 678.0 48 28
621.0 487.0 48 27
777.0 570.0 48 15
621.0 496.0 48 50
399.0 338.0 48 32
543.0 336.0 48 35
777.0 259.0 48 14
699.0 653.0 48 27
777.0 630.0 48 37
621.0 322.0 48 17
532.0 343.0 48 32
532.0 405.0 48 46
621.0 288.0 48 33
621.0 600.0 48 28
599.0 275.0 48 25
799.0 306.0 48 43
888.0 676.0 48 40
599.0 387.0 48 20
666.0 372.0 48 15
543.0 360.0 48 32
621.0 528.0 48 12
621.0 410.0 48 35
543.0 504.0 48 37
777.0 295.0 49 35
543.0 438.0 49 24
699.0 405.0 49 33
621.0 446.0 49 50
543.0 465.0 49 33
888.0 382.0 50 46
799.0 453.0 50 32
543.0 697.0 50 2
399.0 468.0 50 1
621.0 676.0 50 35
799.0 645.0 50 17
532.0 248.0 50 28
666.0 285.0 50 7
532.0 670.0 50 33
777.0 270.0 50 7
621.0 319.0 50 46
888.0 295.0 50 37
799.0 568.0 50 37
888.0 270.0 50 35
799.0 198.0 50 16
599.0 379.0 50 37
599.0 438.0 50 17

0 338 226 216 257 232 239 0 269 213 210 192 193 347 210 272 283 303 264 292 369 145 308 262 173 102 138 308 226 161 221 320 303 316 295 318 361 239 226 237 100 364 353 210 216 257 323 338 137 292 
0 338 226 216 257 232 239 152 269 213 210 192 193 347 210 272 283 303 264 292 369 145 308 262 173 102 138 308 226 161 221 320 303 316 295 318 361 239 226 0 100 364 353 210 216 257 323 338 137 292 
0 338 226 216 257 232 239 152 269 213 210 192 193 347 210 272 283 303 264 292 369 145 308 262 173 102 138 308 226 161 221 320 303 316 295 318 361 239 226 237 100 364 353 210 216 257 0 338 137 292 
0 338 226 216 257 232 239 152 269 213 210 192 193 347 210 272 283 303 264 292 369 145 308 262 173 102 138 308 226 161 221 320 303 316 295 318 0 239 226 237 100 364 353 210 216 257 323 338 137 292 
0 338 226 216 0 232 239 152 269 213 210 192 193 347 210 272 283 303 264 292 369 145 308 262 173 102 138 308 226 161 221 320 303 316 295 318 361 239 226 237 100 364 353 210 216 257 323 338 137 292 
338 0 594 410 566 0 582 150 344 339 434 582 293 274 211 185 287 223 211 432 243 568 360 586 202 573 248 418 250 241 144 398 402 462 412 398 435 514 389 154 238 509 298 496 339 165 252 378 177 364 
338 0 0 410 566 311 582 150 344 339 434 582 293 274 211 185 287 223 211 432 243 568 360 586 202 573 248 418 250 241 144 398 402 462 412 398 435 514 389 154 238 509 298 496 339 165 252 378 177 364 
338 0 594 410 566 311 582 150 344 339 434 582 293 274 211 185 287 223 211 432 243 568 360 586 202 573 248 418 250 241 144 398 402 0 412 398 435 514 389 154 238 509 298 496 339 165 252 378 177 364 
338 0 594 410 566 311 582 150 344 339 434 582 293 274 211 185 287 223 211 432 243 568 360 586 202 573 248 0 250 241 144 398 402 462 412 398 435 514 389 154 238 509 298 496 339 165 252 378 177 364 
338 0 594 410 566 311 582 150 344 339 434 582 293 274 211 185 287 223 211 0 243 568 360 586 202 573 248 418 250 241 144 398 402 462 412 398 435 514 389 154 238 509 298 496 339 165 252 378 177 364 
338 0 594 410 566 311 582 150 344 339 434 582 293 274 211 185 287 223 211 432 243 568 360 586 202 573 0 418 250 241 144 398 402 462 412 398 435 514 389 154 238 509 298 496 339 165 252 378 177 364 
338 0 594 410 566 311 582 150 344 339 434 582 293 274 211 185 287 223 211 432 243 568 360 586 202 573 248 418 250 241 144 398 402 462 412 398 0 514 389 154 238 509 298 496 339 165 252 378 177 364 
338 0 594 410 566 311 582 150 344 339 434 582 293 274 211 185 287 223 211 432 243 568 360 586 202 573 248 0 250 241 144 398 402 462 412 398 435 514 389 154 238 509 298 496 339 165 252 378 177 364 
338 0 594 410 566 311 582 150 344 339 434 582 293 274 211 185 287 223 211 432 243 568 360 586 202 573 248 418 250 241 144 398 402 462 412 398 0 514 389 154 238 509 298 496 339 165 252 378 177 364 
338 0 594 410 566 311 582 150 344 339 434 582 293 274 0 185 287 223 211 432 243 568 360 586 202 573 248 418 250 241 144 398 402 462 412 398 435 514 389 154 238 509 298 496 339 165 252 378 177 364 
338 0 594 410 566 311 582 150 344 339 434 582 293 274 211 185 287 223 0 432 243 568 360 586 202 573 248 418 250 241 144 398 402 462 412 398 435 514 389 154 238 509 298 496 339 165 252 378 177 364 
338 0 594 410 566 311 0 150 344 339 434 582 293 274 211 185 287 223 211 432 243 568 360 586 202 573 248 418 250 241 144 398 402 462 412 398 435 514 389 154 238 509 298 496 339 165 252 378 177 364 
338 0 594 410 566 311 582 150 344 339 434 582 293 274 211 185 287 223 211 432 0 568 360 586 202 573 248 418 250 241 144 398 402 462 412 398 435 514 389 154 238 509 298 496 339 165 252 378 177 364 
338 0 594 410 566 311 582 150 344 339 434 582 293 274 211 185 287 223 211 0 243 568 360 586 202 573 248 418 250 241 144 398 402 462 412 398 435 514 389 154 238 509 298 496 339 165 252 378 177 364 
338 0 594 410 566 311 582 150 344 339 434 582 293 274 211 185 287 223 211 432 243 568 360 586 202 573 248 0 250 241 144 398 402 462 412 398 435 514 389 154 238 509 298 496 339 165 252 378 177 364 
338 0 594 410 566 311 582 150 344 339 434 582 293 274 211 185 287 223 211 432 243 568 360 586 202 573 248 418 250 241 144 398 402 462 412 398 435 514 389 154 0 509 298 496 339 165 252 378 177 364 
338 0 594 0 566 311 582 150 344 339 434 582 293 274 211 185 287 223 211 432 243 568 360 586 202 573 248 418 250 241 144 398 402 462 412 398 435 514 389 154 238 509 298 496 339 165 252 378 177 364 
226 594 0 396 236 0 277 268 367 346 440 303 218 482 348 571 310 502 251 501 338 359 125 130 468 477 453 452 204 550 153 533 530 500 101 498 266 545 504 376 189 240 467 415 563 269 491 443 537 137 
226 594 0 396 236 0 277 268 367 346 440 303 218 482 348 571 310 502 251 501 338 359 125 130 468 477 453 452 204 550 153 533 530 500 101 498 266 545 504 376 189 240 467 415 563 269 491 443 537 137 
226 594 0 396 236 557 277 268 367 346 440 303 218 482 348 571 310 502 251 501 338 359 125 130 468 477 453 0 204 550 153 533 530 500 101 498 266 545 504 376 189 240 467 415 563 269 491 443 537 137 
226 594 0 396 236 557 0 268 367 346 440 303 218 482 348 571 310 502 251 501 338 359 125 130 468 477 453 452 204 550 153 533 530 500 101 498 266 545 504 376 189 240 467 415 563 269 491 443 537 137 
226 594 0 396 236 557 277 268 367 346 440 303 218 482 348 571 310 502 251 501 338 359 125 130 468 477 453 452 204 550 153 533 530 500 101 498 266 545 504 376 189 240 467 415 563 269 491 443 537 0 
226 594 0 396 236 557 277 268 367 346 440 303 218 0 348 571 310 502 251 501 338 359 125 130 468 477 453 452 204 550 153 533 530 500 101 498 266 545 504 376 189 240 467 415 563 269 491 443 537 137 
226 594 0 396 236 557 277 268 367 346 440 303 218 482 348 571 310 502 251 501 338 359 125 130 468 477 453 452 204 550 153 533 530 500 101 498 266 545 504 376 189 240 467 415 563 269 491 443 0 137 
226 594 0 396 236 557 277 268 367 346 440 303 218 482 348 571 310 0 251 501 338 359 125 130 468 477 453 452 204 550 153 533 530 500 101 498 266 545 504 376 189 240 467 415 563 269 491 443 537 137 
226 594 0 396 236 557 277 268 367 346 440 303 218 482 348 571 310 502 251 501 338 359 125 130 468 477 453 452 204 550 153 533 530 500 101 0 266 545 504 376 189 240 467 415 563 269 491 443 537 137 
226 594 0 396 236 557 277 268 367 346 440 303 218 482 348 571 310 502 251 0 338 359 125 130 468 477 453 452 204 550 153 533 530 500 101 498 266 545 504 376 189 240 467 415 563 269 491 443 537 137 
226 594 0 396 236 557 277 268 0 346 440 303 218 482 348 571 310 502 251 501 338 359 125 130 468 477 453 452 204 550 153 533 530 500 101 498 266 545 504 376 189 240 467 415 563 269 491 443 537 137 
226 594 0 396 236 557 277 268 367 346 440 303 218 482 348 571 310 502 251 501 338 359 125 130 468 477 453 452 0 550 153 533 530 500 101 498 266 545 504 376 189 240 467 415 563 269 491 443 537 137 
226 594 0 396 236 557 277 268 367 346 440 303 218 482 348 571 310 502 251 501 338 359 125 130 468 477 453 452 204 550 153 533 530 500 101 498 266 545 504 376 189 240 467 415 0 269 491 443 537 137 
226 594 0 396 236 557 277 268 367 346 440 303 218 482 348 571 310 502 251 501 338 359 125 130 468 477 453 452 204 550 0 533 530 500 101 498 266 545 504 376 189 240 467 415 563 269 491 443 537 137 
226 594 0 396 236 557 277 268 367 346 440 303 218 482 348 571 310 502 251 501 338 359 125 130 468 477 453 452 204 550 153 533 530 0 101 498 266 545 504 376 189 240 467 415 563 269 491 443 537 137 
226 594 0 396 236 557 277 268 367 346 440 303 218 482 348 571 310 502 251 501 338 0 125 130 468 477 453 452 204 550 153 533 530 500 101 498 266 545 504 376 189 240 467 415 563 269 491 443 537 137 
226 594 0 396 236 557 277 268 367 346 440 303 218 482 348 571 310 502 251 501 338 359 125 130 468 477 453 452 204 550 153 533 530 500 101 498 266 545 504 376 189 240 0 415 563 269 491 443 537 137 
226 594 0 396 236 557 0 268 367 346 440 303 218 482 348 571 310 502 251 501 338 359 125 130 468 477 453 452 204 550 153 533 530 500 101 498 266 545 504 376 189 240 467 415 563 269 491 443 537 137 
226 594 0 396 236 557 277 268 367 346 440 303 218 482 348 571 310 502 251 501 338 0 125 130 468 477 453 452 204 550 153 533 530 500 101 498 266 545 504 376 189 240 467 415 563 269 491 443 537 137 
226 594 0 396 236 557 277 268 367 346 440 303 218 482 348 571 310 502 251 501 338 359 125 130 468 477 453 452 204 550 153 533 0 500 101 498 266 545 504 376 189 240 467 415 563 269 491 443 537 137 
585 410 396 0 386 380 155 0 342 211 314 239 333 394 253 166 280 202 415 201 559 479 279 342 235 114 164 400 128 424 578 290 299 277 105 231 395 189 169 271 355 594 475 498 396 320 553 378 445 598 
