50 386 5

0 136 535 374 318 515 188 544 284 460 544 341 263 338 651 545 388 597 689 633 569 258 683 450 292 555 474 651 380 523 504 588 146 223 517 336 427 432 379 262 677 438 518 526 371 654 195 526 295 403 
136 0 260 276 563 659 478 198 228 208 255 189 132 415 527 136 611 405 642 573 464 341 630 242 177 463 168 522 237 515 566 515 378 578 648 467 633 221 399 563 146 423 450 116 124 525 338 686 485 326 
535 260 0 145 288 339 262 619 257 541 452 120 413 561 651 678 291 394 462 679 515 357 453 308 173 256 692 262 581 488 642 532 322 662 359 182 133 598 190 381 599 555 546 133 451 474 173 408 427 369 
374 276 145 0 115 311 383 252 494 480 384 380 603 455 658 508 409 194 424 233 530 686 585 365 681 535 488 281 299 168 481 469 195 415 327 197 438 220 579 481 189 294 695 337 632 402 577 267 639 233 
318 563 288 115 0 347 355 164 164 431 197 244 223 663 442 461 383 418 357 362 217 355 233 577 521 580 121 349 116 192 515 191 338 437 218 295 139 368 630 249 293 499 586 139 423 657 674 675 645 387 
515 659 339 311 347 0 551 189 521 699 353 113 658 253 464 635 172 189 686 108 316 387 628 558 269 155 504 269 268 257 152 249 252 106 582 408 695 318 111 184 170 122 225 394 676 562 681 442 555 619 
188 478 262 383 355 551 0 615 147 267 397 318 272 339 624 252 516 173 254 506 131 482 326 224 610 648 161 697 225 146 453 478 177 346 463 281 655 581 517 544 216 467 418 324 152 297 306 254 211 109 
544 198 619 252 164 189 615 0 573 381 340 534 249 542 435 197 399 608 161 267 512 490 288 385 553 524 566 118 585 687 672 609 499 186 322 659 646 490 252 679 266 460 329 249 502 394 521 489 429 481 
284 228 257 494 164 521 147 573 0 462 555 326 579 524 676 338 317 538 562 377 695 493 368 493 427 403 565 288 300 332 336 234 228 613 194 506 634 495 216 245 663 140 260 229 659 625 543 321 633 295 
460 208 541 480 431 699 267 381 462 0 461 442 428 332 692 325 452 583 162 108 312 328 683 104 681 661 276 281 657 121 423 589 231 190 683 559 200 148 663 695 260 226 155 600 106 553 522 638 544 337 
544 255 452 384 197 353 397 340 555 461 0 400 302 419 106 261 568 151 124 699 191 435 554 233 153 165 681 612 281 590 159 319 666 113 127 423 622 101 113 582 293 668 141 690 377 223 304 648 526 233 
341 189 120 380 244 113 318 534 326 442 400 0 567 434 167 509 440 635 451 156 313 371 199 623 312 236 277 581 633 263 202 177 486 619 221 372 624 251 138 322 276 579 575 236 337 279 222 281 478 696 
263 132 413 603 223 658 272 249 579 428 302 567 0 537 153 153 660 268 384 409 560 660 396 685 109 366 563 669 197 426 523 366 120 221 591 124 319 102 595 447 676 232 277 616 180 494 672 557 467 678 
338 415 561 455 663 253 339 542 524 332 419 434 537 0 542 560 146 204 369 638 239 375 110 683 201 464 246 674 309 334 506 466 538 687 331 597 279 409 524 274 596 631 164 426 283 191 356 191 188 472 
651 527 651 658 442 464 624 435 676 692 106 167 153 542 0 361 392 663 392 510 554 274 643 185 281 327 401 384 524 376 606 536 350 114 405 522 688 499 430 570 627 626 244 638 372 634 204 471 625 466 
545 136 678 508 461 635 252 197 338 325 261 509 153 560 361 0 359 623 400 388 456 655 406 472 441 427 484 668 584 269 446 258 239 491 542 566 217 534 509 458 616 376 401 440 476 553 650 124 502 381 
388 611 291 409 383 172 516 399 317 452 568 440 660 146 392 359 0 391 604 418 349 174 428 459 225 664 194 256 263 186 499 668 475 360 440 532 668 236 337 113 318 148 460 629 304 218 617 554 596 557 
597 405 394 194 418 189 173 608 538 583 151 635 268 204 663 623 391 0 421 542 319 268 377 291 333 467 327 379 482 638 561 328 567 146 629 657 623 515 345 153 156 440 143 202 379 643 125 583 385 428 
689 642 462 424 357 686 254 161 562 162 124 451 384 369 392 400 604 421 0 468 623 688 189 658 636 459 696 382 547 114 357 328 367 449 424 442 222 491 535 351 525 479 680 191 207 428 129 116 368 119 
633 573 679 233 362 108 506 267 377 108 699 156 409 638 510 388 418 542 468 0 282 652 409 389 540 667 596 255 453 612 262 498 659 203 244 583 190 619 342 550 555 207 201 681 210 127 329 208 577 577 
569 464 515 530 217 316 131 512 695 312 191 313 560 239 554 456 349 319 623 282 0 619 521 545 609 176 490 614 631 573 325 629 260 407 142 278 400 381 660 496 138 286 658 411 325 225 320 425 564 243 
258 341 357 686 355 387 482 490 493 328 435 371 660 375 274 655 174 268 688 652 619 0 627 422 170 162 653 279 464 648 242 471 380 644 321 499 530 667 476 231 154 524 628 314 397 448 131 605 189 448 
683 630 453 585 233 628 326 288 368 683 554 199 396 110 643 406 428 377 189 409 521 627 0 607 217 265 193 440 517 441 178 335 215 532 510 178 506 308 117 296 317 115 213 334 237 500 205 315 616 352 
450 242 308 365 577 558 224 385 493 104 233 623 685 683 185 472 459 291 658 389 545 422 607 0 226 686 314 387 635 322 694 650 287 508 242 108 367 609 356 346 173 158 259 436 459 629 390 682 329 688 
292 177 173 681 521 269 610 553 427 681 153 312 109 201 281 441 225 333 636 540 609 170 217 226 0 609 403 422 502 447 414 463 191 609 451 590 126 347 468 666 530 160 389 108 560 300 157 490 225 631 
555 463 256 535 580 155 648 524 403 661 165 236 366 464 327 427 664 467 459 667 176 162 265 686 609 0 176 644 332 306 371 107 264 594 580 553 503 505 235 300 146 563 296 573 293 142 386 117 655 699 
474 168 692 488 121 504 161 566 565 276 681 277 563 246 401 484 194 327 696 596 490 653 193 314 403 176 0 329 190 585 114 130 103 432 162 469 186 217 317 355 328 128 649 425 108 348 171 692 372 330 
651 522 262 281 349 269 697 118 288 281 612 581 669 674 384 668 256 379 382 255 614 279 440 387 422 644 329 0 623 576 659 437 538 361 388 223 280 645 337 551 690 644 410 447 639 236 538 696 195 110 
380 237 581 299 116 268 225 585 300 657 281 633 197 309 524 584 263 482 547 453 631 464 517 635 502 332 190 623 0 306 436 669 303 257 664 242 396 499 308 591 133 637 617 699 220 275 510 123 579 185 
523 515 488 168 192 257 146 687 332 121 590 263 426 334 376 269 186 638 114 612 573 648 441 322 447 306 585 576 306 0 110 391 495 302 385 458 572 271 677 168 534 632 505 232 410 636 455 408 111 597 
504 566 642 481 515 152 453 672 336 423 159 202 523 506 606 446 499 561 357 262 325 242 178 694 414 371 114 659 436 110 0 412 247 629 623 629 437 536 271 223 391 328 298 162 551 264 632 539 169 320 
588 515 532 469 191 249 478 609 234 589 319 177 366 466 536 258 668 328 328 498 629 471 335 650 463 107 130 437 669 391 412 0 183 325 152 362 131 219 310 470 347 101 298 498 671 645 244 546 253 477 
146 378 322 195 338 252 177 499 228 231 666 486 120 538 350 239 475 567 367 659 260 380 215 287 191 264 103 538 303 495 247 183 0 180 255 131 294 225 215 319 663 389 122 691 360 173 364 220 546 383 
223 578 662 415 437 106 346 186 613 190 113 619 221 687 114 491 360 146 449 203 407 644 532 508 609 594 432 361 257 302 629 325 180 0 427 401 486 516 207 320 590 557 168 516 348 289 137 123 285 284 
517 648 359 327 218 582 463 322 194 683 127 221 591 331 405 542 440 629 424 244 142 321 510 242 451 580 162 388 664 385 623 152 255 427 0 456 156 537 508 558 646 330 221 553 315 254 396 635 683 530 
336 467 182 197 295 408 281 659 506 559 423 372 124 597 522 566 532 657 442 583 278 499 178 108 590 553 469 223 242 458 629 362 131 401 456 0 305 159 637 309 405 584 680 671 139 414 568 228 195 198 
427 633 133 438 139 695 655 646 634 200 622 624 319 279 688 217 668 623 222 190 400 530 506 367 126 503 186 280 396 572 437 131 294 486 156 305 0 644 337 273 180 292 666 221 408 256 253 635 578 212 
432 221 598 220 368 318 581 490 495 148 101 251 102 409 499 534 236 515 491 619 381 667 308 609 347 505 217 645 499 271 536 219 225 516 537 159 644 0 431 674 555 256 288 322 234 315 173 278 383 423 
379 399 190 579 630 111 517 252 216 663 113 138 595 524 430 509 337 345 535 342 660 476 117 356 468 235 317 337 308 677 271 310 215 207 508 637 337 431 0 187 498 687 127 419 326 173 110 246 359 594 
262 563 381 481 249 184 544 679 245 695 582 322 447 274 570 458 113 153 351 550 496 231 296 346 666 300 355 551 591 168 223 470 319 320 558 309 273 674 187 0 241 518 183 192 220 646 515 272 219 503 
677 146 599 189 293 170 216 266 663 260 293 276 676 596 627 616 318 156 525 555 138 154 317 173 530 146 328 690 133 534 391 347 663 590 646 405 180 555 498 241 0 315 174 214 232 134 606 432 490 283 
438 423 555 294 499 122 467 460 140 226 668 579 232 631 626 376 148 440 479 207 286 524 115 158 160 563 128 644 637 632 328 101 389 557 330 584 292 256 687 518 315 0 142 241 381 228 360 182 298 461 
518 450 546 695 586 225 418 329 260 155 141 575 277 164 244 401 460 143 680 201 658 628 213 259 389 296 649 410 617 505 298 298 122 168 221 680 666 288 127 183 174 142 0 250 538 527 203 699 591 120 
526 116 133 337 139 394 324 249 229 600 690 236 616 426 638 440 629 202 191 681 411 314 334 436 108 573 425 447 699 232 162 498 691 516 553 671 221 322 419 192 214 241 250 0 423 236 669 192 137 504 
371 124 451 632 423 676 152 502 659 106 377 337 180 283 372 476 304 379 207 210 325 397 237 459 560 293 108 639 220 410 551 671 360 348 315 139 408 234 326 220 232 381 538 423 0 267 547 265 346 499 
654 525 474 402 657 562 297 394 625 553 223 279 494 191 634 553 218 643 428 127 225 448 500 629 300 142 348 236 275 636 264 645 173 289 254 414 256 315 173 646 134 228 527 236 267 0 567 185 458 550 
195 338 173 577 674 681 306 521 543 522 304 222 672 356 204 650 617 125 129 329 320 131 205 390 157 386 171 538 510 455 632 244 364 137 396 568 253 173 110 515 606 360 203 669 547 567 0 255 295 387 
526 686 408 267 675 442 254 489 321 638 648 281 557 191 471 124 554 583 116 208 425 605 315 682 490 117 692 696 123 408 539 546 220 123 635 228 635 278 246 272 432 182 699 192 265 185 255 0 465 603 
295 485 427 639 645 555 211 429 633 544 526 478 467 188 625 502 596 385 368 577 564 189 616 329 225 655 372 195 579 111 169 253 546 285 683 195 578 383 359 219 490 298 591 137 346 458 295 465 0 311 
403 326 369 233 387 619 109 481 295 337 233 696 678 472 466 381 557 428 119 577 243 448 352 688 631 699 330 110 185 597 320 477 383 284 530 198 212 423 594 503 283 461 120 504 499 550 387 603 311 0 

0 74 38 80 84 51 73 45 86 20 21 95 95 91 38 53 79 33 38 54 54 93 44 31 65 50 43 22 95 27 41 54 73 63 40 95 24 28 98 73 25 52 29 45 75 30 94 40 81 51 
74 0 65 85 35 23 55 86 79 71 96 87 69 45 40 63 56 28 54 35 48 74 47 89 68 58 98 54 76 27 28 36 85 57 59 44 38 86 48 52 64 28 30 76 74 49 71 43 49 88 
38 65 0 69 73 63 88 37 81 51 59 72 30 30 37 44 78 22 31 48 46 75 55 84 84 70 22 94 59 26 21 33 95 50 69 72 85 58 66 65 30 34 27 92 40 45 64 58 41 96 
80 85 69 0 64 75 89 94 39 32 98 87 48 23 23 41 45 92 46 95 24 52 51 69 52 29 51 94 93 98 34 37 89 43 89 63 41 96 39 26 88 62 51 87 39 27 20 66 35 99 
84 35 73 64 0 61 82 92 76 47 68 90 71 21 34 30 61 54 89 98 89 91 72 30 29 54 92 80 76 82 48 87 70 21 98 61 90 87 33 78 77 21 27 81 49 39 50 34 58 90 
51 23 63 75 61 0 22 65 25 50 94 99 59 64 56 42 76 76 32 84 61 87 21 21 77 96 23 66 99 97 77 91 97 93 27 52 20 64 80 89 96 91 77 27 40 34 42 26 52 52 
73 55 88 89 82 22 0 51 89 75 47 71 97 80 21 65 43 97 87 55 78 41 76 96 41 24 93 43 77 64 33 42 82 80 24 69 45 46 55 27 99 29 23 68 92 86 73 81 86 99 
45 86 37 94 92 65 51 0 50 85 93 47 87 53 44 97 46 58 67 87 32 40 78 62 38 31 45 72 39 46 53 31 44 63 98 53 41 53 79 46 72 59 92 69 51 30 51 52 29 50 
86 79 81 39 76 25 89 50 0 47 31 69 27 49 39 64 74 40 20 83 23 20 92 34 37 32 40 72 89 89 78 67 84 47 81 35 24 48 76 79 55 83 62 99 31 47 46 66 50 81 
20 71 51 32 47 50 75 85 47 0 56 20 42 92 32 85 58 48 75 74 87 65 30 80 29 43 62 75 38 79 38 40 85 85 22 55 89 86 56 40 77 68 87 25 84 56 56 49 50 88 
21 96 59 98 68 94 47 93 31 56 0 51 84 29 99 74 28 98 90 47 96 52 45 69 99 80 55 37 84 20 96 65 54 69 93 28 27 64 85 24 74 40 74 34 97 78 66 24 57 63 
95 87 72 87 90 99 71 47 69 20 51 0 26 26 61 47 38 30 54 91 71 61 63 44 73 92 79 40 24 77 64 66 47 27 83 73 52 61 70 87 99 33 36 96 62 90 71 74 30 52 
95 69 30 48 71 59 97 87 27 42 84 26 0 36 67 72 44 74 62 31 37 49 24 33 69 99 31 25 70 42 57 97 80 78 50 90 83 80 56 58 51 89 89 24 76 40 20 38 21 28 
91 45 30 23 21 64 80 53 49 92 29 26 36 0 29 20 81 62 73 45 88 89 65 48 84 57 68 30 63 70 21 34 34 59 84 42 81 31 56 65 34 48 66 54 92 94 85 60 75 27 
38 40 37 23 34 56 21 44 39 32 99 61 67 29 0 65 87 58 61 38 32 98 54 62 93 86 32 67 48 73 32 24 98 71 54 20 36 49 30 41 42 44 62 50 93 25 92 34 59 30 
53 63 44 41 30 42 65 97 64 85 74 47 72 20 65 0 76 34 20 83 27 42 44 50 27 33 48 29 27 80 31 67 97 32 22 29 71 28 48 51 48 73 33 20 45 41 37 82 49 95 
79 56 78 45 61 76 43 46 74 58 28 38 44 81 87 76 0 65 28 45 93 69 29 40 74 21 82 71 95 83 24 37 24 91 51 39 40 75 84 87 85 68 42 58 98 81 49 40 43 43 
33 28 22 92 54 76 97 58 40 48 98 30 74 62 58 34 65 0 24 32 83 70 84 70 66 44 98 90 27 28 26 85 25 87 31 26 41 23 75 63 98 59 71 87 89 43 71 38 81 29 
38 54 31 46 89 32 87 67 20 75 90 54 62 73 61 20 28 24 0 44 32 40 90 20 30 45 57 92 38 94 61 77 70 38 29 36 76 26 32 68 53 36 50 78 88 41 80 96 94 70 
54 35 48 95 98 84 55 87 83 74 47 91 31 45 38 83 45 32 44 0 84 44 57 88 53 47 22 64 55 50 96 20 58 85 66 43 89 55 65 57 58 74 60 24 61 76 73 96 58 40 
54 48 46 24 89 61 78 32 23 87 96 71 37 88 32 27 93 83 32 84 0 53 29 28 59 71 54 52 34 33 62 59 80 44 91 87 46 88 20 41 99 61 32 49 83 96 89 31 52 85 
93 74 75 52 91 87 41 40 20 65 52 61 49 89 98 42 69 70 40 44 53 0 32 55 99 94 26 96 29 21 87 49 90 44 75 48 43 54 45 89 68 49 22 71 21 43 60 26 66 30 
44 47 55 51 72 21 76 78 92 30 45 63 24 65 54 44 29 84 90 57 29 32 0 44 93 75 66 21 42 29 77 73 61 47 49 87 58 97 74 99 99 87 82 88 74 59 84 76 48 88 
31 89 84 69 30 21 96 62 34 80 69 44 33 48 62 50 40 70 20 88 28 55 44 0 65 41 72 75 42 99 34 28 82 53 71 67 63 30 86 61 78 98 98 21 32 35 64 55 76 30 
65 68 84 52 29 77 41 38 37 29 99 73 69 84 93 27 74 66 30 53 59 99 93 65 0 32 48 42 34 23 57 33 66 38 50 22 76 92 44 43 58 75 87 95 46 81 90 47 91 53 
50 58 70 29 54 96 24 31 32 43 80 92 99 57 86 33 21 44 45 47 71 94 75 41 32 0 64 33 78 75 79 88 99 38 53 57 36 25 83 89 68 27 75 25 90 60 62 79 57 48 
43 98 22 51 92 23 93 45 40 62 55 79 31 68 32 48 82 98 57 22 54 26 66 72 48 64 0 78 90 44 87 74 89 39 71 48 81 97 95 68 82 61 40 47 76 63 90 35 83 92 
22 54 94 94 80 66 43 72 72 75 37 40 25 30 67 29 71 90 92 64 52 96 21 75 42 33 78 0 56 50 52 34 33 87 83 70 92 52 67 45 31 34 33 58 28 88 45 54 97 90 
95 76 59 93 76 99 77 39 89 38 84 24 70 63 48 27 95 27 38 55 34 29 42 42 34 78 90 56 0 85 54 50 90 64 38 61 52 44 99 26 76 45 23 37 66 67 37 82 29 94 
27 27 26 98 82 97 64 46 89 79 20 77 42 70 73 80 83 28 94 50 33 21 29 99 23 75 44 50 85 0 67 75 54 89 64 40 59 80 27 92 44 55 51 88 34 32 29 55 91 48 
41 28 21 34 48 77 33 53 78 38 96 64 57 21 32 31 24 26 61 96 62 87 77 34 57 79 87 52 54 67 0 56 86 51 48 21 29 36 67 97 61 94 64 60 24 89 22 36 88 95 
54 36 33 37 87 91 42 31 67 40 65 66 97 34 24 67 37 85 77 20 59 49 73 28 33 88 74 34 50 75 56 0 94 91 77 71 82 96 87 36 65 97 84 20 35 22 62 28 79 40 
73 85 95 89 70 97 82 44 84 85 54 47 80 34 98 97 24 25 70 58 80 90 61 82 66 99 89 33 90 54 86 94 0 92 81 95 88 68 81 92 52 82 96 20 84 63 78 68 51 88 
63 57 50 43 21 93 80 63 47 85 69 27 78 59 71 32 91 87 38 85 44 44 47 53 38 38 39 87 64 89 51 91 92 0 46 20 41 42 74 94 45 55 90 49 88 72 91 88 68 79 
40 59 69 89 98 27 24 98 81 22 93 83 50 84 54 22 51 31 29 66 91 75 49 71 50 53 71 83 38 64 48 77 81 46 0 28 91 36 56 51 47 61 84 46 63 82 33 38 54 53 
95 44 72 63 61 52 69 53 35 55 28 73 90 42 20 29 39 26 36 43 87 48 87 67 22 57 48 70 61 40 21 71 95 20 28 0 73 86 47 81 52 49 35 45 93 57 46 99 71 60 
24 38 85 41 90 20 45 41 24 89 27 52 83 81 36 71 40 41 76 89 46 43 58 63 76 36 81 92 52 59 29 82 88 41 91 73 0 31 94 66 73 90 58 78 33 84 93 58 24 66 
28 86 58 96 87 64 46 53 48 86 64 61 80 31 49 28 75 23 26 55 88 54 97 30 92 25 97 52 44 80 36 96 68 42 36 86 31 0 43 42 34 63 87 67 66 88 61 67 62 53 
98 48 66 39 33 80 55 79 76 56 85 70 56 56 30 48 84 75 32 65 20 45 74 86 44 83 95 67 99 27 67 87 81 74 56 47 94 43 0 78 34 22 78 34 87 76 95 89 81 29 
73 52 65 26 78 89 27 46 79 40 24 87 58 65 41 51 87 63 68 57 41 89 99 61 43 89 68 45 26 92 97 36 92 94 51 81 66 42 78 0 98 45 83 93 88 55 26 89 67 34 
25 64 30 88 77 96 99 72 55 77 74 99 51 34 42 48 85 98 53 58 99 68 99 78 58 68 82 31 76 44 61 65 52 45 47 52 73 34 34 98 0 62 62 75 93 99 31 43 33 83 
52 28 34 62 21 91 29 59 83 68 40 33 89 48 44 73 68 59 36 74 61 49 87 98 75 27 61 34 45 55 94 97 82 55 61 49 90 63 22 45 62 0 83 71 82 81 93 93 91 36 
29 30 27 51 27 77 23 92 62 87 74 36 89 66 62 33 42 71 50 60 32 22 82 98 87 75 40 33 23 51 64 84 96 90 84 35 58 87 78 83 62 83 0 85 20 50 71 52 53 67 
45 76 92 87 81 27 68 69 99 25 34 96 24 54 50 20 58 87 78 24 49 71 88 21 95 25 47 58 37 88 60 20 20 49 46 45 78 67 34 93 75 71 85 0 57 61 21 96 94 54 
75 74 40 39 49 40 92 51 31 84 97 62 76 92 93 45 98 89 88 61 83 21 74 32 46 90 76 28 66 34 24 35 84 88 63 93 33 66 87 88 93 82 20 57 0 69 21 89 70 30 
30 49 45 27 39 34 86 30 47 56 78 90 40 94 25 41 81 43 41 76 96 43 59 35 81 60 63 88 67 32 89 22 63 72 82 57 84 88 76 55 99 81 50 61 69 0 33 68 32 28 
94 71 64 20 50 42 73 51 46 56 66 71 20 85 92 37 49 71 80 73 89 60 84 64 90 62 90 45 37 29 22 62 78 91 33 46 93 61 95 26 31 93 71 21 21 33 0 89 94 86 
40 43 58 66 34 26 81 52 66 49 24 74 38 60 34 82 40 38 96 96 31 26 76 55 47 79 35 54 82 55 36 28 68 88 38 99 58 67 89 89 43 93 52 96 89 68 89 0 30 31 
81 49 41 35 58 52 86 29 50 50 57 30 21 75 59 49 43 81 94 58 52 66 48 76 91 57 83 97 29 91 88 79 51 68 54 71 24 62 81 67 33 91 53 94 70 32 94 30 0 79 
51 88 96 99 90 52 99 50 81 88 63 52 28 27 30 95 43 29 70 40 85 30 88 30 53 48 92 90 94 48 95 40 88 79 53 60 66 53 29 34 83 36 67 54 30 28 86 31 79 0 

634.0 240.0 1 26
714.0 340.0 1 39
634.0 382.0 1 50
793.0 302.0 1 49
544.0 151.0 1 37
555.0 153.0 1 46
793.0 153.0 1 46
475.0 230.0 2 39
543.0 343.0 2 40
634.0 524.0 2 29
816.0 303.0 2 36
634.0 189.0 2 43
543.0 210.0 2 30
612.0 387.0 2 29
475.0 324.0 2 23
475.0 283.0 2 35
612.0 338.0 2 23
793.0 330.0 3 48
793.0 517.0 3 35
906.0 193.0 3 42
408.0 388.0 3 36
475.0 371.0 3 29
634.0 507.0 3 40
816.0 202.0 3 30
475.0 676.0 3 28
475.0 278.0 3 38
544.0 475.0 4 41
906.0 220.0 4 49
714.0 528.0 4 1
724.0 275.0 4 27
543.0 470.0 4 30
679.0 306.0 4 23
816.0 316.0 4 42
543.0 345.0 5 47
793.0 208.0 5 25
612.0 330.0 5 49
555.0 617.0 5 35
724.0 608.0 5 40
634.0 600.0 5 38
475.0 501.0 5 29
408.0 675.0 5 50
475.0 170.0 5 43
634.0 457.0 5 36
555.0 453.0 6 40
816.0 289.0 6 47
793.0 594.0 6 29
634.0 144.0 6 27
475.0 358.0 6 50
679.0 456.0 7 34
544.0 623.0 7 50
816.0 577.0 7 29
555.0 669.0 7 27
612.0 206.0 7 28
906.0 387.0 7 23
816.0 351.0 7 36
714.0 208.0 7 42
543.0 326.0 7 30
906.0 772.0 7 50
408.0 280.0 8 29
475.0 690.0 8 43
543.0 496.0 8 44
543.0 552.0 8 43
408.0 216.0 8 25
475.0 206.0 8 46
544.0 634.0 8 43
475.0 617.0 8 35
793.0 177.0 9 25
906.0 558.0 9 50
724.0 616.0 9 40
555.0 742.0 9 44
475.0 480.0 9 30
408.0 514.0 9 31
555.0 514.0 9 31
543.0 367.0 9 28
555.0 694.0 9 30
679.0 253.0 9 46
612.0 132.0 10 35
724.0 612.0 10 33
816.0 517.0 10 28
543.0 165.0 10 25
906.0 369.0 10 47
475.0 561.0 11 39
555.0 393.0 11 49
793.0 216.0 11 42
634.0 264.0 11 27
543.0 466.0 11 41
408.0 532.0 12 47
544.0 684.0 12 1
475.0 462.0 12 30
793.0 372.0 12 25
679.0 426.0 12 27
634.0 552.0 13 38
634.0 157.0 13 49
679.0 393.0 13 25
543.0 587.0 13 42
612.0 138.0 13 49
475.0 648.0 13 36
634.0 360.0 13 35
543.0 640.0 13 32
475.0 204.0 14 32
724.0 429.0 14 23
714.0 408.0 14 47
679.0 302.0 14 42
612.0 450.0 14 49
714.0 258.0 15 40
634.0 226.0 15 41
475.0 182.0 15 27
543.0 180.0 15 32
475.0 277.0 15 42
634.0 157.0 15 46
634.0 291.0 15 23
544.0 361.0 15 28
475.0 288.0 16 47
714.0 201.0 16 34
816.0 188.0 16 26
634.0 684.0 16 50
634.0 384.0 16 30
793.0 208.0 16 28
634.0 227.0 16 43
724.0 351.0 16 45
408.0 330.0 16 23
634.0 534.0 17 46
679.0 418.0 17 27
543.0 136.0 17 33
555.0 486.0 17 46
816.0 436.0 17 34
544.0 252.0 17 48
634.0 192.0 17 48
555.0 100.0 17 26
555.0 115.0 17 31
475.0 403.0 17 39
724.0 417.0 18 34
475.0 532.0 18 47
634.0 213.0 18 35
724.0 198.0 18 1
793.0 165.0 18 33
555.0 151.0 18 38
906.0 172.0 18 33
408.0 270.0 19 46
634.0 330.0 19 43
816.0 182.0 19 35
543.0 220.0 19 39
714.0 535.0 19 30
634.0 365.0 20 33
612.0 420.0 20 45
475.0 475.0 20 35
475.0 640.0 20 37
724.0 427.0 20 23
612.0 390.0 20 39
816.0 286.0 20 25
408.0 348.0 20 33
555.0 362.0 21 26
544.0 241.0 21 48
408.0 597.0 21 45
475.0 340.0 21 1
634.0 340.0 21 27
555.0 102.0 21 39
906.0 307.0 21 40
906.0 259.0 22 38
408.0 224.0 22 34
544.0 367.0 22 32
555.0 360.0 22 35
408.0 322.0 22 37
816.0 163.0 22 45
544.0 404.0 22 44
555.0 547.0 23 32
612.0 382.0 23 37
408.0 338.0 23 34
634.0 360.0 23 49
475.0 347.0 23 33
475.0 540.0 23 26
714.0 442.0 23 46
408.0 502.0 23 25
475.0 480.0 24 47
724.0 487.0 24 25
793.0 588.0 24 43
714.0 189.0 24 38
543.0 478.0 24 49
906.0 396.0 24 37
714.0 561.0 24 41
612.0 132.0 24 44
816.0 374.0 24 41
634.0 504.0 24 30
793.0 145.0 25 36
634.0 192.0 25 26
793.0 435.0 25 41
793.0 230.0 25 26
679.0 239.0 25 34
793.0 455.0 25 33
544.0 349.0 25 50
714.0 413.0 25 46
475.0 574.0 25 43
634.0 428.0 26 41
634.0 585.0 26 29
906.0 560.0 26 40
612.0 248.0 26 37
906.0 473.0 26 39
906.0 402.0 26 31
714.0 772.0 26 33
634.0 255.0 26 1
634.0 585.0 26 23
612.0 675.0 26 45
724.0 367.0 27 40
816.0 421.0 27 32
816.0 590.0 27 41
906.0 501.0 27 45
612.0 415.0 27 23
543.0 374.0 27 25
634.0 343.0 27 30
612.0 592.0 27 45
793.0 501.0 28 46
475.0 252.0 28 25
475.0 193.0 28 45
555.0 421.0 28 48
906.0 207.0 28 33
475.0 397.0 29 26
793.0 324.0 29 31
634.0 171.0 29 40
408.0 266.0 29 44
475.0 388.0 29 31
555.0 220.0 30 46
714.0 202.0 30 39
475.0 462.0 30 31
544.0 249.0 30 46
793.0 633.0 30 44
475.0 585.0 30 32
475.0 472.0 30 32
816.0 375.0 30 28
714.0 422.0 30 44
475.0 226.0 30 23
634.0 442.0 31 39
475.0 614.0 31 46
714.0 249.0 31 28
475.0 183.0 31 48
543.0 132.0 31 36
724.0 352.0 31 32
408.0 611.0 31 40
544.0 522.0 31 27
634.0 374.0 31 35
408.0 582.0 32 42
475.0 362.0 32 36
634.0 682.0 32 34
724.0 125.0 32 46
634.0 403.0 32 43
555.0 262.0 32 45
714.0 479.0 32 33
634.0 678.0 32 39
816.0 620.0 33 32
724.0 492.0 33 42
816.0 504.0 33 26
906.0 604.0 33 43
634.0 481.0 33 1
679.0 418.0 33 42
543.0 418.0 33 42
634.0 501.0 34 48
634.0 285.0 34 25
475.0 530.0 34 49
816.0 382.0 34 31
714.0 326.0 34 49
816.0 282.0 34 23
816.0 289.0 34 35
475.0 267.0 34 23
475.0 366.0 35 42
793.0 442.0 35 46
612.0 655.0 35 43
475.0 273.0 35 29
679.0 244.0 35 40
714.0 413.0 35 33
543.0 260.0 35 40
612.0 390.0 35 25
906.0 264.0 35 23
793.0 418.0 35 46
543.0 569.0 36 37
544.0 273.0 36 27
679.0 220.0 36 47
634.0 530.0 36 45
555.0 192.0 36 30
816.0 338.0 36 39
408.0 510.0 36 40
724.0 289.0 36 47
634.0 225.0 36 39
543.0 626.0 36 23
906.0 115.0 37 1
475.0 376.0 37 50
475.0 620.0 37 39
679.0 682.0 37 35
408.0 514.0 37 40
724.0 165.0 37 49
475.0 316.0 37 40
714.0 252.0 38 34
634.0 634.0 38 25
634.0 462.0 38 44
543.0 237.0 38 29
475.0 501.0 38 46
408.0 552.0 38 27
724.0 402.0 38 47
793.0 421.0 39 34
714.0 564.0 39 37
408.0 513.0 39 47
679.0 158.0 39 42
544.0 399.0 39 34
475.0 462.0 39 31
816.0 163.0 39 44
679.0 712.0 39 29
724.0 410.0 39 46
793.0 646.0 40 41
679.0 264.0 40 38
612.0 502.0 40 44
475.0 315.0 40 38
679.0 475.0 40 23
612.0 475.0 40 23
634.0 214.0 40 50
612.0 530.0 40 27
475.0 717.0 40 33
475.0 534.0 40 48
724.0 343.0 41 36
906.0 390.0 41 33
612.0 183.0 41 39
679.0 183.0 41 38
714.0 372.0 41 42
555.0 541.0 42 45
612.0 507.0 42 31
714.0 243.0 42 40
475.0 226.0 42 50
906.0 234.0 42 28
408.0 396.0 42 34
475.0 280.0 42 34
543.0 621.0 42 37
816.0 144.0 43 45
408.0 482.0 43 50
475.0 217.0 43 28
816.0 241.0 43 36
555.0 158.0 43 29
475.0 538.0 43 39
475.0 257.0 43 28
679.0 468.0 43 39
544.0 442.0 43 50
714.0 239.0 44 27
793.0 220.0 44 35
816.0 517.0 44 41
634.0 172.0 44 26
634.0 468.0 44 42
543.0 347.0 44 46
634.0 528.0 44 23
555.0 686.0 44 23
543.0 376.0 45 29
634.0 590.0 45 42
714.0 580.0 45 34
543.0 675.0 45 26
679.0 417.0 45 39
634.0 165.0 45 31
724.0 541.0 45 42
714.0 686.0 45 40
555.0 712.0 46 41
714.0 216.0 46 1
634.0 351.0 46 45
475.0 592.0 46 39
793.0 507.0 46 31
816.0 288.0 46 26
555.0 456.0 47 39
679.0 119.0 47 45
475.0 641.0 47 42
555.0 163.0 47 44
555.0 107.0 47 45
408.0 176.0 47 41
543.0 191.0 47 30
816.0 186.0 47 41
544.0 534.0 48 47
475.0 178.0 48 27
906.0 507.0 48 47
634.0 467.0 48 29
724.0 297.0 48 30
634.0 600.0 49 30
408.0 580.0 49 31
543.0 489.0 49 36
544.0 547.0 49 27
679.0 583.0 49 1
714.0 423.0 49 27
679.0 669.0 49 28
816.0 237.0 49 41
679.0 156.0 49 29
555.0 648.0 50 28
816.0 259.0 50 42
544.0 230.0 50 30
634.0 622.0 50 41
475.0 381.0 50 35

0 27 147 204 190 32 18 33 28 68 33 130 26 135 134 54 75 192 64 42 63 51 36 75 116 0 99 81 74 133 145 131 14 133 40 27 41 142 61 157 56 226 160 50 26 31 39 138 59 178 
0 27 147 204 190 32 18 33 28 68 33 130 26 135 134 54 75 192 64 42 63 51 36 75 116 246 99 81 74 133 145 131 14 133 40 27 41 142 0 157 56 226 160 50 26 31 39 138 59 178 
0 27 147 204 190 32 18 33 28 68 33 130 26 135 134 54 75 192 64 42 63 51 36 75 116 246 99 81 74 133 145 131 14 133 40 27 41 142 61 157 56 226 160 50 26 31 39 138 59 0 
0 27 147 204 190 32 18 33 28 68 33 130 26 135 134 54 75 192 64 42 63 51 36 75 116 246 99 81 74 133 145 131 14 133 40 27 41 142 61 157 56 226 160 50 26 31 39 138 0 178 
0 27 147 204 190 32 18 33 28 68 33 130 26 135 134 54 75 192 64 42 63 51 36 75 116 246 99 81 74 133 145 131 14 133 40 27 0 142 61 157 56 226 160 50 26 31 39 138 59 178 
0 27 147 204 190 32 18 33 28 68 33 130 26 135 134 54 75 192 64 42 63 51 36 75 116 246 99 81 74 133 145 131 14 133 40 27 41 142 61 157 56 226 160 50 26 0 39 138 59 178 
0 27 147 204 190 32 18 33 28 68 33 130 26 135 134 54 75 192 64 42 63 51 36 75 116 246 99 81 74 133 145 131 14 133 40 27 41 142 61 157 56 226 160 50 26 0 39 138 59 178 
27 0 104 110 112 263 286 39 22 41 102 75 26 249 105 54 122 81 256 114 278 204 63 145 70 277 67 208 94 51 113 103 151 231 64 46 63 88 0 225 29 42 180 46 24 315 202 68 48 130 
27 0 104 110 112 263 286 39 22 41 102 75 26 249 105 54 122 81 256 114 278 204 63 145 70 277 67 208 94 51 113 103 151 231 64 46 63 88 239 0 29 42 180 46 24 315 202 68 48 130 
27 0 104 110 112 263 286 39 22 41 102 75 26 249 105 54 122 81 256 114 278 204 63 145 70 277 67 208 0 51 113 103 151 231 64 46 63 88 239 225 29 42 180 46 24 315 202 68 48 130 
27 0 104 110 112 263 286 39 22 41 102 75 26 249 105 54 122 81 256 114 278 204 63 145 70 277 67 208 94 51 113 103 151 231 64 0 63 88 239 225 29 42 180 46 24 315 202 68 48 130 
27 0 104 110 112 263 286 39 22 41 102 75 26 249 105 54 122 81 256 114 278 204 63 145 70 277 67 208 94 51 113 103 151 231 64 46 63 88 239 225 29 42 0 46 24 315 202 68 48 130 
27 0 104 110 112 263 286 39 22 41 102 75 26 249 105 54 122 81 256 114 278 204 63 145 70 277 67 208 94 0 113 103 151 231 64 46 63 88 239 225 29 42 180 46 24 315 202 68 48 130 
27 0 104 110 112 263 286 39 22 41 102 75 26 249 105 54 122 81 256 114 278 204 63 145 70 277 67 208 0 51 113 103 151 231 64 46 63 88 239 225 29 42 180 46 24 315 202 68 48 130 
27 0 104 110 112 263 286 39 22 41 102 75 26 249 105 54 122 81 256 114 278 204 0 145 70 277 67 208 94 51 113 103 151 231 64 46 63 88 239 225 29 42 180 46 24 315 202 68 48 130 
27 0 104 110 112 263 286 39 22 41 102 75 26 249 105 54 122 81 256 114 278 204 63 145 70 277 67 208 94 51 113 103 151 231 0 46 63 88 239 225 29 42 180 46 24 315 202 68 48 130 
27 0 104 110 112 263 286 39 22 41 102 75 26 249 105 54 122 81 256 114 278 204 0 145 70 277 67 208 94 51 113 103 151 231 64 46 63 88 239 225 29 42 180 46 24 315 202 68 48 130 
53 26 0 58 115 67 52 61 102 108 180 48 247 224 390 67 174 78 184 67 309 214 181 61 103 51 276 104 58 48 385 106 64 264 71 72 79 358 114 76 359 111 109 26 180 47 34 0 42 36 
53 26 0 58 115 67 52 61 102 108 180 48 247 224 390 67 174 78 184 67 309 214 181 61 103 51 276 104 58 48 385 106 64 264 0 72 79 358 114 76 359 111 109 26 180 47 34 40 42 36 
53 26 0 58 115 67 52 61 102 108 180 48 247 224 390 67 174 78 184 67 309 214 181 61 103 51 276 104 58 48 385 106 64 264 71 72 79 358 114 76 359 0 109 26 180 47 34 40 42 36 
53 26 0 58 115 67 52 61 102 108 180 48 247 224 390 67 174 78 184 67 309 214 181 61 103 51 276 104 58 48 385 106 64 264 71 0 79 358 114 76 359 111 109 26 180 47 34 40 42 36 
53 26 0 58 115 67 52 61 102 108 180 48 247 224 390 67 174 78 184 67 309 214 181 61 103 51 276 104 0 48 385 106 64 264 71 72 79 358 114 76 359 111 109 26 180 47 34 40 42 36 
53 26 0 58 115 67 52 61 102 108 180 48 247 224 390 67 174 78 184 67 309 214 181 61 103 51 276 104 58 48 385 106 64 264 71 72 79 358 114 0 359 111 109 26 180 47 34 40 42 36 
53 26 0 58 115 67 52 61 102 108 180 48 247 224 390 67 174 78 184 67 309 214 181 61 103 51 276 104 58 0 385 106 64 264 71 72 79 358 114 76 359 111 109 26 180 47 34 40 42 36 
53 26 0 58 115 67 52 61 102 108 180 48 247 224 390 67 174 78 184 67 309 214 181 61 103 51 276 0 58 48 385 106 64 264 71 72 79 358 114 76 359 111 109 26 180 47 34 40 42 36 
53 26 0 58 115 67 52 61 102 108 180 48 247 224 390 67 174 78 184 67 309 214 181 61 103 51 276 104 58 48 385 106 64 264 71 72 79 0 114 76 359 111 109 26 180 47 34 40 42 36 
74 27 14 0 46 186 229 50 98 192 153 152 120 45 131 304 81 38 84 23 106 68 58 73 68 107 292 28 59 100 192 281 117 41 65 19 175 88 115 96 0 29 278 33 63 40 57 106 63 23 
74 27 14 0 46 186 229 50 98 192 153 152 120 45 131 304 81 38 84 23 106 68 58 73 68 107 292 28 59 100 192 281 117 41 65 19 175 88 115 96 75 29 278 33 63 40 57 106 0 23 
0 27 14 0 46 186 229 50 98 192 153 152 120 45 131 304 81 38 84 23 106 68 58 73 68 107 292 28 59 100 192 281 117 41 65 19 175 88 115 96 75 29 278 33 63 40 57 106 63 23 
74 27 14 0 46 186 229 50 98 192 153 152 120 45 131 304 81 38 84 23 106 68 58 73 68 107 0 28 59 100 192 281 117 41 65 19 175 88 115 96 75 29 278 33 63 40 57 106 63 23 
74 27 14 0 46 186 229 50 98 192 153 152 120 45 131 304 81 38 84 23 106 68 58 73 68 107 292 28 59 0 192 281 117 41 65 19 175 88 115 96 75 29 278 33 63 40 57 106 63 23 
74 27 14 0 46 186 229 50 98 192 153 152 120 45 131 304 81 38 84 23 106 68 0 73 68 107 292 28 59 100 192 281 117 41 65 19 175 88 115 96 75 29 278 33 63 40 57 106 63 23 
74 27 14 0 46 186 229 50 98 192 153 152 120 45 131 304 81 38 84 23 106 68 58 73 68 107 292 28 59 100 192 281 117 41 65 19 175 88 115 96 75 0 278 33 63 40 57 106 63 23 
127 337 172 23 0 138 35 65 65 43 39 48 133 132 176 184 229 167 71 72 86 35 93 57 104 116 48 69 46 76 51 76 33 43 87 29 27 147 63 49 117 299 234 55 84 65 0 135 64 77 
127 337 172 23 0 138 35 65 65 43 39 48 133 132 176 184 229 167 71 72 86 35 93 57 0 116 48 69 46 76 51 76 33 43 87 29 27 147 63 49 117 299 234 55 84 65 404 135 64 77 
127 337 172 23 0 138 35 65 65 43 39 48 133 132 176 184 229 167 71 72 86 35 93 57 104 116 48 69 46 76 51 76 33 43 87 29 27 147 63 49 117 299 234 55 84 65 404 135 0 77 
127 337 172 23 0 138 35 65 65 43 39 48 133 132 176 184 229 167 71 72 86 35 93 57 104 116 48 69 46 76 51 76 33 43 0 29 27 147 63 49 117 299 234 55 84 65 404 135 64 77 
127 337 172 23 0 138 35 65 65 43 39 48 133 132 176 184 229 167 71 72 86 35 93 57 104 116 48 69 46 76 51 76 33 43 87 29 27 147 63 0 117 299 234 55 84 65 404 135 64 77 
127 337 172 23 0 138 35 65 65 43 39 48 133 132 176 184 229 167 71 72 86 35 93 57 104 116 48 69 46 76 51 76 33 43 87 29 27 0 63 49 117 299 234 55 84 65 404 135 64 77 
127 337 172 23 0 138 35 65 65 43 39 48 133 132 176 184 229 167 71 72 86 35 93 57 104 116 48 69 0 76 51 76 33 43 87 29 27 147 63 49 117 299 234 55 84 65 404 135 64 77 
127 337 172 23 0 138 35 65 65 43 39 48 133 132 176 184 229 167 71 72 86 35 93 57 104 116 48 69 46 76 51 76 33 43 87 29 27 147 63 49 117 299 234 55 84 65 404 135 64 0 
127 337 172 23 0 138 35 65 65 43 39 48 133 132 176 184 229 167 71 72 86 35 93 57 104 116 48 69 46 76 51 76 33 43 87 29 27 147 63 49 117 299 0 55 84 65 404 135 64 77 
127 337 172 23 0 138 35 65 65 43 39 48 133 132 176 184 229 167 71 72 86 35 93 57 104 116 48 69 46 76 51 76 33 43 87 0 27 147 63 49 117 299 234 55 84 65 404 135 64 77 
206 131 203 124 138 0 330 37 208 279 211 45 263 101 185 63 17 37 411 21 126 38 251 223 161 93 201 107 26 154 15 49 50 63 116 163 69 31 66 0 68 24 90 157 67 224 68 176 333 123 
206 131 203 124 138 0 330 37 208 279 211 45 263 101 185 63 17 37 411 21 126 38 251 223 161 93 201 107 26 154 15 49 50 63 116 163 69 31 66 36 68 24 90 157 67 224 0 176 333 123 
206 131 203 124 138 0 330 37 208 279 211 45 263 101 185 63 17 37 411 21 126 38 251 223 161 93 201 107 0 154 15 49 50 63 116 163 69 31 66 36 68 24 90 157 67 224 68 176 333 123 
206 131 203 124 138 0 330 37 208 279 211 45 263 101 185 63 17 37 411 21 126 38 251 223 161 93 0 107 26 154 15 49 50 63 116 163 69 31 66 36 68 24 90 157 67 224 68 176 333 123 
206 131 203 124 138 0 330 37 208 279 211 45 263 101 185 63 17 37 411 21 126 38 251 223 161 93 201 107 26 154 15 49 50 63 116 163 69 31 66 36 68 24 90 157 67 224 68 176 333 0 
75 47 157 229 35 110 0 123 29 26 39 127 54 67 374 25 51 34 101 202 78 192 32 44 122 64 64 278 90 87 181 286 17 0 185 112 262 116 51 54 86 280 250 32 91 178 30 152 21 10 
75 47 157 229 35 110 0 123 29 26 39 127 54 67 374 25 51 34 101 202 78 192 32 44 122 64 64 278 90 87 181 286 17 69 185 112 262 116 51 54 86 280 250 32 91 178 30 152 21 0 
75 47 157 229 35 110 0 123 29 26 39 127 54 67 374 25 51 34 101 202 78 192 32 44 122 64 64 278 0 87 181 286 17 69 185 112 262 116 51 54 86 280 250 32 91 178 30 152 21 10 
75 47 157 229 35 110 0 123 29 26 39 127 54 67 374 25 51 34 101 202 78 192 32 44 122 64 0 278 90 87 181 286 17 69 185 112 262 116 51 54 86 280 250 32 91 178 30 152 21 10 
75 47 157 229 35 110 0 123 29 26 39 127 54 67 374 25 51 34 101 202 78 192 32 44 122 64 64 0 90 87 181 286 17 69 185 112 262 116 51 54 86 280 250 32 91 178 30 152 21 10 
75 47 157 229 35 110 0 123 29 26 39 127 54 67 374 25 51 34 101 202 78 192 0 44 122 64 64 278 90 87 181 286 17 69 185 112 262 116 51 54 86 280 250 32 91 178 30 152 21 10 
75 47 157 229 35 110 0 123 29 26 39 127 54 67 374 25 51 34 101 202 78 192 32 44 122 64 64 278 90 87 181 286 17 69 185 0 262 116 51 54 86 280 250 32 91 178 30 152 21 10 
75 47 157 229 35 110 0 123 29 26 39 127 54 67 374 25 51 34 101 202 78 192 32 44 122 64 64 278 90 87 181 286 17 69 185 112 262 116 51 54 86 0 250 32 91 178 30 152 21 10 
75 47 157 229 35 110 0 123 29 26 39 127 54 67 374 25 51 34 101 202 78 192 32 44 122 64 64 278 90 0 181 286 17 69 185 112 262 116 51 54 86 280 250 32 91 178 30 152 21 10 
75 47 157 229 35 110 0 123 29 26 39 127 54 67 374 25 51 34 101 202 78 192 32 44 122 64 64 278 90 87 181 286 17 69 185 112 262 116 51 54 86 280 250 32 91 178 30 152 21 0 
217 19 247 25 65 37 123 0 229 152 204 53 149 108 261 78 159 243 64 53 102 196 115 77 331 314 226 47 0 274 403 60 199 111 128 263 64 49 100 67 106 92 197 24 301 39 52 48 85 288 
217 19 247 25 65 37 123 0 229 152 204 53 149 108 261 78 159 243 64 53 102 196 115 77 331 314 226 47 351 274 403 60 199 111 128 263 64 49 100 67 106 92 0 24 301 39 52 48 85 288 
217 19 247 25 65 37 123 0 229 152 204 53 149 108 261 78 159 243 64 53 102 196 115 77 331 314 226 47 351 274 403 60 199 111 128 263 64 49 100 67 106 92 197 0 301 39 52 48 85 288 
217 19 247 25 65 37 123 0 229 152 204 53 149 108 261 78 159 243 64 53 102 196 115 77 331 314 226 47 351 274 403 60 199 111 128 263 64 49 100 67 106 92 0 24 301 39 52 48 85 288 
217 19 247 25 65 37 123 0 229 152 204 53 149 108 261 78 159 243 64 53 102 196 115 77 0 314 226 47 351 274 403 60 199 111 128 263 64 49 100 67 106 92 197 24 301 39 52 48 85 288 
217 19 247 25 65 37 123 0 229 152 204 53 149 108 261 78 159 243 64 53 102 196 115 77 331 314 226 47 351 274 403 60 199 111 128 263 64 49 100 67 106 92 197 24 301 0 52 48 85 288 
217 19 247 25 65 37 123 0 229 152 204 53 149 108 261 78 159 243 64 53 102 196 115 77 331 314 226 47 351 274 403 60 199 111 128 263 64 49 100 67 106 92 0 24 301 39 52 48 85 288 
217 19 247 25 65 37 123 0 229 152 204 53 149 108 261 78 159 243 64 53 102 196 115 77 331 314 226 47 351 274 403 60 199 111 0 263 64 49 100 67 106 92 197 24 301 39 52 48 85 288 
170 22 25 197 32 208 58 229 0 92 111 195 347 314 405 67 190 322 224 150 417 197 73 197 0 241 113 172 60 132 201 93 22 61 19 50 253 49 43 24 397 14 104 137 65 125 325 64 63 59 
170 22 25 197 32 208 58 229 0 92 111 195 347 314 405 67 190 322 224 150 417 197 73 197 256 241 113 172 60 132 201 93 22 61 19 50 253 49 43 24 397 14 104 137 65 125 325 64 63 0 
170 22 25 197 32 208 58 229 0 92 111 195 347 314 405 67 190 322 224 150 417 197 73 197 256 241 113 172 60 132 201 93 22 61 19 50 253 49 43 0 397 14 104 137 65 125 325 64 63 59 
170 22 25 197 32 208 58 229 0 92 111 195 347 314 405 67 190 322 224 150 417 197 73 197 256 241 113 172 60 132 201 93 22 61 19 50 253 49 43 24 397 14 104 0 65 125 325 64 63 59 
170 22 25 197 32 208 58 229 0 92 111 195 347 314 405 67 190 322 224 150 417 197 73 197 256 241 113 172 60 0 201 93 22 61 19 50 253 49 43 24 397 14 104 137 65 125 325 64 63 59 
170 22 25 197 32 208 58 229 0 92 111 195 347 314 405 67 190 322 224 150 417 197 73 197 256 241 113 172 60 132 0 93 22 61 19 50 253 49 43 24 397 14 104 137 65 125 325 64 63 59 
170 22 25 197 32 208 58 229 0 92 111 195 347 314 405 67 190 322 224 150 417 197 73 197 256 241 113 172 60 132 0 93 22 61 19 50 253 49 43 24 397 14 104 137 65 125 325 64 63 59 
170 22 25 197 32 208 58 229 0 92 111 195 347 314 405 67 190 322 224 150 417 197 73 197 256 241 113 0 60 132 201 93 22 61 19 50 253 49 43 24 397 14 104 137 65 125 325 64 63 59 
170 22 25 197 32 208 58 229 0 92 111 195 347 314 405 67 190 322 224 150 417 197 73 197 256 241 113 172 60 0 201 93 22 61 19 50 253 49 43 24 397 14 104 137 65 125 325 64 63 59 
170 22 25 197 32 208 58 229 0 92 111 195 347 314 405 67 190 322 224 150 417 197 73 197 256 241 113 172 60 132 201 93 22 61 19 50 253 49 43 24 397 14 104 137 65 0 325 64 63 59 
184 20 324 96 258 139 53 228 92 0 92 44 85 33 415 130 90 233 64 43 31 32 136 20 408 264 165 28 262 24 169 117 46 76 0 223 40 59 397 69 156 135 15 120 63 221 313 127 108 33 
184 20 324 96 258 139 53 228 92 0 92 44 85 33 415 130 90 233 64 43 31 32 136 20 408 264 165 28 262 24 169 117 0 76 68 223 40 59 397 69 156 135 15 120 63 221 313 127 108 33 
184 20 324 96 258 139 53 228 92 0 92 44 85 33 415 130 90 233 64 43 31 32 136 20 408 264 165 0 262 24 169 117 46 76 68 223 40 59 397 69 156 135 15 120 63 221 313 127 108 33 
184 20 324 96 258 139 53 228 92 0 92 44 85 33 415 130 90 233 64 43 31 32 136 20 0 264 165 28 262 24 169 117 46 76 68 223 40 59 397 69 156 135 15 120 63 221 313 127 108 33 
184 20 324 96 258 139 53 228 92 0 92 44 85 33 415 130 90 233 64 43 31 32 136 20 408 264 165 28 262 24 169 117 46 76 68 223 40 59 397 69 156 135 15 120 63 221 0 127 108 33 
326 153 90 38 19 70 79 68 111 184 0 160 60 83 63 104 113 30 24 139 76 261 221 139 15 16 272 244 112 236 63 191 66 45 76 169 124 60 0 116 117 267 56 414 226 133 30 388 52 139 
326 153 90 38 19 70 79 68 111 184 0 160 60 83 63 104 113 30 24 139 76 261 221 139 15 16 272 244 112 236 63 191 66 45 76 169 124 60 45 116 117 267 56 414 226 133 30 388 0 139 
326 153 90 38 19 70 79 68 111 184 0 160 60 83 63 104 113 30 24 139 76 261 221 139 15 16 272 244 112 236 63 191 66 45 76 169 124 60 45 116 117 0 56 414 226 133 30 388 52 139 
326 153 90 38 19 70 79 68 111 184 0 160 60 83 63 104 113 30 24 139 76 261 221 139 15 16 0 244 112 236 63 191 66 45 76 169 124 60 45 116 117 267 56 414 226 133 30 388 52 139 
326 153 90 38 19 70 79 68 111 184 0 160 60 83 63 104 113 30 24 139 76 261 221 139 15 16 272 244 112 236 63 191 66 45 76 169 124 60 45 116 0 267 56 414 226 133 30 388 52 139 
136 37 72 76 146 67 190 320 130 44 160 0 56 43 100 50 44 381 180 62 62 222 79 124 124 141 166 116 379 157 80 106 194 247 132 37 124 100 27 193 165 57 230 23 134 111 0 168 191 139 
0 37 72 76 146 67 190 320 130 44 160 0 56 43 100 50 44 381 180 62 62 222 79 124 124 141 166 116 379 157 80 106 194 247 132 37 124 100 27 193 165 57 230 23 134 111 133 168 191 139 
136 37 72 76 146 67 190 320 130 44 160 0 56 43 100 50 44 381 180 62 62 222 79 124 124 141 166 116 379 0 80 106 194 247 132 37 124 100 27 193 165 57 230 23 134 111 133 168 191 139 
136 37 72 76 146 67 190 320 130 44 160 0 56 43 100 50 44 381 180 62 62 222 79 124 0 141 166 116 379 157 80 106 194 247 132 37 124 100 27 193 165 57 230 23 134 111 133 168 191 139 
