50 380 4

0 467 172 504 298 579 237 272 336 447 461 316 348 468 121 473 227 597 594 447 530 205 146 450 111 334 504 557 137 357 123 522 515 288 449 525 595 250 306 332 328 245 436 288 494 122 293 418 270 428 
467 0 492 549 579 379 230 447 139 281 441 191 520 280 295 455 266 252 316 140 565 358 466 456 381 111 171 286 186 566 242 248 487 174 515 578 523 436 347 579 106 551 239 534 242 559 126 500 497 576 
172 492 0 391 200 380 521 382 128 287 293 594 587 540 414 348 448 218 400 539 438 501 237 471 437 192 555 480 382 132 272 288 511 548 410 101 514 215 170 214 200 417 348 202 122 139 480 519 524 282 
504 549 391 0 584 256 295 171 506 500 229 588 586 292 430 301 121 392 162 140 153 463 582 183 569 226 565 421 263 166 252 279 437 426 530 121 582 399 379 338 179 363 175 580 187 521 155 258 135 539 
298 579 200 584 0 239 187 450 336 235 112 253 165 257 106 451 418 109 349 501 342 181 150 417 335 130 416 512 412 339 167 566 501 177 474 294 101 424 358 108 448 374 420 516 597 298 204 583 235 409 
579 379 380 256 239 0 189 204 215 253 565 357 440 161 457 461 367 369 297 448 595 375 142 522 342 400 250 132 383 235 310 256 356 555 267 220 592 131 254 518 548 542 290 475 398 312 132 250 167 414 
237 230 521 295 187 189 0 566 204 152 118 182 315 218 127 541 252 226 513 360 230 254 512 351 484 393 503 389 543 559 544 556 474 146 419 558 579 466 260 194 519 167 502 457 141 548 506 216 207 112 
272 447 382 171 450 204 566 0 169 310 110 521 541 220 554 302 371 513 567 450 383 481 594 339 341 358 223 230 245 173 500 240 462 131 419 481 515 340 510 197 234 533 164 319 543 154 411 504 217 271 
336 139 128 506 336 215 204 169 0 133 150 220 272 472 278 387 221 148 283 236 431 563 595 175 269 367 145 524 319 404 273 265 221 468 322 440 369 550 418 446 186 315 279 574 377 388 169 144 102 136 
447 281 287 500 235 253 152 310 133 0 515 329 521 357 448 200 595 384 404 536 487 314 561 370 561 146 396 378 338 508 436 501 483 567 224 256 432 228 258 582 458 141 260 325 173 477 124 211 292 305 
461 441 293 229 112 565 118 110 150 515 0 377 311 518 435 388 105 241 106 161 440 571 119 578 243 173 383 542 461 481 363 512 330 440 113 319 322 472 408 538 441 316 475 269 553 114 371 307 593 182 
316 191 594 588 253 357 182 521 220 329 377 0 192 403 310 361 554 205 368 585 413 430 494 404 298 216 147 417 181 388 282 210 401 523 565 580 371 496 250 278 507 336 347 356 535 440 216 484 354 500 
348 520 587 586 165 440 315 541 272 521 311 192 0 231 382 502 145 188 118 363 545 315 344 477 271 168 507 248 553 449 316 115 122 210 393 422 257 182 166 565 229 202 452 426 123 365 561 190 142 308 
468 280 540 292 257 161 218 220 472 357 518 403 231 0 277 230 547 411 426 105 119 147 336 382 542 358 311 344 502 158 161 304 121 223 289 380 550 537 526 119 227 362 290 217 364 148 402 253 570 362 
121 295 414 430 106 457 127 554 278 448 435 310 382 277 0 367 297 286 138 495 254 478 448 418 242 386 377 180 442 553 354 460 526 239 116 292 412 527 225 540 407 362 470 321 546 278 389 170 137 370 
473 455 348 301 451 461 541 302 387 200 388 361 502 230 367 0 530 585 417 199 570 488 257 368 451 136 380 343 203 520 573 247 222 543 145 259 259 579 256 493 233 218 533 432 368 327 488 528 136 559 
227 266 448 121 418 367 252 371 221 595 105 554 145 547 297 530 0 530 267 448 174 172 361 332 480 429 465 593 572 510 599 157 516 495 544 572 388 176 408 349 298 477 199 131 499 272 455 169 287 346 
597 252 218 392 109 369 226 513 148 384 241 205 188 411 286 585 530 0 389 368 563 233 304 520 236 161 435 453 473 293 379 517 185 301 148 355 527 223 501 258 219 198 268 337 434 479 357 563 211 195 
594 316 400 162 349 297 513 567 283 404 106 368 118 426 138 417 267 389 0 590 120 180 179 447 387 468 164 443 506 158 202 559 432 372 292 349 393 315 164 530 353 390 261 510 395 491 131 476 100 389 
447 140 539 140 501 448 360 450 236 536 161 585 363 105 495 199 448 368 590 0 400 548 149 412 405 424 522 295 259 399 273 596 193 175 427 307 103 579 438 373 385 353 540 180 237 593 192 295 342 113 
530 565 438 153 342 595 230 383 431 487 440 413 545 119 254 570 174 563 120 400 0 535 246 270 125 438 212 409 500 399 223 386 270 538 467 333 358 363 252 158 112 573 176 332 387 193 483 111 125 469 
205 358 501 463 181 375 254 481 563 314 571 430 315 147 478 488 172 233 180 548 535 0 581 461 463 452 515 240 408 132 576 557 163 484 143 156 189 144 578 216 201 571 369 566 546 427 473 190 483 143 
146 466 237 582 150 142 512 594 595 561 119 494 344 336 448 257 361 304 179 149 246 581 0 472 406 470 170 453 280 276 184 463 435 334 139 331 218 472 508 283 429 322 296 453 397 272 467 524 210 368 
450 456 471 183 417 522 351 339 175 370 578 404 477 382 418 368 332 520 447 412 270 461 472 0 392 307 115 576 414 532 287 541 322 501 315 202 117 285 529 258 375 317 292 525 475 403 590 303 186 361 
111 381 437 569 335 342 484 341 269 561 243 298 271 542 242 451 480 236 387 405 125 463 406 392 0 239 535 539 315 395 319 339 199 231 393 186 393 548 445 158 338 346 242 349 523 533 376 491 227 247 
334 111 192 226 130 400 393 358 367 146 173 216 168 358 386 136 429 161 468 424 438 452 470 307 239 0 260 438 399 458 256 385 106 507 553 295 536 108 141 233 304 338 343 424 201 584 427 594 127 341 
504 171 555 565 416 250 503 223 145 396 383 147 507 311 377 380 465 435 164 522 212 515 170 115 535 260 0 200 391 491 276 540 299 281 243 386 423 359 457 195 566 575 474 431 215 386 341 328 441 267 
557 286 480 421 512 132 389 230 524 378 542 417 248 344 180 343 593 453 443 295 409 240 453 576 539 438 200 0 436 262 158 366 216 514 117 474 344 492 203 591 157 555 569 210 576 407 300 563 400 438 
137 186 382 263 412 383 543 245 319 338 461 181 553 502 442 203 572 473 506 259 500 408 280 414 315 399 391 436 0 317 180 238 297 200 328 287 200 352 587 369 437 402 522 586 254 332 203 522 333 357 
357 566 132 166 339 235 559 173 404 508 481 388 449 158 553 520 510 293 158 399 399 132 276 532 395 458 491 262 317 0 482 253 588 219 283 302 154 312 343 490 156 101 574 432 171 264 284 441 327 190 
123 242 272 252 167 310 544 500 273 436 363 282 316 161 354 573 599 379 202 273 223 576 184 287 319 256 276 158 180 482 0 257 265 402 103 596 442 343 299 491 313 152 413 580 587 323 149 135 532 184 
522 248 288 279 566 256 556 240 265 501 512 210 115 304 460 247 157 517 559 596 386 557 463 541 339 385 540 366 238 253 257 0 163 591 444 462 315 349 416 413 489 553 420 499 115 448 207 239 453 299 
515 487 511 437 501 356 474 462 221 483 330 401 122 121 526 222 516 185 432 193 270 163 435 322 199 106 299 216 297 588 265 163 0 479 213 345 513 443 437 111 124 159 136 505 142 116 157 289 572 273 
288 174 548 426 177 555 146 131 468 567 440 523 210 223 239 543 495 301 372 175 538 484 334 501 231 507 281 514 200 219 402 591 479 0 230 283 252 450 370 234 315 291 379 154 173 409 457 312 185 441 
449 515 410 530 474 267 419 419 322 224 113 565 393 289 116 145 544 148 292 427 467 143 139 315 393 553 243 117 328 283 103 444 213 230 0 365 323 370 222 492 148 364 290 492 273 398 376 417 550 528 
525 578 101 121 294 220 558 481 440 256 319 580 422 380 292 259 572 355 349 307 333 156 331 202 186 295 386 474 287 302 596 462 345 283 365 0 241 306 144 260 134 459 311 121 490 504 492 292 261 543 
595 523 514 582 101 592 579 515 369 432 322 371 257 550 412 259 388 527 393 103 358 189 218 117 393 536 423 344 200 154 442 315 513 252 323 241 0 244 297 269 286 225 170 408 481 267 515 459 142 229 
250 436 215 399 424 131 466 340 550 228 472 496 182 537 527 579 176 223 315 579 363 144 472 285 548 108 359 492 352 312 343 349 443 450 370 306 244 0 188 498 572 370 152 337 537 443 348 271 184 461 
306 347 170 379 358 254 260 510 418 258 408 250 166 526 225 256 408 501 164 438 252 578 508 529 445 141 457 203 587 343 299 416 437 370 222 144 297 188 0 465 550 360 144 436 129 179 282 170 562 525 
332 579 214 338 108 518 194 197 446 582 538 278 565 119 540 493 349 258 530 373 158 216 283 258 158 233 195 591 369 490 491 413 111 234 492 260 269 498 465 0 594 536 478 343 268 245 186 562 403 155 
328 106 200 179 448 548 519 234 186 458 441 507 229 227 407 233 298 219 353 385 112 201 429 375 338 304 566 157 437 156 313 489 124 315 148 134 286 572 550 594 0 376 385 574 348 397 360 200 269 111 
245 551 417 363 374 542 167 533 315 141 316 336 202 362 362 218 477 198 390 353 573 571 322 317 346 338 575 555 402 101 152 553 159 291 364 459 225 370 360 536 376 0 589 450 542 410 121 363 209 519 
436 239 348 175 420 290 502 164 279 260 475 347 452 290 470 533 199 268 261 540 176 369 296 292 242 343 474 569 522 574 413 420 136 379 290 311 170 152 144 478 385 589 0 167 281 262 480 516 467 220 
288 534 202 580 516 475 457 319 574 325 269 356 426 217 321 432 131 337 510 180 332 566 453 525 349 424 431 210 586 432 580 499 505 154 492 121 408 337 436 343 574 450 167 0 436 387 443 562 424 417 
494 242 122 187 597 398 141 543 377 173 553 535 123 364 546 368 499 434 395 237 387 546 397 475 523 201 215 576 254 171 587 115 142 173 273 490 481 537 129 268 348 542 281 436 0 457 229 539 429 281 
122 559 139 521 298 312 548 154 388 477 114 440 365 148 278 327 272 479 491 593 193 427 272 403 533 584 386 407 332 264 323 448 116 409 398 504 267 443 179 245 397 410 262 387 457 0 449 319 102 330 
293 126 480 155 204 132 506 411 169 124 371 216 561 402 389 488 455 357 131 192 483 473 467 590 376 427 341 300 203 284 149 207 157 457 376 492 515 348 282 186 360 121 480 443 229 449 0 138 565 501 
418 500 519 258 583 250 216 504 144 211 307 484 190 253 170 528 169 563 476 295 111 190 524 303 491 594 328 563 522 441 135 239 289 312 417 292 459 271 170 562 200 363 516 562 539 319 138 0 200 424 
270 497 524 135 235 167 207 217 102 292 593 354 142 570 137 136 287 211 100 342 125 483 210 186 227 127 441 400 333 327 532 453 572 185 550 261 142 184 562 403 269 209 467 424 429 102 565 200 0 599 
428 576 282 539 409 414 112 271 136 305 182 500 308 362 370 559 346 195 389 113 469 143 368 361 247 341 267 438 357 190 184 299 273 441 528 543 229 461 525 155 111 519 220 417 281 330 501 424 599 0 

0 93 87 64 41 68 86 68 81 56 70 97 72 62 48 74 93 33 95 40 33 42 68 62 58 73 34 97 88 56 66 94 91 98 95 44 37 52 50 32 70 89 81 76 34 98 92 82 74 45 
93 0 89 54 89 53 62 96 94 31 57 91 44 45 80 37 84 87 31 33 31 41 53 71 39 57 61 67 42 79 65 33 84 64 63 51 47 47 93 75 72 79 70 56 67 93 40 54 94 65 
87 89 0 34 87 81 45 99 32 36 53 52 96 36 73 74 77 89 94 51 74 42 31 35 56 44 32 31 97 40 86 97 73 68 85 97 66 41 48 53 72 30 82 50 54 39 62 61 96 54 
64 54 34 0 84 69 37 36 76 47 76 60 38 69 71 50 75 71 67 81 98 92 69 96 80 30 87 98 65 69 40 57 52 88 95 64 36 37 32 47 31 91 78 57 62 36 96 57 84 77 
41 89 87 84 0 34 43 45 55 85 80 66 58 31 87 79 74 62 60 62 80 35 49 57 69 34 53 93 82 46 92 67 33 76 99 50 88 78 35 40 43 82 34 66 88 65 40 48 37 42 
68 53 81 69 34 0 81 96 73 72 90 74 52 95 35 74 58 32 76 52 97 80 36 89 79 71 98 45 62 79 70 48 96 56 47 31 62 35 89 75 94 70 56 94 30 74 75 82 81 69 
86 62 45 37 43 81 0 76 92 86 62 63 82 49 77 84 41 38 84 66 72 47 38 42 82 61 50 31 73 85 76 48 93 43 37 91 43 98 48 46 78 40 92 87 35 99 86 54 52 91 
68 96 99 36 45 96 76 0 93 35 60 63 52 70 62 50 95 80 63 95 85 95 35 93 50 56 58 69 45 32 59 64 51 77 55 85 93 37 76 99 47 41 73 34 95 76 34 60 78 89 
81 94 32 76 55 73 92 93 0 91 95 78 75 41 70 42 46 89 56 53 77 72 44 35 85 83 40 63 81 76 44 50 90 39 45 89 55 82 99 67 81 59 89 49 74 46 31 78 69 81 
56 31 36 47 85 72 86 35 91 0 40 59 63 82 78 88 45 71 61 37 97 84 45 43 72 57 94 52 58 73 89 51 66 39 80 54 87 92 56 56 71 58 30 40 48 68 38 54 79 41 
70 57 53 76 80 90 62 60 95 40 0 73 39 98 79 94 80 54 53 72 61 31 79 32 89 42 52 71 86 40 61 51 58 81 95 90 85 50 75 42 85 96 73 47 31 70 80 95 71 60 
97 91 52 60 66 74 63 63 78 59 73 0 32 85 81 63 62 40 81 42 33 79 62 33 60 38 71 98 44 98 65 62 50 68 43 66 83 93 64 86 96 40 43 36 46 71 44 63 77 90 
72 44 96 38 58 52 82 52 75 63 39 32 0 33 78 84 99 32 96 38 69 49 74 51 60 73 91 80 91 47 43 71 80 92 37 60 49 75 65 77 87 51 77 87 36 44 91 61 34 91 
62 45 36 69 31 95 49 70 41 82 98 85 33 0 40 82 47 33 57 96 31 46 98 39 47 37 34 87 43 46 53 77 71 95 43 79 91 57 46 95 68 84 75 61 31 77 70 70 72 33 
48 80 73 71 87 35 77 62 70 78 79 81 78 40 0 43 37 40 43 83 84 86 75 75 81 89 39 99 38 46 75 54 72 42 76 77 54 64 93 74 95 36 79 73 43 30 49 50 98 33 
74 37 74 50 79 74 84 50 42 88 94 63 84 82 43 0 89 77 61 42 86 42 93 87 95 80 34 34 68 49 88 84 60 94 95 60 34 33 43 50 64 79 73 35 80 84 77 90 83 33 
93 84 77 75 74 58 41 95 46 45 80 62 99 47 37 89 0 67 79 86 72 48 53 39 35 94 71 36 62 99 64 32 88 55 32 52 76 82 96 44 85 98 73 65 86 60 86 59 45 94 
33 87 89 71 62 32 38 80 89 71 54 40 32 33 40 77 67 0 36 77 99 45 84 73 64 33 77 51 49 91 63 53 56 93 63 49 51 67 34 97 68 85 88 54 81 99 51 30 72 51 
95 31 94 67 60 76 84 63 56 61 53 81 96 57 43 61 79 36 0 81 97 77 46 51 67 58 92 51 48 71 46 57 85 90 68 35 31 60 90 31 82 84 48 92 85 79 68 94 37 89 
40 33 51 81 62 52 66 95 53 37 72 42 38 96 83 42 86 77 81 0 85 70 84 83 78 43 96 70 46 81 32 90 65 57 65 93 64 46 81 57 92 76 38 48 59 84 31 62 43 78 
33 31 74 98 80 97 72 85 77 97 61 33 69 31 84 86 72 99 97 85 0 44 40 37 35 96 31 85 53 91 36 36 57 91 34 49 92 50 54 84 38 47 41 57 92 71 83 47 66 84 
42 41 42 92 35 80 47 95 72 84 31 79 49 46 86 42 48 45 77 70 44 0 44 83 67 87 54 76 72 96 33 66 75 89 69 44 95 69 49 40 97 82 91 44 47 58 61 66 66 72 
68 53 31 69 49 36 38 35 44 45 79 62 74 98 75 93 53 84 46 84 40 44 0 77 85 36 36 59 72 58 41 86 91 65 66 83 67 42 57 64 63 67 99 92 33 71 63 83 41 64 
62 71 35 96 57 89 42 93 35 43 32 33 51 39 75 87 39 73 51 83 37 83 77 0 70 99 55 31 37 41 70 49 44 70 57 66 63 46 79 81 48 78 95 85 70 41 83 84 39 33 
58 39 56 80 69 79 82 50 85 72 89 60 60 47 81 95 35 64 67 78 35 67 85 70 0 33 72 36 65 33 57 97 79 35 90 31 56 43 37 99 68 84 56 96 53 35 68 62 30 66 
73 57 44 30 34 71 61 56 83 57 42 38 73 37 89 80 94 33 58 43 96 87 36 99 33 0 85 75 81 80 57 61 76 74 87 32 43 47 58 51 99 44 33 87 48 79 82 53 77 44 
34 61 32 87 53 98 50 58 40 94 52 71 91 34 39 34 71 77 92 96 31 54 36 55 72 85 0 81 56 68 78 64 59 55 72 95 43 75 47 68 47 34 43 48 83 76 55 49 30 81 
97 67 31 98 93 45 31 69 63 52 71 98 80 87 99 34 36 51 51 70 85 76 59 31 36 75 81 0 98 41 87 70 59 96 64 67 63 90 55 34 37 67 34 76 47 38 70 95 66 84 
88 42 97 65 82 62 73 45 81 58 86 44 91 43 38 68 62 49 48 46 53 72 72 37 65 81 56 98 0 51 67 70 87 43 67 69 82 91 42 99 97 65 71 39 79 53 84 98 88 52 
56 79 40 69 46 79 85 32 76 73 40 98 47 46 46 49 99 91 71 81 91 96 58 41 33 80 68 41 51 0 35 61 39 91 75 49 41 51 76 53 94 95 51 89 59 99 42 32 97 85 
66 65 86 40 92 70 76 59 44 89 61 65 43 53 75 88 64 63 46 32 36 33 41 70 57 57 78 87 67 35 0 68 75 62 80 95 86 77 56 92 40 31 30 56 42 39 37 76 66 64 
94 33 97 57 67 48 48 64 50 51 51 62 71 77 54 84 32 53 57 90 36 66 86 49 97 61 64 70 70 61 68 0 31 71 83 58 37 95 58 95 40 82 66 75 71 45 82 75 45 47 
91 84 73 52 33 96 93 51 90 66 58 50 80 71 72 60 88 56 85 65 57 75 91 44 79 76 59 59 87 39 75 31 0 58 86 61 92 53 54 97 30 99 47 54 54 54 34 60 89 45 
98 64 68 88 76 56 43 77 39 39 81 68 92 95 42 94 55 93 90 57 91 89 65 70 35 74 55 96 43 91 62 71 58 0 71 81 39 77 81 93 76 37 34 53 40 44 90 76 74 58 
95 63 85 95 99 47 37 55 45 80 95 43 37 43 76 95 32 63 68 65 34 69 66 57 90 87 72 64 67 75 80 83 86 71 0 51 69 78 95 42 37 47 96 41 50 85 47 44 90 76 
44 51 97 64 50 31 91 85 89 54 90 66 60 79 77 60 52 49 35 93 49 44 83 66 31 32 95 67 69 49 95 58 61 81 51 0 50 90 77 67 38 30 38 71 44 60 54 67 57 46 
37 47 66 36 88 62 43 93 55 87 85 83 49 91 54 34 76 51 31 64 92 95 67 63 56 43 43 63 82 41 86 37 92 39 69 50 0 60 84 44 66 95 76 34 55 53 68 42 87 50 
52 47 41 37 78 35 98 37 82 92 50 93 75 57 64 33 82 67 60 46 50 69 42 46 43 47 75 90 91 51 77 95 53 77 78 90 60 0 71 33 96 60 71 69 97 43 66 89 57 43 
50 93 48 32 35 89 48 76 99 56 75 64 65 46 93 43 96 34 90 81 54 49 57 79 37 58 47 55 42 76 56 58 54 81 95 77 84 71 0 30 30 50 86 57 96 36 40 54 99 59 
32 75 53 47 40 75 46 99 67 56 42 86 77 95 74 50 44 97 31 57 84 40 64 81 99 51 68 34 99 53 92 95 97 93 42 67 44 33 30 0 51 63 96 72 30 83 79 69 70 71 
70 72 72 31 43 94 78 47 81 71 85 96 87 68 95 64 85 68 82 92 38 97 63 48 68 99 47 37 97 94 40 40 30 76 37 38 66 96 30 51 0 43 87 39 73 65 54 41 52 48 
89 79 30 91 82 70 40 41 59 58 96 40 51 84 36 79 98 85 84 76 47 82 67 78 84 44 34 67 65 95 31 82 99 37 47 30 95 60 50 63 43 0 57 53 59 93 95 65 72 57 
81 70 82 78 34 56 92 73 89 30 73 43 77 75 79 73 73 88 48 38 41 91 99 95 56 33 43 34 71 51 30 66 47 34 96 38 76 71 86 96 87 57 0 39 96 81 43 74 47 49 
76 56 50 57 66 94 87 34 49 40 47 36 87 61 73 35 65 54 92 48 57 44 92 85 96 87 48 76 39 89 56 75 54 53 41 71 34 69 57 72 39 53 39 0 75 57 61 57 52 79 
34 67 54 62 88 30 35 95 74 48 31 46 36 31 43 80 86 81 85 59 92 47 33 70 53 48 83 47 79 59 42 71 54 40 50 44 55 97 96 30 73 59 96 75 0 89 63 71 76 56 
98 93 39 36 65 74 99 76 46 68 70 71 44 77 30 84 60 99 79 84 71 58 71 41 35 79 76 38 53 99 39 45 54 44 85 60 53 43 36 83 65 93 81 57 89 0 82 81 84 34 
92 40 62 96 40 75 86 34 31 38 80 44 91 70 49 77 86 51 68 31 83 61 63 83 68 82 55 70 84 42 37 82 34 90 47 54 68 66 40 79 54 95 43 61 63 82 0 67 77 43 
82 54 61 57 48 82 54 60 78 54 95 63 61 70 50 90 59 30 94 62 47 66 83 84 62 53 49 95 98 32 76 75 60 76 44 67 42 89 54 69 41 65 74 57 71 81 67 0 63 84 
74 94 96 84 37 81 52 78 69 79 71 77 34 72 98 83 45 72 37 43 66 66 41 39 30 77 30 66 88 97 66 45 89 74 90 57 87 57 99 70 52 72 47 52 76 84 77 63 0 87 
45 65 54 77 42 69 91 89 81 41 60 90 91 33 33 33 94 51 89 78 84 72 64 33 66 44 81 84 52 85 64 47 45 58 76 46 50 43 59 71 48 57 49 79 56 34 43 84 87 0 

902.0 480.0 1 4
474.0 300.0 1 24
473.0 530.0 1 35
474.0 510.0 1 35
812.0 277.0 1 50
710.0 210.0 1 37
710.0 564.0 2 9
710.0 450.0 2 46
609.0 604.0 2 46
609.0 302.0 2 24
406.0 187.0 2 25
541.0 239.0 2 37
541.0 316.0 2 43
541.0 388.0 2 41
789.0 285.0 2 10
710.0 558.0 2 46
474.0 384.0 2 19
609.0 204.0 3 28
632.0 416.0 3 26
789.0 248.0 3 14
676.0 270.0 3 40
541.0 495.0 3 1
902.0 548.0 3 10
721.0 259.0 3 45
553.0 359.0 4 32
541.0 562.0 4 21
473.0 270.0 4 45
406.0 428.0 4 14
789.0 592.0 4 11
541.0 307.0 4 48
406.0 324.0 4 10
541.0 434.0 5 25
676.0 686.0 5 45
541.0 653.0 5 35
676.0 360.0 5 19
541.0 667.0 5 2
541.0 235.0 5 23
710.0 306.0 5 19
710.0 221.0 5 1
676.0 648.0 6 11
632.0 403.0 6 34
541.0 534.0 6 22
631.0 346.0 6 1
541.0 489.0 6 1
789.0 518.0 6 46
474.0 474.0 6 20
541.0 331.0 6 50
553.0 667.0 6 24
631.0 390.0 6 1
721.0 352.0 6 48
789.0 709.0 7 36
406.0 364.0 7 35
710.0 289.0 7 40
609.0 577.0 7 15
473.0 396.0 7 20
609.0 345.0 7 21
710.0 516.0 7 45
474.0 712.0 8 20
609.0 239.0 8 41
789.0 641.0 8 37
812.0 598.0 8 17
541.0 183.0 8 40
902.0 168.0 8 10
721.0 182.0 8 50
632.0 489.0 8 41
789.0 182.0 8 45
474.0 570.0 8 45
474.0 387.0 9 30
553.0 410.0 9 14
812.0 195.0 9 14
902.0 538.0 9 50
721.0 199.0 9 24
473.0 468.0 10 15
541.0 580.0 10 16
710.0 205.0 10 48
710.0 587.0 10 19
474.0 216.0 10 20
710.0 329.0 10 19
553.0 369.0 10 40
902.0 407.0 10 35
632.0 396.0 10 19
789.0 315.0 11 38
631.0 568.0 11 15
473.0 275.0 11 46
631.0 374.0 11 25
473.0 420.0 11 46
553.0 478.0 11 45
541.0 333.0 11 3
902.0 558.0 11 48
541.0 249.0 12 13
812.0 237.0 12 22
789.0 491.0 12 35
902.0 383.0 12 45
812.0 360.0 12 25
631.0 342.0 12 41
474.0 359.0 12 14
541.0 316.0 12 11
609.0 522.0 12 37
541.0 432.0 12 7
541.0 296.0 13 8
632.0 183.0 13 45
812.0 561.0 13 15
812.0 432.0 13 45
474.0 485.0 13 40
632.0 562.0 13 15
541.0 262.0 13 20
631.0 262.0 13 7
631.0 402.0 13 48
902.0 275.0 13 15
676.0 438.0 13 43
553.0 324.0 14 38
632.0 405.0 14 43
812.0 577.0 14 46
474.0 409.0 14 1
473.0 421.0 15 32
473.0 262.0 15 11
553.0 235.0 15 24
631.0 562.0 15 41
474.0 172.0 15 41
541.0 188.0 15 50
406.0 598.0 15 41
609.0 207.0 15 50
631.0 453.0 15 21
474.0 441.0 16 41
902.0 220.0 16 44
541.0 576.0 16 26
473.0 554.0 16 7
473.0 235.0 16 35
406.0 676.0 16 40
710.0 686.0 16 10
676.0 438.0 16 43
473.0 438.0 16 50
631.0 655.0 16 25
721.0 501.0 16 10
553.0 460.0 16 41
902.0 302.0 17 22
541.0 343.0 17 36
541.0 450.0 17 46
789.0 297.0 17 10
676.0 587.0 17 43
632.0 772.0 17 15
541.0 534.0 18 21
721.0 302.0 18 33
609.0 448.0 18 43
406.0 229.0 18 22
473.0 247.0 18 26
609.0 189.0 18 48
406.0 178.0 18 1
902.0 228.0 18 15
541.0 438.0 18 40
812.0 662.0 19 13
676.0 612.0 19 45
902.0 351.0 19 24
541.0 329.0 19 25
541.0 270.0 19 24
609.0 216.0 20 1
812.0 446.0 20 36
632.0 163.0 20 7
902.0 260.0 20 3
541.0 220.0 20 10
789.0 600.0 20 43
676.0 199.0 20 10
541.0 631.0 20 7
553.0 275.0 21 39
553.0 408.0 21 15
812.0 267.0 21 48
631.0 232.0 21 14
631.0 561.0 21 7
676.0 183.0 21 3
812.0 178.0 21 1
474.0 211.0 21 22
812.0 518.0 21 45
631.0 317.0 22 14
789.0 573.0 22 43
789.0 189.0 22 5
541.0 498.0 22 24
473.0 217.0 22 11
406.0 421.0 23 13
541.0 277.0 23 22
541.0 554.0 23 24
721.0 196.0 23 20
676.0 313.0 23 41
631.0 472.0 23 15
541.0 507.0 23 43
676.0 361.0 23 40
541.0 397.0 24 13
553.0 245.0 24 19
721.0 280.0 24 45
676.0 489.0 24 2
473.0 522.0 24 50
632.0 408.0 24 2
541.0 214.0 24 7
406.0 772.0 24 26
710.0 209.0 24 46
474.0 415.0 24 37
474.0 507.0 25 11
541.0 627.0 25 16
553.0 241.0 25 21
541.0 318.0 25 45
902.0 316.0 25 50
710.0 356.0 25 50
474.0 469.0 25 41
553.0 448.0 25 20
789.0 207.0 26 18
632.0 590.0 26 40
473.0 253.0 26 46
902.0 417.0 26 35
631.0 420.0 27 2
473.0 249.0 27 48
789.0 183.0 27 1
541.0 216.0 27 9
541.0 398.0 27 45
473.0 206.0 27 37
676.0 326.0 27 40
632.0 457.0 27 2
474.0 491.0 27 21
632.0 230.0 27 3
710.0 302.0 27 19
474.0 351.0 28 8
676.0 495.0 28 25
631.0 433.0 28 20
902.0 529.0 28 43
553.0 336.0 28 25
789.0 617.0 28 43
676.0 482.0 29 31
631.0 604.0 29 7
789.0 297.0 29 43
632.0 259.0 29 19
812.0 343.0 29 43
474.0 313.0 29 10
541.0 331.0 29 11
631.0 264.0 30 11
710.0 612.0 30 7
553.0 607.0 30 20
474.0 282.0 30 13
541.0 273.0 30 2
789.0 402.0 30 14
676.0 187.0 30 7
474.0 306.0 30 25
553.0 627.0 30 2
473.0 414.0 30 41
721.0 403.0 31 17
473.0 540.0 31 11
676.0 292.0 31 11
541.0 300.0 31 48
406.0 484.0 31 25
812.0 525.0 31 21
474.0 442.0 32 47
902.0 337.0 32 46
812.0 393.0 32 19
812.0 288.0 32 37
553.0 330.0 32 50
632.0 290.0 32 11
632.0 448.0 32 15
541.0 698.0 32 3
721.0 232.0 33 32
676.0 312.0 33 20
676.0 340.0 33 46
710.0 554.0 33 2
553.0 604.0 33 21
789.0 330.0 34 50
789.0 518.0 34 28
553.0 409.0 34 10
812.0 399.0 34 24
721.0 547.0 34 19
474.0 168.0 34 25
474.0 372.0 34 48
789.0 717.0 34 11
721.0 381.0 34 3
541.0 307.0 34 20
553.0 315.0 35 45
609.0 712.0 35 16
632.0 421.0 35 37
541.0 336.0 35 10
710.0 612.0 36 8
474.0 404.0 36 24
710.0 336.0 36 24
902.0 264.0 36 21
721.0 421.0 36 46
406.0 410.0 36 41
609.0 484.0 37 11
812.0 309.0 37 26
541.0 384.0 37 20
406.0 232.0 37 26
789.0 660.0 37 5
789.0 324.0 37 2
541.0 240.0 38 11
721.0 502.0 38 12
541.0 330.0 38 21
902.0 513.0 38 3
406.0 405.0 39 48
474.0 288.0 39 47
473.0 192.0 39 46
474.0 502.0 39 15
609.0 289.0 39 14
406.0 421.0 39 48
474.0 192.0 40 5
812.0 570.0 40 14
474.0 727.0 40 21
406.0 447.0 40 50
631.0 422.0 40 37
710.0 295.0 41 48
406.0 705.0 41 6
789.0 712.0 41 15
789.0 748.0 41 15
721.0 592.0 41 40
710.0 213.0 41 14
710.0 469.0 41 43
473.0 361.0 42 28
473.0 489.0 42 11
789.0 162.0 42 14
789.0 442.0 42 35
553.0 587.0 42 1
710.0 365.0 42 10
541.0 554.0 42 25
789.0 399.0 43 2
631.0 394.0 43 17
406.0 350.0 43 11
632.0 374.0 43 40
406.0 294.0 43 50
631.0 232.0 43 3
789.0 394.0 43 11
812.0 683.0 43 46
609.0 198.0 44 29
632.0 264.0 44 22
406.0 514.0 44 15
473.0 678.0 44 7
541.0 255.0 44 35
812.0 318.0 44 46
406.0 496.0 44 19
473.0 427.0 44 21
474.0 360.0 44 20
609.0 356.0 44 35
632.0 269.0 44 43
721.0 475.0 44 14
902.0 647.0 45 27
406.0 669.0 45 46
541.0 158.0 45 14
721.0 442.0 45 1
473.0 223.0 45 11
710.0 413.0 46 37
541.0 331.0 46 5
812.0 303.0 46 45
632.0 224.0 46 21
812.0 534.0 46 10
812.0 245.0 46 3
812.0 243.0 46 24
631.0 417.0 46 22
473.0 453.0 47 23
710.0 491.0 47 45
902.0 405.0 47 21
541.0 402.0 47 25
609.0 547.0 47 3
631.0 415.0 47 43
902.0 378.0 47 10
710.0 645.0 47 24
474.0 491.0 47 21
631.0 409.0 48 42
789.0 162.0 48 41
721.0 324.0 48 20
553.0 441.0 48 14
406.0 319.0 48 41
541.0 488.0 49 34
676.0 694.0 49 11
406.0 626.0 49 37
553.0 456.0 49 45
789.0 390.0 49 50
541.0 229.0 49 37
406.0 162.0 49 25
474.0 514.0 49 19
541.0 372.0 49 1
609.0 522.0 49 37
710.0 270.0 50 1
789.0 415.0 50 25
609.0 324.0 50 11
473.0 405.0 50 29
812.0 253.0 50 35
710.0 564.0 50 37
789.0 554.0 50 48
541.0 529.0 50 48

0 467 172 0 227 288 237 272 300 386 236 316 348 270 121 340 227 336 259 295 236 205 146 410 111 334 316 281 137 304 123 375 238 288 226 273 328 250 301 269 328 245 353 288 294 122 272 258 224 307 
0 467 172 348 227 288 237 272 300 386 236 316 348 270 121 340 227 336 259 295 236 205 146 410 111 334 316 281 137 304 123 375 238 288 226 273 328 250 0 269 328 245 353 288 294 122 272 258 224 307 
0 467 172 348 227 288 237 272 300 386 236 316 348 270 121 0 227 336 259 295 236 205 146 410 111 334 316 281 137 304 123 375 238 288 226 273 328 250 301 269 328 245 353 288 294 122 272 258 224 307 
0 467 172 348 227 288 237 272 300 386 236 316 348 270 121 340 227 336 259 295 236 205 146 410 111 334 316 281 137 304 123 375 0 288 226 273 328 250 301 269 328 245 353 288 294 122 272 258 224 307 
0 467 172 348 227 288 237 272 300 386 236 316 348 270 121 340 227 336 259 295 236 205 146 410 111 334 316 281 137 304 123 375 238 288 226 0 328 250 301 269 328 245 353 288 294 122 272 258 224 307 
0 467 172 348 227 288 237 272 300 386 236 316 348 270 121 340 227 336 259 295 236 205 146 410 111 334 316 281 137 304 123 375 238 288 226 273 0 250 301 269 328 245 353 288 294 122 272 258 224 307 
467 0 492 549 579 379 230 447 0 281 441 191 520 280 295 455 266 252 316 140 565 358 466 456 381 111 171 286 186 566 242 248 487 174 515 578 523 436 347 579 106 551 239 534 242 559 126 500 497 576 
467 0 492 549 579 379 230 447 139 281 441 191 520 280 295 455 266 252 316 140 565 358 466 456 381 111 171 286 186 0 242 248 487 174 515 578 523 436 347 579 106 551 239 534 242 559 126 500 497 576 
467 0 492 549 579 379 230 447 139 281 441 191 520 280 295 455 0 252 316 140 565 358 466 456 381 111 171 286 186 566 242 248 487 174 515 578 523 436 347 579 106 551 239 534 242 559 126 500 497 576 
467 0 492 549 579 379 230 447 139 281 441 191 520 280 295 455 266 252 316 140 565 358 466 456 381 111 171 286 186 566 242 248 487 174 515 578 523 436 347 579 106 551 239 0 242 559 126 500 497 576 
467 0 492 549 579 379 230 447 139 281 441 191 520 280 295 455 266 252 316 140 565 358 466 456 0 111 171 286 186 566 242 248 487 174 515 578 523 436 347 579 106 551 239 534 242 559 126 500 497 576 
467 0 492 549 579 379 230 447 139 281 441 191 520 280 295 455 266 252 316 140 565 358 466 456 381 111 171 286 186 566 242 248 487 174 515 578 0 436 347 579 106 551 239 534 242 559 126 500 497 576 
467 0 492 549 579 379 230 447 139 281 441 191 0 280 295 455 266 252 316 140 565 358 466 456 381 111 171 286 186 566 242 248 487 174 515 578 523 436 347 579 106 551 239 534 242 559 126 500 497 576 
467 0 492 549 579 379 230 447 139 281 441 191 520 280 295 455 266 252 316 140 565 358 466 456 381 111 171 286 186 566 242 248 487 174 515 578 523 436 347 579 0 551 239 534 242 559 126 500 497 576 
467 0 492 549 579 379 230 447 139 281 441 191 520 280 295 455 266 252 316 140 565 358 466 456 381 111 171 286 186 566 242 248 487 174 515 578 523 436 347 579 106 551 239 0 242 559 126 500 497 576 
467 0 492 549 579 379 230 447 139 281 441 191 520 280 295 455 266 252 316 140 565 358 466 456 381 111 171 286 186 566 242 248 487 174 515 578 523 436 347 579 106 551 239 534 242 0 126 500 497 576 
467 0 492 549 579 379 230 447 139 281 441 191 520 280 295 455 266 252 316 140 565 358 466 456 381 111 171 286 186 566 242 248 487 0 515 578 523 436 347 579 106 551 239 534 242 559 126 500 497 576 
172 492 0 391 200 380 521 382 128 287 293 594 587 540 414 348 448 218 400 539 438 501 237 471 437 192 555 0 382 132 272 288 511 548 410 101 514 215 170 214 200 417 348 202 122 139 480 519 524 282 
172 492 0 391 200 380 521 382 128 287 293 594 587 540 414 348 448 218 400 539 438 501 237 471 437 192 555 480 382 132 272 288 0 548 410 101 514 215 170 214 200 417 348 202 122 139 480 519 524 282 
172 492 0 391 200 380 521 382 128 287 293 594 587 0 414 348 448 218 400 539 438 501 237 471 437 192 555 480 382 132 272 288 511 548 410 101 514 215 170 214 200 417 348 202 122 139 480 519 524 282 
172 492 0 391 200 380 521 382 128 287 293 594 587 540 414 348 448 218 400 539 438 501 237 471 437 192 555 480 382 132 272 288 511 548 410 101 514 215 170 0 200 417 348 202 122 139 480 519 524 282 
0 492 0 391 200 380 521 382 128 287 293 594 587 540 414 348 448 218 400 539 438 501 237 471 437 192 555 480 382 132 272 288 511 548 410 101 514 215 170 214 200 417 348 202 122 139 480 519 524 282 
172 492 0 391 0 380 521 382 128 287 293 594 587 540 414 348 448 218 400 539 438 501 237 471 437 192 555 480 382 132 272 288 511 548 410 101 514 215 170 214 200 417 348 202 122 139 480 519 524 282 
172 492 0 391 200 380 521 382 128 287 293 594 587 540 414 348 448 218 400 539 438 501 237 471 437 192 555 480 382 132 272 288 511 548 410 101 514 215 170 214 200 417 348 202 0 139 480 519 524 282 
504 549 391 0 584 256 295 171 506 500 229 588 586 292 430 301 121 392 162 140 153 463 582 183 569 226 565 421 263 166 252 0 437 426 530 121 582 399 379 338 179 363 175 580 187 521 155 258 135 539 
504 549 391 0 584 256 295 171 506 500 229 588 586 292 430 301 0 392 162 140 153 463 582 183 569 226 565 421 263 166 252 279 437 426 530 121 582 399 379 338 179 363 175 580 187 521 155 258 135 539 
504 549 391 0 584 256 295 171 506 500 229 588 586 292 430 0 121 392 162 140 153 463 582 183 569 226 565 421 263 166 252 279 437 426 530 121 582 399 379 338 179 363 175 580 187 521 155 258 135 539 
504 549 391 0 584 256 295 171 506 500 229 588 586 292 430 301 121 392 162 140 153 463 582 183 569 226 565 421 263 166 252 279 437 426 530 121 582 399 379 338 179 363 175 580 187 521 155 258 0 539 
504 549 391 0 584 256 295 171 506 500 0 588 586 292 430 301 121 392 162 140 153 463 582 183 569 226 565 421 263 166 252 279 437 426 530 121 582 399 379 338 179 363 175 580 187 521 155 258 135 539 
504 549 391 0 584 256 295 171 506 500 229 588 586 292 430 301 121 392 162 140 153 463 582 183 569 226 565 421 263 166 252 279 437 426 530 121 582 399 379 338 179 363 175 580 187 521 155 0 135 539 
504 549 391 0 584 256 295 171 506 0 229 588 586 292 430 301 121 392 162 140 153 463 582 183 569 226 565 421 263 166 252 279 437 426 530 121 582 399 379 338 179 363 175 580 187 521 155 258 135 539 
298 579 200 584 0 239 187 450 336 235 112 253 165 257 106 451 418 109 349 501 342 181 150 417 0 130 416 512 412 339 167 566 501 177 474 294 101 424 358 108 448 374 420 516 597 298 204 583 235 409 
298 579 200 584 0 239 187 450 336 235 112 253 165 257 106 451 418 109 349 501 342 181 150 417 335 130 416 512 412 339 167 566 501 177 474 294 101 424 358 108 448 374 420 516 0 298 204 583 235 409 
298 579 200 584 0 239 187 450 336 235 112 253 165 257 106 451 418 109 349 501 342 181 150 417 335 130 416 512 412 339 167 566 501 177 0 294 101 424 358 108 448 374 420 516 597 298 204 583 235 409 
298 579 200 584 0 239 187 450 336 235 112 253 165 257 106 451 418 109 0 501 342 181 150 417 335 130 416 512 412 339 167 566 501 177 474 294 101 424 358 108 448 374 420 516 597 298 204 583 235 409 
298 0 200 584 0 239 187 450 336 235 112 253 165 257 106 451 418 109 349 501 342 181 150 417 335 130 416 512 412 339 167 566 501 177 474 294 101 424 358 108 448 374 420 516 597 298 204 583 235 409 
298 579 200 584 0 239 187 450 336 235 112 253 165 257 106 451 418 109 349 501 342 181 0 417 335 130 416 512 412 339 167 566 501 177 474 294 101 424 358 108 448 374 420 516 597 298 204 583 235 409 
298 579 200 584 0 239 187 450 336 235 112 253 165 257 106 451 418 109 0 501 342 181 150 417 335 130 416 512 412 339 167 566 501 177 474 294 101 424 358 108 448 374 420 516 597 298 204 583 235 409 
0 579 200 584 0 239 187 450 336 235 112 253 165 257 106 451 418 109 349 501 342 181 150 417 335 130 416 512 412 339 167 566 501 177 474 294 101 424 358 108 448 374 420 516 597 298 204 583 235 409 
579 379 380 256 239 0 189 204 215 253 0 357 440 161 457 461 367 369 297 448 595 375 142 522 342 400 250 132 383 235 310 256 356 555 267 220 592 131 254 518 548 542 290 475 398 312 132 250 167 414 
579 379 380 256 239 0 189 204 215 253 565 357 440 161 457 461 367 369 297 448 595 375 142 522 342 400 250 132 383 235 310 256 356 0 267 220 592 131 254 518 548 542 290 475 398 312 132 250 167 414 
579 379 380 256 239 0 189 204 215 253 565 357 440 161 457 461 367 369 297 448 595 375 142 522 342 400 250 132 383 235 310 256 356 555 267 220 592 131 0 518 548 542 290 475 398 312 132 250 167 414 
0 379 380 256 239 0 189 204 215 253 565 357 440 161 457 461 367 369 297 448 595 375 142 522 342 400 250 132 383 235 310 256 356 555 267 220 592 131 254 518 548 542 290 475 398 312 132 250 167 414 
579 379 380 256 239 0 189 0 215 253 565 357 440 161 457 461 367 369 297 448 595 375 142 522 342 400 250 132 383 235 310 256 356 555 267 220 592 131 254 518 548 542 290 475 398 312 132 250 167 414 
579 379 380 256 239 0 189 0 215 253 565 357 440 161 457 461 367 369 297 448 595 375 142 522 342 400 250 132 383 235 310 256 356 555 267 220 592 131 254 518 548 542 290 475 398 312 132 250 167 414 
579 379 380 256 239 0 189 204 215 253 565 357 440 161 457 461 367 369 297 448 595 375 142 522 342 400 250 132 383 0 310 256 356 555 267 220 592 131 254 518 548 542 290 475 398 312 132 250 167 414 
579 379 380 256 239 0 189 204 215 253 565 357 440 161 457 461 367 369 297 448 595 375 142 522 342 400 250 132 383 235 310 256 356 555 267 220 592 131 254 518 548 542 290 475 398 312 132 250 167 0 
579 379 380 256 239 0 189 204 215 253 565 357 440 161 457 461 367 369 297 448 595 375 142 0 342 400 250 132 383 235 310 256 356 555 267 220 592 131 254 518 548 542 290 475 398 312 132 250 167 414 
579 379 380 256 239 0 189 204 215 253 565 357 0 161 457 461 367 369 297 448 595 375 142 522 342 400 250 132 383 235 310 256 356 555 267 220 592 131 254 518 548 542 290 475 398 312 132 250 167 414 
579 379 380 256 239 0 189 204 215 253 565 357 440 161 457 461 367 369 297 448 595 375 142 522 342 400 250 132 383 235 310 256 356 0 267 220 592 131 254 518 548 542 290 475 398 312 132 250 167 414 
237 230 521 295 187 189 0 566 204 152 118 182 315 218 127 541 252 226 513 360 230 254 512 351 484 393 503 389 543 559 544 556 474 146 419 0 579 466 260 194 519 167 502 457 141 548 506 216 207 112 
237 230 521 295 187 189 0 566 204 152 118 182 315 218 127 541 252 226 513 360 230 254 512 351 484 393 503 389 543 559 0 556 474 146 419 558 579 466 260 194 519 167 502 457 141 548 506 216 207 112 
237 230 521 295 187 189 0 566 204 152 118 182 315 218 127 541 252 226 513 360 230 254 512 351 484 393 503 389 543 559 544 556 474 146 419 558 579 466 260 0 519 167 502 457 141 548 506 216 207 112 
237 230 521 295 187 189 0 566 204 152 118 182 315 218 0 541 252 226 513 360 230 254 512 351 484 393 503 389 543 559 544 556 474 146 419 558 579 466 260 194 519 167 502 457 141 548 506 216 207 112 
237 230 521 295 187 189 0 566 204 152 118 182 315 218 127 541 252 226 513 0 230 254 512 351 484 393 503 389 543 559 544 556 474 146 419 558 579 466 260 194 519 167 502 457 141 548 506 216 207 112 
237 230 521 295 187 189 0 566 204 152 118 182 315 218 127 541 252 226 513 360 0 254 512 351 484 393 503 389 543 559 544 556 474 146 419 558 579 466 260 194 519 167 502 457 141 548 506 216 207 112 
237 230 521 295 187 189 0 566 204 152 118 182 315 218 127 541 252 226 513 360 230 254 512 351 484 393 503 389 543 559 544 556 474 146 419 558 579 466 260 194 519 167 502 457 141 548 0 216 207 112 
272 447 382 171 450 204 566 0 169 310 110 521 541 220 554 302 371 513 567 0 383 481 594 339 341 358 223 230 245 173 500 240 462 131 419 481 515 340 510 197 234 533 164 319 543 154 411 504 217 271 
272 447 382 171 450 204 566 0 169 310 110 521 541 220 554 302 371 513 567 450 383 481 594 339 341 358 223 230 245 173 500 240 462 131 419 481 515 340 510 197 0 533 164 319 543 154 411 504 217 271 
272 447 382 171 450 204 566 0 169 310 110 521 541 220 554 302 371 513 567 450 383 481 594 339 341 358 223 230 245 173 500 240 462 131 419 481 0 340 510 197 234 533 164 319 543 154 411 504 217 271 
272 447 382 171 450 204 566 0 169 310 110 521 541 220 554 302 0 513 567 450 383 481 594 339 341 358 223 230 245 173 500 240 462 131 419 481 515 340 510 197 234 533 164 319 543 154 411 504 217 271 
272 447 382 171 450 204 566 0 169 310 110 521 541 220 554 302 371 513 567 450 383 481 594 339 341 358 223 230 245 173 500 240 462 131 419 481 515 340 510 197 234 533 164 319 543 154 0 504 217 271 
272 447 382 171 450 204 566 0 169 0 110 521 541 220 554 302 371 513 567 450 383 481 594 339 341 358 223 230 245 173 500 240 462 131 419 481 515 340 510 197 234 533 164 319 543 154 411 504 217 271 
272 447 382 171 450 204 566 0 169 310 110 521 541 220 554 302 371 513 567 450 383 481 594 339 341 358 223 230 245 0 500 240 462 131 419 481 515 340 510 197 234 533 164 319 543 154 411 504 217 271 
272 447 382 171 450 0 566 0 169 310 110 521 541 220 554 302 371 513 567 450 383 481 594 339 341 358 223 230 245 173 500 240 462 131 419 481 515 340 510 197 234 533 164 319 543 154 411 504 217 271 
272 447 382 171 450 204 566 0 169 310 110 521 541 220 554 302 371 513 567 450 383 481 594 339 341 358 223 230 245 0 500 240 462 131 419 481 515 340 510 197 234 533 164 319 543 154 411 504 217 271 
272 447 382 171 450 204 566 0 169 310 110 521 541 220 554 302 371 513 567 450 383 481 594 339 341 358 223 230 245 173 500 240 462 131 419 481 515 340 510 197 234 533 164 319 0 154 411 504 217 271 
336 139 128 506 336 215 204 169 0 133 150 220 272 472 278 387 221 148 283 236 431 563 595 175 269 367 145 524 319 0 273 265 221 468 322 440 369 550 418 446 186 315 279 574 377 388 169 144 102 136 
336 139 128 506 336 215 204 169 0 133 150 220 272 472 278 387 221 148 283 236 431 563 595 175 269 367 145 524 319 0 273 265 221 468 322 440 369 550 418 446 186 315 279 574 377 388 169 144 102 136 
336 139 128 506 336 215 204 169 0 133 150 220 272 472 278 387 221 148 283 236 431 563 595 175 269 367 145 524 319 404 273 265 221 468 322 440 369 550 418 446 186 315 279 574 377 388 0 144 102 136 
336 139 128 506 336 215 204 169 0 133 150 0 272 472 278 387 221 148 283 236 431 563 595 175 269 367 145 524 319 404 273 265 221 468 322 440 369 550 418 446 186 315 279 574 377 388 169 144 102 136 
336 139 128 506 336 215 204 169 0 133 150 220 272 472 278 387 221 148 283 236 431 563 595 0 269 367 145 524 319 404 273 265 221 468 322 440 369 550 418 446 186 315 279 574 377 388 169 144 102 136 
447 281 287 500 235 253 152 310 133 0 515 329 521 357 0 200 595 384 404 536 487 314 561 370 561 146 396 378 338 508 436 501 483 567 224 256 432 228 258 582 458 141 260 325 173 477 124 211 292 305 
447 281 287 500 235 253 152 310 133 0 515 329 521 357 448 0 595 384 404 536 487 314 561 370 561 146 396 378 338 508 436 501 483 567 224 256 432 228 258 582 458 141 260 325 173 477 124 211 292 305 
447 281 287 500 235 253 152 310 133 0 515 329 521 357 448 200 595 384 404 536 487 314 561 370 561 146 396 378 338 508 436 501 483 567 224 256 432 228 258 582 458 141 260 325 173 477 0 211 292 305 
447 281 287 500 235 253 152 310 133 0 515 329 521 357 448 200 595 384 404 536 487 314 561 370 561 146 396 378 338 508 0 501 483 567 224 256 432 228 258 582 458 141 260 325 173 477 124 211 292 305 
447 281 287 500 235 253 152 310 133 0 515 329 521 357 448 200 595 384 404 536 487 314 561 370 561 146 396 378 338 508 436 501 483 567 224 256 432 228 258 582 458 141 260 0 173 477 124 211 292 305 
447 281 287 500 235 253 152 310 133 0 515 329 521 357 448 200 595 384 0 536 487 314 561 370 561 146 396 378 338 508 436 501 483 567 224 256 432 228 258 582 458 141 260 325 173 477 124 211 292 305 
447 281 287 500 235 253 152 310 133 0 515 329 521 357 448 200 595 384 404 536 487 314 561 370 561 146 396 378 338 508 436 501 483 567 224 256 432 228 258 0 458 141 260 325 173 477 124 211 292 305 
447 281 287 500 235 253 152 310 133 0 515 0 521 357 448 200 595 384 404 536 487 314 561 370 561 146 396 378 338 508 436 501 483 567 224 256 432 228 258 582 458 141 260 325 173 477 124 211 292 305 
