50 230 3

0 171 234 316 425 546 166 453 142 488 560 259 293 169 313 514 149 314 325 402 192 556 191 164 456 333 182 257 501 294 512 258 522 264 279 585 312 290 266 136 273 237 258 579 554 551 268 488 304 319 
171 0 560 291 573 177 494 584 175 186 436 161 262 218 455 101 120 358 176 479 431 194 230 405 146 119 185 396 572 367 442 337 534 253 436 306 256 493 522 579 580 510 521 557 326 418 205 341 400 283 
234 560 0 409 314 442 455 387 336 307 430 497 132 515 192 219 289 124 530 595 585 221 587 247 570 545 352 445 385 222 245 400 429 358 520 319 350 486 107 516 228 106 409 523 338 113 391 221 435 279 
316 291 409 0 280 156 195 312 539 240 536 175 202 409 526 425 548 280 566 281 268 376 266 354 176 267 517 164 350 590 153 579 302 361 259 425 476 275 312 398 454 438 538 271 370 412 450 268 354 227 
425 573 314 280 0 223 443 573 394 328 515 221 301 344 309 471 249 407 399 547 562 166 575 310 524 420 203 243 237 528 243 113 189 354 410 435 154 449 242 525 172 131 568 463 573 193 213 481 186 495 
546 177 442 156 223 0 284 157 146 352 421 418 439 563 557 102 232 532 528 475 170 262 120 315 536 483 312 113 466 575 109 473 268 131 304 123 576 461 207 361 226 360 598 419 301 197 343 504 440 353 
166 494 455 195 443 284 0 317 311 167 223 377 307 479 490 423 149 268 236 195 127 330 475 338 487 224 413 407 326 462 243 556 431 469 130 402 435 309 297 360 114 438 455 101 138 544 230 264 341 534 
453 584 387 312 573 157 317 0 146 546 569 343 348 191 335 148 267 105 276 249 200 462 560 358 210 576 489 118 372 396 292 288 204 369 348 155 142 147 592 168 233 256 160 362 315 142 348 358 347 240 
142 175 336 539 394 146 311 146 0 383 452 472 271 170 362 565 317 162 504 371 125 453 330 540 236 241 247 334 456 559 291 430 195 359 299 315 457 553 404 221 308 236 190 118 113 223 576 479 199 556 
488 186 307 240 328 352 167 546 383 0 299 262 122 349 243 169 290 310 125 575 527 174 482 455 315 262 148 525 342 500 496 261 318 154 193 291 146 549 213 320 113 225 362 212 273 323 239 329 200 490 
560 436 430 536 515 421 223 569 452 299 0 440 393 100 369 252 309 239 166 515 556 503 323 337 311 357 121 294 302 147 129 411 105 228 192 250 385 388 217 170 314 454 466 233 123 110 379 332 216 471 
259 161 497 175 221 418 377 343 472 262 440 0 429 297 341 534 259 356 135 433 137 244 480 344 379 108 576 282 298 134 315 176 328 268 266 186 192 152 270 223 398 339 480 232 185 365 207 244 348 383 
293 262 132 202 301 439 307 348 271 122 393 429 0 157 387 299 265 172 497 419 375 402 247 521 223 487 437 191 138 447 315 210 177 221 570 248 182 350 209 270 484 583 225 138 463 241 391 186 186 131 
169 218 515 409 344 563 479 191 170 349 100 297 157 0 174 465 540 351 534 443 269 567 419 437 102 208 234 251 431 108 250 114 570 532 495 110 594 189 313 524 409 299 279 238 398 509 419 404 167 324 
313 455 192 526 309 557 490 335 362 243 369 341 387 174 0 147 515 112 331 458 529 214 484 289 320 387 581 152 439 257 183 473 303 490 376 224 388 392 164 490 404 402 325 468 125 168 271 254 434 495 
514 101 219 425 471 102 423 148 565 169 252 534 299 465 147 0 290 502 408 301 541 567 455 212 589 344 437 285 288 263 532 389 232 394 328 376 266 365 235 182 399 449 400 331 121 357 119 107 365 251 
149 120 289 548 249 232 149 267 317 290 309 259 265 540 515 290 0 478 527 562 481 342 215 255 567 506 393 453 394 362 315 594 143 140 493 138 198 295 202 200 353 112 313 239 429 386 111 264 273 359 
314 358 124 280 407 532 268 105 162 310 239 356 172 351 112 502 478 0 196 495 306 545 432 468 147 171 165 415 197 300 519 230 543 282 351 424 197 496 105 156 566 247 268 535 460 191 200 445 495 446 
325 176 530 566 399 528 236 276 504 125 166 135 497 534 331 408 527 196 0 421 355 451 530 494 427 201 576 577 403 432 270 502 263 257 184 547 305 276 247 311 550 570 107 190 379 425 307 510 499 139 
402 479 595 281 547 475 195 249 371 575 515 433 419 443 458 301 562 495 421 0 568 124 468 275 471 162 122 256 292 458 447 412 152 491 290 291 115 347 191 134 343 282 419 326 113 418 541 137 513 353 
192 431 585 268 562 170 127 200 125 527 556 137 375 269 529 541 481 306 355 568 0 564 299 265 171 425 582 591 136 209 126 301 238 169 485 546 412 214 447 575 229 575 512 244 528 418 567 216 229 591 
556 194 221 376 166 262 330 462 453 174 503 244 402 567 214 567 342 545 451 124 564 0 235 297 348 388 528 257 125 278 185 495 308 445 442 261 343 155 554 437 163 499 106 348 456 502 176 375 386 360 
191 230 587 266 575 120 475 560 330 482 323 480 247 419 484 455 215 432 530 468 299 235 0 407 450 541 103 367 292 371 508 531 184 578 507 380 465 369 110 347 273 256 111 551 489 480 271 120 329 232 
164 405 247 354 310 315 338 358 540 455 337 344 521 437 289 212 255 468 494 275 265 297 407 0 450 374 435 239 572 379 389 535 167 494 328 128 152 538 533 166 108 529 323 303 371 243 428 429 100 204 
456 146 570 176 524 536 487 210 236 315 311 379 223 102 320 589 567 147 427 471 171 348 450 450 0 388 220 123 209 180 565 289 433 144 300 463 299 158 168 505 196 344 313 211 154 305 209 273 490 197 
333 119 545 267 420 483 224 576 241 262 357 108 487 208 387 344 506 171 201 162 425 388 541 374 388 0 272 300 184 592 166 113 314 232 519 326 181 527 352 321 329 406 249 168 218 589 279 467 435 325 
182 185 352 517 203 312 413 489 247 148 121 576 437 234 581 437 393 165 576 122 582 528 103 435 220 272 0 107 253 195 492 224 578 123 385 194 554 559 175 440 532 101 400 321 134 412 254 171 332 182 
257 396 445 164 243 113 407 118 334 525 294 282 191 251 152 285 453 415 577 256 591 257 367 239 123 300 107 0 442 373 144 438 274 432 484 554 480 221 379 476 554 465 411 199 569 225 205 141 550 405 
501 572 385 350 237 466 326 372 456 342 302 298 138 431 439 288 394 197 403 292 136 125 292 572 209 184 253 442 0 556 284 212 541 107 390 511 396 408 449 543 421 306 214 384 535 360 194 302 552 285 
294 367 222 590 528 575 462 396 559 500 147 134 447 108 257 263 362 300 432 458 209 278 371 379 180 592 195 373 556 0 155 174 458 224 490 328 415 568 376 197 535 472 439 188 192 266 315 372 566 115 
512 442 245 153 243 109 243 292 291 496 129 315 315 250 183 532 315 519 270 447 126 185 508 389 565 166 492 144 284 155 0 114 501 249 559 133 512 320 566 461 571 316 522 219 142 238 357 216 471 178 
258 337 400 579 113 473 556 288 430 261 411 176 210 114 473 389 594 230 502 412 301 495 531 535 289 113 224 438 212 174 114 0 352 261 135 541 474 103 201 494 522 134 135 485 388 484 569 384 314 377 
522 534 429 302 189 268 431 204 195 318 105 328 177 570 303 232 143 543 263 152 238 308 184 167 433 314 578 274 541 458 501 352 0 150 400 276 178 237 120 355 531 360 285 243 323 580 434 596 284 558 
264 253 358 361 354 131 469 369 359 154 228 268 221 532 490 394 140 282 257 491 169 445 578 494 144 232 123 432 107 224 249 261 150 0 527 177 283 246 298 452 561 522 121 594 359 162 591 456 292 578 
279 436 520 259 410 304 130 348 299 193 192 266 570 495 376 328 493 351 184 290 485 442 507 328 300 519 385 484 390 490 559 135 400 527 0 385 141 414 490 409 311 529 505 115 292 296 205 269 581 228 
585 306 319 425 435 123 402 155 315 291 250 186 248 110 224 376 138 424 547 291 546 261 380 128 463 326 194 554 511 328 133 541 276 177 385 0 336 489 209 311 240 501 104 430 169 134 559 320 524 294 
312 256 350 476 154 576 435 142 457 146 385 192 182 594 388 266 198 197 305 115 412 343 465 152 299 181 554 480 396 415 512 474 178 283 141 336 0 241 427 540 549 125 256 529 235 443 207 292 229 293 
290 493 486 275 449 461 309 147 553 549 388 152 350 189 392 365 295 496 276 347 214 155 369 538 158 527 559 221 408 568 320 103 237 246 414 489 241 0 133 525 361 118 419 118 227 594 548 470 266 145 
266 522 107 312 242 207 297 592 404 213 217 270 209 313 164 235 202 105 247 191 447 554 110 533 168 352 175 379 449 376 566 201 120 298 490 209 427 133 0 211 470 505 286 110 135 296 104 251 383 583 
136 579 516 398 525 361 360 168 221 320 170 223 270 524 490 182 200 156 311 134 575 437 347 166 505 321 440 476 543 197 461 494 355 452 409 311 540 525 211 0 472 409 506 509 226 579 595 105 454 197 
273 580 228 454 172 226 114 233 308 113 314 398 484 409 404 399 353 566 550 343 229 163 273 108 196 329 532 554 421 535 571 522 531 561 311 240 549 361 470 472 0 217 570 572 344 320 514 203 481 163 
237 510 106 438 131 360 438 256 236 225 454 339 583 299 402 449 112 247 570 282 575 499 256 529 344 406 101 465 306 472 316 134 360 522 529 501 125 118 505 409 217 0 330 583 222 135 344 335 233 300 
258 521 409 538 568 598 455 160 190 362 466 480 225 279 325 400 313 268 107 419 512 106 111 323 313 249 400 411 214 439 522 135 285 121 505 104 256 419 286 506 570 330 0 270 293 474 192 287 373 596 
579 557 523 271 463 419 101 362 118 212 233 232 138 238 468 331 239 535 190 326 244 348 551 303 211 168 321 199 384 188 219 485 243 594 115 430 529 118 110 509 572 583 270 0 490 548 465 455 336 205 
554 326 338 370 573 301 138 315 113 273 123 185 463 398 125 121 429 460 379 113 528 456 489 371 154 218 134 569 535 192 142 388 323 359 292 169 235 227 135 226 344 222 293 490 0 160 409 184 461 522 
551 418 113 412 193 197 544 142 223 323 110 365 241 509 168 357 386 191 425 418 418 502 480 243 305 589 412 225 360 266 238 484 580 162 296 134 443 594 296 579 320 135 474 548 160 0 514 149 376 562 
268 205 391 450 213 343 230 348 576 239 379 207 391 419 271 119 111 200 307 541 567 176 271 428 209 279 254 205 194 315 357 569 434 591 205 559 207 548 104 595 514 344 192 465 409 514 0 271 290 229 
488 341 221 268 481 504 264 358 479 329 332 244 186 404 254 107 264 445 510 137 216 375 120 429 273 467 171 141 302 372 216 384 596 456 269 320 292 470 251 105 203 335 287 455 184 149 271 0 403 580 
304 400 435 354 186 440 341 347 199 200 216 348 186 167 434 365 273 495 499 513 229 386 329 100 490 435 332 550 552 566 471 314 284 292 581 524 229 266 383 454 481 233 373 336 461 376 290 403 0 529 
319 283 279 227 495 353 534 240 556 490 471 383 131 324 495 251 359 446 139 353 591 360 232 204 197 325 182 405 285 115 178 377 558 578 228 294 293 145 583 197 163 300 596 205 522 562 229 580 529 0 

0 43 41 94 77 95 82 97 31 56 99 32 99 86 68 55 65 70 74 75 47 84 43 90 44 52 79 75 79 35 59 66 89 38 44 96 57 86 74 81 80 97 62 75 36 35 85 49 88 82 
43 0 99 59 41 60 71 62 82 67 91 51 81 44 33 74 38 94 67 82 76 38 94 76 73 62 49 50 76 31 33 81 52 33 71 62 49 86 91 97 97 31 61 72 68 34 74 60 69 87 
41 99 0 46 86 41 54 80 55 68 74 91 37 51 69 54 99 47 58 31 51 31 69 51 65 86 30 43 73 91 44 51 83 98 78 59 97 81 75 63 69 42 96 53 33 60 41 53 48 87 
94 59 46 0 91 86 43 90 39 47 53 91 95 52 89 45 64 58 75 39 76 59 78 35 61 84 82 89 89 93 62 71 31 49 50 73 33 93 75 79 71 91 97 51 82 43 82 65 58 55 
77 41 86 91 0 84 50 46 57 50 54 63 61 84 79 68 33 36 91 30 42 78 84 41 34 49 96 64 72 55 92 52 68 49 50 79 81 65 45 81 67 68 32 43 70 66 90 67 68 88 
95 60 41 86 84 0 77 68 72 36 72 68 55 37 35 98 47 82 39 82 83 95 91 53 87 88 58 83 32 54 80 69 62 96 99 47 35 85 76 96 99 80 77 97 85 90 79 35 80 52 
82 71 54 43 50 77 0 68 81 67 66 46 32 83 37 64 81 97 30 46 45 32 94 52 65 72 76 47 67 70 74 73 73 39 99 70 83 70 93 82 48 60 69 86 42 89 87 83 94 93 
97 62 80 90 46 68 68 0 61 73 81 40 34 70 32 36 98 91 46 92 64 91 76 85 43 94 76 71 85 75 43 91 95 71 47 56 66 52 68 71 38 35 92 62 94 50 65 34 65 63 
31 82 55 39 57 72 81 61 0 48 41 61 55 63 81 81 80 67 41 96 86 55 69 62 78 91 58 86 41 82 38 78 87 92 88 69 76 69 96 87 94 35 49 65 76 79 65 65 67 48 
56 67 68 47 50 36 67 73 48 0 41 78 63 55 66 85 47 65 82 55 39 36 89 90 37 90 31 67 62 52 82 33 85 64 87 43 48 33 99 68 41 65 55 71 68 36 57 77 45 67 
99 91 74 53 54 72 66 81 41 41 0 70 81 40 81 69 96 96 33 62 36 60 95 37 98 31 45 70 83 70 66 61 99 43 76 50 32 45 66 92 78 87 37 80 73 75 89 86 31 40 
32 51 91 91 63 68 46 40 61 78 70 0 96 99 49 84 51 80 49 85 92 90 63 34 90 80 54 67 71 44 46 74 92 58 37 96 77 89 76 41 63 56 86 78 93 96 30 42 54 65 
99 81 37 95 61 55 32 34 55 63 81 96 0 39 33 95 85 48 56 72 39 46 58 63 61 50 45 52 98 95 94 99 80 42 84 92 47 99 33 69 49 48 44 58 38 64 52 90 99 46 
86 44 51 52 84 37 83 70 63 55 40 99 39 0 98 77 50 54 37 42 58 92 90 78 98 87 31 78 83 91 86 42 58 39 46 98 63 47 72 76 68 73 72 60 63 73 56 50 33 50 
68 33 69 89 79 35 37 32 81 66 81 49 33 98 0 39 72 78 78 93 60 50 35 74 56 86 63 87 42 64 95 52 82 61 35 52 66 88 99 80 39 56 33 96 74 52 52 62 55 99 
55 74 54 45 68 98 64 36 81 85 69 84 95 77 39 0 34 66 70 85 60 36 77 50 40 75 39 42 87 88 67 35 91 31 63 37 84 62 79 86 75 46 43 77 77 31 91 89 96 92 
65 38 99 64 33 47 81 98 80 47 96 51 85 50 72 34 0 31 64 45 71 93 49 57 92 36 35 46 43 68 94 41 54 80 93 68 47 84 89 49 64 94 56 87 65 59 73 69 32 83 
70 94 47 58 36 82 97 91 67 65 96 80 48 54 78 66 31 0 69 78 59 52 72 77 44 78 57 89 36 71 46 91 31 80 42 76 31 67 94 31 78 59 46 68 49 33 47 39 86 33 
74 67 58 75 91 39 30 46 41 82 33 49 56 37 78 70 64 69 0 67 96 61 87 37 47 73 45 88 78 64 63 83 81 65 86 49 74 56 30 53 66 40 46 54 86 95 51 49 40 95 
75 82 31 39 30 82 46 92 96 55 62 85 72 42 93 85 45 78 67 0 82 57 35 34 96 78 35 99 42 90 56 69 78 76 75 73 42 57 56 43 84 66 38 82 33 56 39 83 61 34 
47 76 51 76 42 83 45 64 86 39 36 92 39 58 60 60 71 59 96 82 0 99 69 63 99 46 91 33 56 39 61 60 60 90 62 94 31 72 33 57 89 54 57 82 95 93 60 42 54 56 
84 38 31 59 78 95 32 91 55 36 60 90 46 92 50 36 93 52 61 57 99 0 94 57 61 48 90 52 31 52 32 68 87 69 70 66 63 54 35 36 67 59 82 94 93 42 73 69 92 50 
43 94 69 78 84 91 94 76 69 89 95 63 58 90 35 77 49 72 87 35 69 94 0 43 52 73 75 87 89 34 50 67 82 34 82 48 39 36 74 66 49 64 57 87 60 66 88 84 63 55 
90 76 51 35 41 53 52 85 62 90 37 34 63 78 74 50 57 77 37 34 63 57 43 0 92 92 36 47 33 79 71 42 42 79 30 67 49 98 52 31 47 67 67 60 97 84 90 39 72 66 
44 73 65 61 34 87 65 43 78 37 98 90 61 98 56 40 92 44 47 96 99 61 52 92 0 39 30 77 77 73 82 58 47 35 32 58 85 66 34 38 89 74 51 33 94 89 34 69 52 89 
52 62 86 84 49 88 72 94 91 90 31 80 50 87 86 75 36 78 73 78 46 48 73 92 39 0 55 49 30 36 62 71 59 42 50 60 53 96 98 42 81 43 35 46 86 96 41 80 69 85 
79 49 30 82 96 58 76 76 58 31 45 54 45 31 63 39 35 57 45 35 91 90 75 36 30 55 0 75 35 73 68 81 38 85 91 97 72 31 35 74 89 88 86 73 49 76 68 80 83 80 
75 50 43 89 64 83 47 71 86 67 70 67 52 78 87 42 46 89 88 99 33 52 87 47 77 49 75 0 62 92 47 76 31 33 92 37 55 77 99 67 68 45 91 99 48 50 64 31 88 36 
79 76 73 89 72 32 67 85 41 62 83 71 98 83 42 87 43 36 78 42 56 31 89 33 77 30 35 62 0 87 89 86 81 55 92 72 57 55 62 68 73 71 70 68 51 39 76 30 99 49 
35 31 91 93 55 54 70 75 82 52 70 44 95 91 64 88 68 71 64 90 39 52 34 79 73 36 73 92 87 0 66 35 35 82 53 79 77 31 45 56 83 50 81 90 78 30 99 53 85 48 
59 33 44 62 92 80 74 43 38 82 66 46 94 86 95 67 94 46 63 56 61 32 50 71 82 62 68 47 89 66 0 48 87 56 74 65 90 44 78 67 73 53 89 66 52 70 35 62 72 94 
66 81 51 71 52 69 73 91 78 33 61 74 99 42 52 35 41 91 83 69 60 68 67 42 58 71 81 76 86 35 48 0 38 43 65 77 78 62 85 75 58 83 99 47 47 77 84 94 47 97 
89 52 83 31 68 62 73 95 87 85 99 92 80 58 82 91 54 31 81 78 60 87 82 42 47 59 38 31 81 35 87 38 0 76 50 54 85 70 96 69 71 42 92 44 43 98 94 87 91 30 
38 33 98 49 49 96 39 71 92 64 43 58 42 39 61 31 80 80 65 76 90 69 34 79 35 42 85 33 55 82 56 43 76 0 76 89 40 69 94 52 52 88 35 33 82 49 67 69 76 85 
44 71 78 50 50 99 99 47 88 87 76 37 84 46 35 63 93 42 86 75 62 70 82 30 32 50 91 92 92 53 74 65 50 76 0 73 95 38 77 48 68 97 84 75 38 71 60 42 30 77 
96 62 59 73 79 47 70 56 69 43 50 96 92 98 52 37 68 76 49 73 94 66 48 67 58 60 97 37 72 79 65 77 54 89 73 0 66 47 65 43 74 88 84 98 48 70 70 33 64 59 
57 49 97 33 81 35 83 66 76 48 32 77 47 63 66 84 47 31 74 42 31 63 39 49 85 53 72 55 57 77 90 78 85 40 95 66 0 33 64 66 54 90 89 32 48 65 83 73 85 52 
86 86 81 93 65 85 70 52 69 33 45 89 99 47 88 62 84 67 56 57 72 54 36 98 66 96 31 77 55 31 44 62 70 69 38 47 33 0 77 72 39 32 85 98 61 55 85 30 73 91 
74 91 75 75 45 76 93 68 96 99 66 76 33 72 99 79 89 94 30 56 33 35 74 52 34 98 35 99 62 45 78 85 96 94 77 65 64 77 0 75 40 40 79 77 53 61 67 45 48 30 
81 97 63 79 81 96 82 71 87 68 92 41 69 76 80 86 49 31 53 43 57 36 66 31 38 42 74 67 68 56 67 75 69 52 48 43 66 72 75 0 42 74 37 55 49 89 49 54 51 58 
80 97 69 71 67 99 48 38 94 41 78 63 49 68 39 75 64 78 66 84 89 67 49 47 89 81 89 68 73 83 73 58 71 52 68 74 54 39 40 42 0 78 52 79 61 65 64 69 89 33 
97 31 42 91 68 80 60 35 35 65 87 56 48 73 56 46 94 59 40 66 54 59 64 67 74 43 88 45 71 50 53 83 42 88 97 88 90 32 40 74 78 0 89 59 87 39 86 69 69 88 
62 61 96 97 32 77 69 92 49 55 37 86 44 72 33 43 56 46 46 38 57 82 57 67 51 35 86 91 70 81 89 99 92 35 84 84 89 85 79 37 52 89 0 56 40 89 73 54 67 41 
75 72 53 51 43 97 86 62 65 71 80 78 58 60 96 77 87 68 54 82 82 94 87 60 33 46 73 99 68 90 66 47 44 33 75 98 32 98 77 55 79 59 56 0 97 66 68 72 89 40 
36 68 33 82 70 85 42 94 76 68 73 93 38 63 74 77 65 49 86 33 95 93 60 97 94 86 49 48 51 78 52 47 43 82 38 48 48 61 53 49 61 87 40 97 0 71 37 39 82 43 
35 34 60 43 66 90 89 50 79 36 75 96 64 73 52 31 59 33 95 56 93 42 66 84 89 96 76 50 39 30 70 77 98 49 71 70 65 55 61 89 65 39 89 66 71 0 55 54 94 73 
85 74 41 82 90 79 87 65 65 57 89 30 52 56 52 91 73 47 51 39 60 73 88 90 34 41 68 64 76 99 35 84 94 67 60 70 83 85 67 49 64 86 73 68 37 55 0 37 68 67 
49 60 53 65 67 35 83 34 65 77 86 42 90 50 62 89 69 39 49 83 42 69 84 39 69 80 80 31 30 53 62 94 87 69 42 33 73 30 45 54 69 69 54 72 39 54 37 0 42 83 
88 69 48 58 68 80 94 65 67 45 31 54 99 33 55 96 32 86 40 61 54 92 63 72 52 69 83 88 99 85 72 47 91 76 30 64 85 73 48 51 89 69 67 89 82 94 68 42 0 97 
82 87 87 55 88 52 93 63 48 67 40 65 46 50 99 92 83 33 95 34 56 50 55 66 89 85 80 36 49 48 94 97 30 85 77 59 52 91 30 58 33 88 41 40 43 73 67 83 97 0 

606.0 637.0 1 47
606.0 455.0 1 42
520.0 371.0 1 27
390.0 355.0 1 32
530.0 531.0 1 41
758.0 564.0 2 3
390.0 257.0 2 16
681.0 250.0 2 25
390.0 600.0 2 50
519.0 592.0 2 25
606.0 534.0 2 9
866.0 619.0 3 26
692.0 167.0 3 25
758.0 351.0 3 25
692.0 412.0 3 28
454.0 455.0 3 7
681.0 429.0 3 9
649.0 516.0 4 27
519.0 733.0 4 1
758.0 562.0 4 39
520.0 346.0 5 42
649.0 529.0 5 14
692.0 455.0 5 46
649.0 604.0 5 27
606.0 655.0 6 22
606.0 586.0 6 38
692.0 633.0 6 34
649.0 633.0 6 33
454.0 282.0 6 17
454.0 507.0 7 46
681.0 560.0 7 46
520.0 341.0 7 10
649.0 583.0 7 9
454.0 309.0 8 31
779.0 340.0 8 36
779.0 451.0 8 28
519.0 359.0 9 14
681.0 233.0 9 50
692.0 353.0 9 32
584.0 468.0 9 48
520.0 241.0 9 42
454.0 495.0 9 2
758.0 429.0 10 20
390.0 416.0 10 9
681.0 259.0 10 46
390.0 485.0 10 48
454.0 257.0 10 17
649.0 186.0 11 49
520.0 318.0 11 4
692.0 468.0 11 41
530.0 576.0 12 13
606.0 570.0 12 48
692.0 370.0 12 50
649.0 540.0 12 43
606.0 225.0 12 32
390.0 248.0 12 2
758.0 210.0 13 3
454.0 267.0 13 50
519.0 358.0 13 28
606.0 255.0 13 25
454.0 564.0 13 49
606.0 372.0 14 18
606.0 234.0 14 34
454.0 379.0 14 12
606.0 572.0 14 43
606.0 321.0 14 32
866.0 561.0 14 46
649.0 504.0 15 40
606.0 450.0 15 41
866.0 345.0 15 30
692.0 231.0 15 1
454.0 377.0 15 43
390.0 232.0 16 43
606.0 510.0 16 10
454.0 408.0 16 34
692.0 364.0 16 7
649.0 446.0 17 35
530.0 691.0 17 33
454.0 253.0 17 16
606.0 607.0 17 7
692.0 183.0 18 29
520.0 226.0 18 9
584.0 358.0 18 46
519.0 465.0 18 7
779.0 367.0 18 36
520.0 426.0 18 30
454.0 580.0 19 28
681.0 590.0 19 10
758.0 285.0 19 16
530.0 415.0 19 34
454.0 627.0 19 50
681.0 336.0 19 46
681.0 264.0 20 29
779.0 180.0 20 27
758.0 264.0 20 38
758.0 510.0 20 16
692.0 547.0 20 36
530.0 310.0 20 17
758.0 619.0 21 9
692.0 345.0 21 26
519.0 452.0 21 43
606.0 489.0 21 17
454.0 450.0 21 16
649.0 306.0 21 32
390.0 270.0 22 15
649.0 590.0 22 43
692.0 270.0 22 50
454.0 439.0 22 25
606.0 248.0 22 41
606.0 356.0 22 36
520.0 481.0 23 26
606.0 367.0 23 17
692.0 456.0 23 12
758.0 267.0 24 41
606.0 382.0 24 37
606.0 316.0 24 9
606.0 491.0 24 36
520.0 402.0 25 22
779.0 265.0 25 2
454.0 466.0 25 42
530.0 182.0 25 49
681.0 675.0 25 12
584.0 405.0 25 32
779.0 303.0 26 21
584.0 634.0 26 6
390.0 303.0 26 12
530.0 464.0 27 43
520.0 241.0 27 17
530.0 498.0 27 49
649.0 633.0 27 5
584.0 594.0 27 2
779.0 280.0 27 36
758.0 366.0 28 24
649.0 214.0 28 16
530.0 266.0 28 36
584.0 232.0 28 48
530.0 196.0 29 9
530.0 540.0 29 5
530.0 667.0 29 30
520.0 316.0 30 50
530.0 461.0 30 43
454.0 245.0 30 21
454.0 510.0 30 49
584.0 475.0 30 16
454.0 310.0 31 28
692.0 412.0 31 14
692.0 234.0 31 6
606.0 206.0 31 48
584.0 404.0 32 26
692.0 503.0 32 7
390.0 554.0 32 41
606.0 546.0 32 17
692.0 510.0 33 10
758.0 338.0 33 25
584.0 264.0 33 42
390.0 456.0 34 18
520.0 307.0 34 30
606.0 616.0 34 36
519.0 331.0 34 33
390.0 564.0 35 6
606.0 234.0 35 14
390.0 182.0 35 38
692.0 248.0 35 28
454.0 360.0 35 16
390.0 228.0 35 38
606.0 588.0 36 14
520.0 388.0 36 30
649.0 372.0 36 33
520.0 468.0 37 32
866.0 598.0 37 35
649.0 374.0 37 6
681.0 612.0 38 47
584.0 176.0 38 27
454.0 518.0 38 50
530.0 470.0 38 2
530.0 229.0 38 41
390.0 524.0 39 12
681.0 641.0 39 7
520.0 234.0 39 25
520.0 585.0 39 7
519.0 541.0 40 16
649.0 478.0 40 14
584.0 408.0 40 16
649.0 177.0 40 43
454.0 402.0 40 28
519.0 587.0 41 25
779.0 228.0 41 39
758.0 396.0 41 33
779.0 331.0 41 46
692.0 270.0 42 31
390.0 245.0 42 46
606.0 705.0 42 17
606.0 567.0 42 49
584.0 337.0 42 28
519.0 488.0 42 25
692.0 653.0 43 32
692.0 480.0 43 37
681.0 634.0 43 16
606.0 393.0 44 21
530.0 418.0 44 6
519.0 508.0 44 34
454.0 383.0 44 41
649.0 362.0 45 46
520.0 296.0 45 33
606.0 541.0 45 34
530.0 321.0 45 14
779.0 484.0 45 6
649.0 413.0 45 7
606.0 424.0 46 17
866.0 300.0 46 8
454.0 318.0 46 17
520.0 748.0 46 12
519.0 720.0 46 12
681.0 429.0 46 12
681.0 503.0 47 22
606.0 374.0 47 7
390.0 547.0 47 17
606.0 225.0 47 27
530.0 324.0 47 7
454.0 433.0 47 49
606.0 381.0 48 3
649.0 144.0 48 38
530.0 231.0 48 6
519.0 448.0 49 47
520.0 412.0 49 2
520.0 576.0 49 6
681.0 358.0 49 25
584.0 408.0 50 34
681.0 363.0 50 23
520.0 309.0 50 38

0 171 234 316 368 288 166 288 142 330 269 259 293 169 313 272 149 292 325 270 192 364 191 164 271 290 182 257 328 277 318 258 292 264 279 279 312 290 266 136 272 237 258 260 255 347 0 241 264 319 
0 171 234 316 368 288 166 288 142 330 269 259 293 169 313 272 149 292 325 270 192 364 191 164 271 290 182 257 328 277 318 258 292 264 279 279 312 290 266 136 272 0 258 260 255 347 260 241 264 319 
0 171 234 316 368 288 166 288 142 330 269 259 293 169 313 272 149 292 325 270 192 364 191 164 271 290 182 257 328 277 0 258 292 264 279 279 312 290 266 136 272 237 258 260 255 347 260 241 264 319 
0 171 234 316 368 288 166 288 142 330 269 259 0 169 313 272 149 292 325 270 192 364 191 164 271 290 182 257 328 277 318 258 292 264 279 279 312 290 266 136 272 237 258 260 255 347 260 241 264 319 
0 171 234 316 0 288 166 288 142 330 269 259 293 169 313 272 149 292 325 270 192 364 191 164 271 290 182 257 328 277 318 258 292 264 279 279 312 290 266 136 272 237 258 260 255 347 260 241 264 319 
171 0 0 291 573 177 494 584 175 186 436 161 262 218 455 101 120 358 176 479 431 194 230 405 146 119 185 396 572 367 442 337 534 253 436 306 256 493 522 579 580 510 521 557 326 418 205 341 400 283 
171 0 560 291 573 177 494 584 175 186 436 161 262 218 0 101 120 358 176 479 431 194 230 405 146 119 185 396 572 367 442 337 534 253 436 306 256 493 522 579 580 510 521 557 326 418 205 341 400 283 
171 0 560 291 573 177 494 584 175 186 436 161 262 0 455 101 120 358 176 479 431 194 230 405 146 119 185 396 572 367 442 337 534 253 436 306 256 493 522 579 580 510 521 557 326 418 205 341 400 283 
171 0 560 291 573 177 494 584 175 186 436 161 262 218 455 101 120 358 176 479 431 194 230 405 146 119 185 396 572 367 442 337 534 253 436 306 256 493 522 579 580 510 521 557 326 418 205 341 400 0 
171 0 560 291 573 177 494 584 175 186 436 161 262 218 455 101 120 358 176 479 431 194 230 0 146 119 185 396 572 367 442 337 534 253 436 306 256 493 522 579 580 510 521 557 326 418 205 341 400 283 
171 0 560 291 573 177 494 584 175 186 436 161 0 218 455 101 120 358 176 479 431 194 230 405 146 119 185 396 572 367 442 337 534 253 436 306 256 493 522 579 580 510 521 557 326 418 205 341 400 283 
234 560 0 409 314 442 455 387 336 307 430 497 132 515 192 219 289 124 530 595 585 221 587 247 570 0 352 445 385 222 245 400 429 358 520 319 350 486 107 516 228 106 409 523 338 113 391 221 435 279 
234 560 0 409 314 442 455 387 336 307 430 497 132 515 192 219 289 124 530 595 585 0 587 247 570 545 352 445 385 222 245 400 429 358 520 319 350 486 107 516 228 106 409 523 338 113 391 221 435 279 
234 560 0 409 314 442 455 387 336 307 430 497 132 515 192 219 289 124 530 595 585 221 587 247 0 545 352 445 385 222 245 400 429 358 520 319 350 486 107 516 228 106 409 523 338 113 391 221 435 279 
234 560 0 409 314 442 455 387 336 307 430 497 132 515 192 219 289 124 530 595 585 221 587 247 570 0 352 445 385 222 245 400 429 358 520 319 350 486 107 516 228 106 409 523 338 113 391 221 435 279 
234 560 0 409 314 442 455 387 336 307 430 497 132 515 0 219 289 124 530 595 585 221 587 247 570 545 352 445 385 222 245 400 429 358 520 319 350 486 107 516 228 106 409 523 338 113 391 221 435 279 
234 560 0 409 314 442 455 387 0 307 430 497 132 515 192 219 289 124 530 595 585 221 587 247 570 545 352 445 385 222 245 400 429 358 520 319 350 486 107 516 228 106 409 523 338 113 391 221 435 279 
316 291 409 0 280 156 195 312 539 240 536 175 202 409 526 425 548 280 566 281 268 376 266 354 176 267 0 164 350 590 153 579 302 361 259 425 476 275 312 398 454 438 538 271 370 412 450 268 354 227 
0 291 409 0 280 156 195 312 539 240 536 175 202 409 526 425 548 280 566 281 268 376 266 354 176 267 517 164 350 590 153 579 302 361 259 425 476 275 312 398 454 438 538 271 370 412 450 268 354 227 
316 291 409 0 280 156 195 312 539 240 536 175 202 409 526 425 548 280 566 281 268 376 266 354 176 267 517 164 350 590 153 579 302 361 259 425 476 275 0 398 454 438 538 271 370 412 450 268 354 227 
425 573 314 280 0 223 443 573 394 328 515 221 301 344 309 471 249 407 399 547 562 166 575 310 524 420 203 243 237 528 243 113 189 354 410 435 154 449 242 525 172 0 568 463 573 193 213 481 186 495 
425 573 314 280 0 223 443 573 394 328 515 221 301 0 309 471 249 407 399 547 562 166 575 310 524 420 203 243 237 528 243 113 189 354 410 435 154 449 242 525 172 131 568 463 573 193 213 481 186 495 
425 573 314 280 0 223 443 573 394 328 515 221 301 344 309 471 249 407 399 547 562 166 575 310 524 420 203 243 237 528 243 113 189 354 410 435 154 449 242 525 172 131 568 463 573 0 213 481 186 495 
425 573 314 280 0 223 443 573 394 328 515 221 301 344 309 471 249 407 399 547 562 166 575 310 524 420 0 243 237 528 243 113 189 354 410 435 154 449 242 525 172 131 568 463 573 193 213 481 186 495 
546 177 442 156 223 0 284 157 146 352 421 418 439 563 557 102 232 532 528 475 170 0 120 315 536 483 312 113 466 575 109 473 268 131 304 123 576 461 207 361 226 360 598 419 301 197 343 504 440 353 
546 177 442 156 223 0 284 157 146 352 421 418 439 563 557 102 232 532 528 475 170 262 120 315 536 483 312 113 466 575 109 473 268 131 304 123 576 461 207 361 226 360 598 419 0 197 343 504 440 353 
546 177 442 156 223 0 284 157 146 352 421 418 439 563 557 102 232 532 528 475 170 262 120 315 536 483 312 113 466 575 109 473 268 0 304 123 576 461 207 361 226 360 598 419 301 197 343 504 440 353 
546 177 442 156 223 0 284 157 146 352 421 418 439 563 557 102 232 532 528 475 170 262 120 315 536 483 312 113 466 575 109 473 268 131 304 123 576 461 207 0 226 360 598 419 301 197 343 504 440 353 
546 177 442 156 223 0 284 157 146 352 421 418 439 563 557 102 0 532 528 475 170 262 120 315 536 483 312 113 466 575 109 473 268 131 304 123 576 461 207 361 226 360 598 419 301 197 343 504 440 353 
166 494 455 195 443 284 0 317 311 167 223 377 307 479 490 423 149 268 236 195 127 330 475 338 487 224 413 407 326 462 243 556 431 469 130 402 435 309 297 360 114 438 455 101 138 0 230 264 341 534 
166 494 455 195 443 284 0 317 311 167 223 377 307 479 490 423 149 268 236 195 127 330 475 338 487 224 413 407 326 462 243 556 431 469 130 402 435 309 297 360 114 438 455 101 138 0 230 264 341 534 
166 494 455 195 443 284 0 317 311 0 223 377 307 479 490 423 149 268 236 195 127 330 475 338 487 224 413 407 326 462 243 556 431 469 130 402 435 309 297 360 114 438 455 101 138 544 230 264 341 534 
166 494 455 195 443 284 0 317 0 167 223 377 307 479 490 423 149 268 236 195 127 330 475 338 487 224 413 407 326 462 243 556 431 469 130 402 435 309 297 360 114 438 455 101 138 544 230 264 341 534 
453 584 387 312 573 157 317 0 146 546 569 343 348 191 335 148 267 105 276 249 200 462 560 358 210 576 489 118 372 396 0 288 204 369 348 155 142 147 592 168 233 256 160 362 315 142 348 358 347 240 
453 584 387 312 573 157 317 0 146 546 569 343 348 191 335 148 267 105 276 249 200 462 560 358 210 576 489 118 372 396 292 288 204 369 348 155 142 147 592 0 233 256 160 362 315 142 348 358 347 240 
453 584 387 312 573 157 317 0 146 546 569 343 348 191 335 148 267 105 276 249 200 462 560 358 210 576 489 118 372 396 292 288 204 369 348 155 142 147 592 168 233 256 160 362 0 142 348 358 347 240 
142 175 336 539 394 146 311 146 0 383 452 472 271 0 362 565 317 162 504 371 125 453 330 540 236 241 247 334 456 559 291 430 195 359 299 315 457 553 404 221 308 236 190 118 113 223 576 479 199 556 
142 175 336 539 394 146 311 146 0 383 452 472 271 170 362 565 317 162 0 371 125 453 330 540 236 241 247 334 456 559 291 430 195 359 299 315 457 553 404 221 308 236 190 118 113 223 576 479 199 556 
142 175 336 539 394 146 311 146 0 383 452 472 271 170 362 565 317 162 504 371 125 453 330 0 236 241 247 334 456 559 291 430 195 359 299 315 457 553 404 221 308 236 190 118 113 223 576 479 199 556 
142 175 336 539 394 146 311 146 0 383 452 472 271 170 362 565 317 162 504 371 125 453 330 540 236 241 247 334 456 559 291 430 195 359 299 315 457 553 404 221 308 236 190 118 113 223 576 0 199 556 
142 175 336 539 394 146 311 146 0 383 452 472 271 170 362 565 317 162 504 371 125 453 330 540 236 241 247 334 456 559 291 430 195 359 299 315 457 553 404 221 308 0 190 118 113 223 576 479 199 556 
142 175 336 539 394 146 311 146 0 383 452 472 271 170 362 565 317 162 504 371 125 453 330 540 236 241 247 334 456 559 291 430 195 359 299 315 457 553 404 0 308 236 190 118 113 223 576 479 199 556 
488 186 307 240 328 352 167 546 383 0 299 262 122 349 243 169 290 310 125 0 527 174 482 455 315 262 148 525 342 500 496 261 318 154 193 291 146 549 213 320 113 225 362 212 273 323 239 329 200 490 
488 186 307 240 328 352 167 0 383 0 299 262 122 349 243 169 290 310 125 575 527 174 482 455 315 262 148 525 342 500 496 261 318 154 193 291 146 549 213 320 113 225 362 212 273 323 239 329 200 490 
488 186 307 240 328 352 167 546 383 0 299 262 122 349 243 169 290 310 125 575 527 0 482 455 315 262 148 525 342 500 496 261 318 154 193 291 146 549 213 320 113 225 362 212 273 323 239 329 200 490 
488 186 307 240 328 352 167 546 383 0 299 262 122 349 243 169 290 310 125 575 527 174 482 455 315 262 148 525 342 500 496 261 318 154 193 291 146 549 213 320 113 225 362 212 273 323 239 0 200 490 
488 186 307 240 328 352 167 546 383 0 299 262 122 349 243 169 290 310 125 575 0 174 482 455 315 262 148 525 342 500 496 261 318 154 193 291 146 549 213 320 113 225 362 212 273 323 239 329 200 490 
560 436 430 536 515 421 223 569 452 299 0 440 393 100 369 252 309 239 166 515 556 503 323 337 311 357 121 294 302 147 129 411 105 228 192 250 385 388 217 170 314 454 466 233 123 110 379 332 0 471 
560 436 430 0 515 421 223 569 452 299 0 440 393 100 369 252 309 239 166 515 556 503 323 337 311 357 121 294 302 147 129 411 105 228 192 250 385 388 217 170 314 454 466 233 123 110 379 332 216 471 
560 436 430 536 515 421 223 569 452 299 0 440 393 100 369 252 309 239 166 515 556 503 323 337 311 357 121 294 302 147 129 411 105 228 192 250 385 388 217 170 0 454 466 233 123 110 379 332 216 471 
259 161 497 175 221 418 377 343 472 262 440 0 0 297 341 534 259 356 135 433 137 244 480 344 379 108 576 282 298 134 315 176 328 268 266 186 192 152 270 223 398 339 480 232 185 365 207 244 348 383 
259 161 497 175 221 418 377 343 472 262 440 0 429 297 341 534 259 356 135 433 137 244 480 344 379 108 576 282 298 134 315 176 328 268 266 186 192 152 0 223 398 339 480 232 185 365 207 244 348 383 
259 161 497 175 221 418 377 343 472 262 440 0 429 297 341 534 259 356 135 433 137 244 480 344 379 108 576 282 298 134 315 176 328 268 266 186 192 152 270 223 398 339 480 232 185 365 207 244 348 0 
259 161 497 175 221 418 377 343 472 262 440 0 429 297 341 534 259 356 135 433 137 0 480 344 379 108 576 282 298 134 315 176 328 268 266 186 192 152 270 223 398 339 480 232 185 365 207 244 348 383 
259 161 497 175 221 418 377 343 472 262 440 0 429 297 341 534 259 356 135 433 137 244 480 344 379 108 576 282 298 134 315 176 328 268 266 186 192 152 270 223 398 339 480 232 185 365 0 244 348 383 
259 161 497 175 221 418 377 343 472 262 440 0 429 297 341 534 259 356 135 433 137 244 480 344 379 108 576 282 298 134 0 176 328 268 266 186 192 152 270 223 398 339 480 232 185 365 207 244 348 383 
293 262 0 202 301 439 307 348 271 122 393 429 0 157 387 299 265 172 497 419 375 402 247 521 223 487 437 191 138 447 315 210 177 221 570 248 182 350 209 270 484 583 225 138 463 241 391 186 186 131 
293 262 132 202 301 439 307 348 271 122 393 429 0 157 387 299 265 172 497 419 375 402 247 521 223 487 437 191 138 447 315 210 177 221 570 248 0 350 209 270 484 583 225 138 463 241 391 186 186 131 
293 262 132 202 301 439 307 348 271 122 393 429 0 157 387 299 265 172 497 419 375 0 247 521 223 487 437 191 138 447 315 210 177 221 570 248 182 350 209 270 484 583 225 138 463 241 391 186 186 131 
293 262 132 202 301 439 307 348 271 122 393 429 0 157 387 299 265 172 497 419 375 402 247 521 223 0 437 191 138 447 315 210 177 221 570 248 182 350 209 270 484 583 225 138 463 241 391 186 186 131 
293 262 132 202 301 439 307 348 271 122 393 429 0 157 387 299 265 172 497 419 375 402 247 521 223 487 437 191 138 447 315 210 177 221 570 248 182 350 209 270 484 583 225 138 463 241 391 186 0 131 
169 218 515 409 344 563 479 191 170 349 100 297 157 0 174 465 540 0 534 443 269 567 419 437 102 208 234 251 431 108 250 114 570 532 495 110 594 189 313 524 409 299 279 238 398 509 419 404 167 324 
169 218 515 409 344 563 479 191 170 349 100 297 157 0 174 465 540 351 534 443 269 567 419 437 102 208 234 251 431 108 250 114 570 0 495 110 594 189 313 524 409 299 279 238 398 509 419 404 167 324 
169 218 515 409 344 563 479 191 170 0 100 297 157 0 174 465 540 351 534 443 269 567 419 437 102 208 234 251 431 108 250 114 570 532 495 110 594 189 313 524 409 299 279 238 398 509 419 404 167 324 
169 218 515 409 344 563 479 191 170 349 100 297 157 0 174 465 540 351 534 443 269 567 419 437 102 208 234 251 0 108 250 114 570 532 495 110 594 189 313 524 409 299 279 238 398 509 419 404 167 324 
169 218 0 409 344 563 479 191 170 349 100 297 157 0 174 465 540 351 534 443 269 567 419 437 102 208 234 251 431 108 250 114 570 532 495 110 594 189 313 524 409 299 279 238 398 509 419 404 167 324 
169 218 515 409 344 563 479 191 170 349 100 297 157 0 174 465 540 351 534 443 269 567 419 437 102 208 234 251 431 108 250 114 570 532 495 110 594 189 0 524 409 299 279 238 398 509 419 404 167 324 
313 455 192 526 309 557 490 335 362 243 369 341 387 174 0 147 515 112 331 458 529 214 484 289 320 387 581 152 439 257 183 473 303 490 376 224 388 392 164 0 404 402 325 468 125 168 271 254 434 495 
313 455 192 526 309 557 490 335 362 243 369 341 387 174 0 147 515 112 331 458 0 214 484 289 320 387 581 152 439 257 183 473 303 490 376 224 388 392 164 490 404 402 325 468 125 168 271 254 434 495 
313 455 192 526 309 557 490 335 362 243 369 341 387 174 0 147 515 112 331 458 529 214 484 289 320 387 581 152 439 0 183 473 303 490 376 224 388 392 164 490 404 402 325 468 125 168 271 254 434 495 
313 455 192 526 309 557 490 335 362 243 369 341 387 174 0 147 515 112 331 458 529 214 484 289 320 387 581 152 439 257 183 473 303 490 0 224 388 392 164 490 404 402 325 468 125 168 271 254 434 495 
313 455 192 526 309 557 490 335 362 243 369 341 387 174 0 147 515 112 331 458 529 214 484 289 320 387 581 152 439 257 183 473 303 490 376 224 388 392 164 490 404 402 325 468 0 168 271 254 434 495 
514 101 219 425 471 102 423 148 565 169 252 534 299 465 147 0 290 502 408 301 541 567 455 212 589 344 437 285 288 263 532 389 232 394 328 376 266 365 235 182 399 449 0 331 121 357 119 107 365 251 
514 101 219 425 471 102 423 148 565 0 252 534 299 465 147 0 290 502 408 301 541 567 455 212 589 344 437 285 288 263 532 389 232 394 328 376 266 365 235 182 399 449 400 331 121 357 119 107 365 251 
514 101 219 425 0 102 423 148 565 169 252 534 299 465 147 0 290 502 408 301 541 567 455 212 589 344 437 285 288 263 532 389 232 394 328 376 266 365 235 182 399 449 400 331 121 357 119 107 365 251 
514 101 219 425 471 102 0 148 565 169 252 534 299 465 147 0 290 502 408 301 541 567 455 212 589 344 437 285 288 263 532 389 232 394 328 376 266 365 235 182 399 449 400 331 121 357 119 107 365 251 
149 120 289 548 249 232 149 267 317 290 309 259 265 540 515 290 0 478 527 562 481 342 215 255 567 506 393 453 394 362 315 594 143 140 0 138 198 295 202 200 353 112 313 239 429 386 111 264 273 359 
149 120 289 548 249 232 149 267 317 290 0 259 265 540 515 290 0 478 527 562 481 342 215 255 567 506 393 453 394 362 315 594 143 140 493 138 198 295 202 200 353 112 313 239 429 386 111 264 273 359 
149 120 289 548 249 232 149 267 317 0 309 259 265 540 515 290 0 478 527 562 481 342 215 255 567 506 393 453 394 362 315 594 143 140 493 138 198 295 202 200 353 112 313 239 429 386 111 264 273 359 
149 120 289 548 249 232 0 267 317 290 309 259 265 540 515 290 0 478 527 562 481 342 215 255 567 506 393 453 394 362 315 594 143 140 493 138 198 295 202 200 353 112 313 239 429 386 111 264 273 359 
314 358 124 280 407 532 268 105 162 310 239 356 172 351 112 502 478 0 196 495 306 545 432 468 147 171 165 415 0 300 519 230 543 282 351 424 197 496 105 156 566 247 268 535 460 191 200 445 495 446 
314 358 124 280 0 532 268 105 162 310 239 356 172 351 112 502 478 0 196 495 306 545 432 468 147 171 165 415 197 300 519 230 543 282 351 424 197 496 105 156 566 247 268 535 460 191 200 445 495 446 
314 358 124 280 407 532 268 105 162 310 239 356 172 351 112 502 478 0 196 495 306 0 432 468 147 171 165 415 197 300 519 230 543 282 351 424 197 496 105 156 566 247 268 535 460 191 200 445 495 446 
314 358 124 280 407 532 0 105 162 310 239 356 172 351 112 502 478 0 196 495 306 545 432 468 147 171 165 415 197 300 519 230 543 282 351 424 197 496 105 156 566 247 268 535 460 191 200 445 495 446 
314 358 124 280 407 532 268 105 162 310 239 356 172 351 112 502 478 0 196 495 306 545 0 468 147 171 165 415 197 300 519 230 543 282 351 424 197 496 105 156 566 247 268 535 460 191 200 445 495 446 
314 358 124 280 407 532 268 105 162 310 239 356 172 351 112 502 478 0 196 495 306 545 432 468 147 171 165 415 197 0 519 230 543 282 351 424 197 496 105 156 566 247 268 535 460 191 200 445 495 446 
325 176 530 566 399 528 236 276 504 125 166 135 497 534 331 408 527 196 0 421 355 451 530 494 427 201 576 0 403 432 270 502 263 257 184 547 305 276 247 311 550 570 107 190 379 425 307 510 499 139 
325 176 530 566 399 528 236 276 504 0 166 135 497 534 331 408 527 196 0 421 355 451 530 494 427 201 576 577 403 432 270 502 263 257 184 547 305 276 247 311 550 570 107 190 379 425 307 510 499 139 
325 176 530 566 399 528 236 276 504 125 166 135 0 534 331 408 527 196 0 421 355 451 530 494 427 201 576 577 403 432 270 502 263 257 184 547 305 276 247 311 550 570 107 190 379 425 307 510 499 139 
325 176 530 566 399 528 236 276 504 125 166 135 497 534 331 408 527 196 0 421 355 451 530 494 427 201 576 577 403 432 0 502 263 257 184 547 305 276 247 311 550 570 107 190 379 425 307 510 499 139 
325 176 530 566 399 528 236 276 504 125 166 135 497 534 331 408 527 196 0 421 355 451 530 494 427 201 576 577 403 432 270 502 263 257 184 547 305 276 247 311 550 570 107 190 379 425 307 510 499 0 
325 176 530 566 399 528 236 276 504 125 166 135 0 534 331 408 527 196 0 421 355 451 530 494 427 201 576 577 403 432 270 502 263 257 184 547 305 276 247 311 550 570 107 190 379 425 307 510 499 139 
402 479 595 281 547 475 195 249 371 575 515 433 419 443 458 301 562 495 421 0 568 124 468 275 471 162 122 256 0 458 447 412 152 491 290 291 115 347 191 134 343 282 419 326 113 418 541 137 513 353 
